" chongzhi1"

"Time      "	".JOINT_qianhou.Element_Force.Mag"
0.000000e+00	4.212966e+01
1.000000e-04	1.361473e+01
2.000000e-04	2.373312e+01
3.000000e-04	2.878944e+01
4.000000e-04	3.156170e+01
5.000000e-04	3.329613e+01
6.000000e-04	3.450269e+01
7.000000e-04	3.539550e+01
8.000000e-04	3.608480e+01
9.000000e-04	3.663239e+01
1.000000e-03	3.707876e+01
1.100000e-03	3.744987e+01
1.200000e-03	3.776376e+01
1.300000e-03	3.803213e+01
1.400000e-03	3.826516e+01
1.500000e-03	3.846941e+01
1.600000e-03	3.865000e+01
1.700000e-03	3.881058e+01
1.800000e-03	3.895469e+01
1.900000e-03	3.908500e+01
2.000000e-03	3.920300e+01
2.100000e-03	3.931048e+01
2.200000e-03	3.940905e+01
2.300000e-03	3.949960e+01
2.400000e-03	3.958314e+01
2.500000e-03	3.966062e+01
2.600000e-03	3.973250e+01
2.700000e-03	3.979948e+01
2.800000e-03	3.986208e+01
2.900000e-03	3.992073e+01
3.000000e-03	3.997567e+01
3.100000e-03	4.002742e+01
3.200000e-03	4.007625e+01
3.300000e-03	4.012165e+01
3.400000e-03	4.016493e+01
3.500000e-03	4.020607e+01
3.600000e-03	4.024513e+01
3.700000e-03	4.028224e+01
3.800000e-03	4.031757e+01
3.900000e-03	4.035124e+01
4.000000e-03	4.038335e+01
4.100000e-03	4.041401e+01
4.200000e-03	4.044334e+01
4.300000e-03	4.047143e+01
4.400000e-03	4.049835e+01
4.500000e-03	4.052375e+01
4.600000e-03	4.054884e+01
4.700000e-03	4.057230e+01
4.800000e-03	4.059556e+01
4.900000e-03	4.061763e+01
5.000000e-03	4.063885e+01
5.100000e-03	4.065935e+01
5.200000e-03	4.067905e+01
5.300000e-03	4.069813e+01
5.400000e-03	4.071655e+01
5.500000e-03	4.073435e+01
5.600000e-03	4.075160e+01
5.700000e-03	4.076828e+01
5.800000e-03	4.078439e+01
5.900000e-03	4.080002e+01
6.000000e-03	4.081516e+01
6.100000e-03	4.082985e+01
6.200000e-03	4.084409e+01
6.300000e-03	4.085792e+01
6.400000e-03	4.087135e+01
6.500000e-03	4.088438e+01
6.600000e-03	4.089707e+01
6.700000e-03	4.090938e+01
6.800000e-03	4.092137e+01
6.900000e-03	4.093302e+01
7.000000e-03	4.094436e+01
7.100000e-03	4.095520e+01
7.200000e-03	4.096591e+01
7.300000e-03	4.097637e+01
7.400000e-03	4.098653e+01
7.500000e-03	4.099646e+01
7.600000e-03	4.100612e+01
7.700000e-03	4.101555e+01
7.800000e-03	4.102473e+01
7.900000e-03	4.103369e+01
8.000000e-03	4.104243e+01
8.100000e-03	4.105095e+01
8.200000e-03	4.105928e+01
8.300000e-03	4.106739e+01
8.400000e-03	4.107533e+01
8.500000e-03	4.108306e+01
8.600000e-03	4.109062e+01
8.700000e-03	4.109800e+01
8.800000e-03	4.110521e+01
8.900000e-03	4.111226e+01
9.000000e-03	4.111913e+01
9.100000e-03	4.112586e+01
9.200000e-03	4.113242e+01
9.300000e-03	4.113884e+01
9.400000e-03	4.114511e+01
9.500000e-03	4.115155e+01
9.600000e-03	4.115759e+01
9.700000e-03	4.116346e+01
9.800000e-03	4.116922e+01
9.900000e-03	4.117482e+01
1.000000e-02	4.118032e+01
1.010000e-02	4.118568e+01
1.020000e-02	4.119094e+01
1.030000e-02	4.119606e+01
1.040000e-02	4.120108e+01
1.050000e-02	4.120599e+01
1.060000e-02	4.121078e+01
1.070000e-02	4.121527e+01
1.080000e-02	4.121981e+01
1.090000e-02	4.122428e+01
1.100000e-02	4.122864e+01
1.110000e-02	4.123291e+01
1.120000e-02	4.123708e+01
1.130000e-02	4.124115e+01
1.140000e-02	4.124527e+01
1.150000e-02	4.124918e+01
1.160000e-02	4.125300e+01
1.170000e-02	4.125671e+01
1.180000e-02	4.126034e+01
1.190000e-02	4.126389e+01
1.200000e-02	4.126738e+01
1.210000e-02	4.127082e+01
1.220000e-02	4.127409e+01
1.230000e-02	4.127743e+01
1.240000e-02	4.128070e+01
1.250000e-02	4.128393e+01
1.260000e-02	4.128710e+01
1.270000e-02	4.129022e+01
1.280000e-02	4.129329e+01
1.290000e-02	4.129631e+01
1.300000e-02	4.129931e+01
1.310000e-02	4.130223e+01
1.320000e-02	4.130513e+01
1.330000e-02	4.130798e+01
1.340000e-02	4.131079e+01
1.350000e-02	4.131356e+01
1.360000e-02	4.131629e+01
1.370000e-02	4.131898e+01
1.380000e-02	4.132162e+01
1.390000e-02	4.132424e+01
1.400000e-02	4.132681e+01
1.410000e-02	4.132935e+01
1.420000e-02	4.133185e+01
1.430000e-02	4.133432e+01
1.440000e-02	4.133675e+01
1.450000e-02	4.133915e+01
1.460000e-02	4.134152e+01
1.470000e-02	4.134385e+01
1.480000e-02	4.134616e+01
1.490000e-02	4.134842e+01
1.500000e-02	4.135066e+01
1.510000e-02	4.135287e+01
1.520000e-02	4.135505e+01
1.530000e-02	4.135720e+01
1.540000e-02	4.135931e+01
1.550000e-02	4.136141e+01
1.560000e-02	4.136346e+01
1.570000e-02	4.136550e+01
1.580000e-02	4.136751e+01
1.590000e-02	4.136954e+01
1.600000e-02	4.137150e+01
1.610000e-02	4.137343e+01
1.620000e-02	4.137534e+01
1.630000e-02	4.137721e+01
1.640000e-02	4.137907e+01
1.650000e-02	4.138089e+01
1.660000e-02	4.138270e+01
1.670000e-02	4.138447e+01
1.680000e-02	4.138623e+01
1.690000e-02	4.138797e+01
1.700000e-02	4.138968e+01
1.710000e-02	4.139140e+01
1.720000e-02	4.139307e+01
1.730000e-02	4.139476e+01
1.740000e-02	4.139641e+01
1.750000e-02	4.139807e+01
1.760000e-02	4.139970e+01
1.770000e-02	4.140132e+01
1.780000e-02	4.140293e+01
1.790000e-02	4.140451e+01
1.800000e-02	4.140611e+01
1.810000e-02	4.140767e+01
1.820000e-02	4.140923e+01
1.830000e-02	4.141077e+01
1.840000e-02	4.141231e+01
1.850000e-02	4.141383e+01
1.860000e-02	4.141534e+01
1.870000e-02	4.141685e+01
1.880000e-02	4.141833e+01
1.890000e-02	4.141982e+01
1.900000e-02	4.142128e+01
1.910000e-02	4.142275e+01
1.920000e-02	4.142420e+01
1.930000e-02	4.142564e+01
1.940000e-02	4.142707e+01
1.950000e-02	4.142849e+01
1.960000e-02	4.142991e+01
1.970000e-02	4.143131e+01
1.980000e-02	4.143271e+01
1.990000e-02	4.143410e+01
2.000000e-02	4.143548e+01
2.010000e-02	4.143685e+01
2.020000e-02	4.143822e+01
2.030000e-02	4.143958e+01
2.040000e-02	4.144092e+01
2.050000e-02	4.144227e+01
2.060000e-02	4.144360e+01
2.070000e-02	4.144494e+01
2.080000e-02	4.144625e+01
2.090000e-02	4.144757e+01
2.100000e-02	4.144888e+01
2.110000e-02	4.145018e+01
2.120000e-02	4.145149e+01
2.130000e-02	4.145277e+01
2.140000e-02	4.145406e+01
2.150000e-02	4.145533e+01
2.160000e-02	4.145661e+01
2.170000e-02	4.145788e+01
2.180000e-02	4.145914e+01
2.190000e-02	4.146040e+01
2.200000e-02	4.146165e+01
2.210000e-02	4.146290e+01
2.220000e-02	4.146413e+01
2.230000e-02	4.146538e+01
2.240000e-02	4.146660e+01
2.250000e-02	4.146783e+01
2.260000e-02	4.146905e+01
2.270000e-02	4.147027e+01
2.280000e-02	4.147148e+01
2.290000e-02	4.147268e+01
2.300000e-02	4.147389e+01
2.310000e-02	4.147507e+01
2.320000e-02	4.147627e+01
2.330000e-02	4.147745e+01
2.340000e-02	4.147864e+01
2.350000e-02	4.147981e+01
2.360000e-02	4.148098e+01
2.370000e-02	4.148216e+01
2.380000e-02	4.148331e+01
2.390000e-02	4.148448e+01
2.400000e-02	4.148562e+01
2.410000e-02	4.148677e+01
2.420000e-02	4.148791e+01
2.430000e-02	4.148905e+01
2.440000e-02	4.149019e+01
2.450000e-02	4.149130e+01
2.460000e-02	4.149244e+01
2.470000e-02	4.149354e+01
2.480000e-02	4.149466e+01
2.490000e-02	4.149576e+01
2.500000e-02	4.149687e+01
2.510000e-02	4.149796e+01
2.520000e-02	4.149905e+01
2.530000e-02	4.150014e+01
2.540000e-02	4.150121e+01
2.550000e-02	4.150229e+01
2.560000e-02	4.150335e+01
2.570000e-02	4.150442e+01
2.580000e-02	4.150548e+01
2.590000e-02	4.150653e+01
2.600000e-02	4.150757e+01
2.610000e-02	4.150861e+01
2.620000e-02	4.150965e+01
2.630000e-02	4.151067e+01
2.640000e-02	4.151170e+01
2.650000e-02	4.151271e+01
2.660000e-02	4.151373e+01
2.670000e-02	4.151473e+01
2.680000e-02	4.151573e+01
2.690000e-02	4.151673e+01
2.700000e-02	4.151771e+01
2.710000e-02	4.151871e+01
2.720000e-02	4.151967e+01
2.730000e-02	4.152065e+01
2.740000e-02	4.152161e+01
2.750000e-02	4.152258e+01
2.760000e-02	4.152353e+01
2.770000e-02	4.152448e+01
2.780000e-02	4.152543e+01
2.790000e-02	4.152636e+01
2.800000e-02	4.152731e+01
2.810000e-02	4.152823e+01
2.820000e-02	4.152916e+01
2.830000e-02	4.153008e+01
2.840000e-02	4.153100e+01
2.850000e-02	4.153191e+01
2.860000e-02	4.153282e+01
2.870000e-02	4.153373e+01
2.880000e-02	4.153462e+01
2.890000e-02	4.153553e+01
2.900000e-02	4.153642e+01
2.910000e-02	4.153731e+01
2.920000e-02	4.153819e+01
2.930000e-02	4.153908e+01
2.940000e-02	4.153996e+01
2.950000e-02	4.154083e+01
2.960000e-02	4.154171e+01
2.970000e-02	4.154257e+01
2.980000e-02	4.154345e+01
2.990000e-02	4.154430e+01
3.000000e-02	4.154516e+01
3.010000e-02	4.154602e+01
3.020000e-02	4.154687e+01
3.030000e-02	4.154773e+01
3.040000e-02	4.154856e+01
3.050000e-02	4.154942e+01
3.060000e-02	4.155024e+01
3.070000e-02	4.155109e+01
3.080000e-02	4.155192e+01
3.090000e-02	4.155275e+01
3.100000e-02	4.155358e+01
3.110000e-02	4.155440e+01
3.120000e-02	4.155523e+01
3.130000e-02	4.155604e+01
3.140000e-02	4.155686e+01
3.150000e-02	4.155767e+01
3.160000e-02	4.155849e+01
3.170000e-02	4.155929e+01
3.180000e-02	4.156010e+01
3.190000e-02	4.156090e+01
3.200000e-02	4.156169e+01
3.210000e-02	4.156250e+01
3.220000e-02	4.156328e+01
3.230000e-02	4.156408e+01
3.240000e-02	4.156485e+01
3.250000e-02	4.156564e+01
3.260000e-02	4.156642e+01
3.270000e-02	4.156720e+01
3.280000e-02	4.156798e+01
3.290000e-02	4.156874e+01
3.300000e-02	4.156952e+01
3.310000e-02	4.157027e+01
3.320000e-02	4.157104e+01
3.330000e-02	4.157179e+01
3.340000e-02	4.157255e+01
3.350000e-02	4.157331e+01
3.360000e-02	4.157405e+01
3.370000e-02	4.157481e+01
3.380000e-02	4.157554e+01
3.390000e-02	4.157629e+01
3.400000e-02	4.157702e+01
3.410000e-02	4.157776e+01
3.420000e-02	4.157849e+01
3.430000e-02	4.157921e+01
3.440000e-02	4.157994e+01
3.450000e-02	4.158066e+01
3.460000e-02	4.158139e+01
3.470000e-02	4.158209e+01
3.480000e-02	4.158281e+01
3.490000e-02	4.158352e+01
3.500000e-02	4.158423e+01
3.510000e-02	4.158493e+01
3.520000e-02	4.158563e+01
3.530000e-02	4.158634e+01
3.540000e-02	4.158703e+01
3.550000e-02	4.158773e+01
3.560000e-02	4.158842e+01
3.570000e-02	4.158911e+01
3.580000e-02	4.158980e+01
3.590000e-02	4.159036e+01
3.600000e-02	4.159116e+01
3.610000e-02	4.159171e+01
3.620000e-02	4.159252e+01
3.630000e-02	4.159307e+01
3.640000e-02	4.159387e+01
3.650000e-02	4.159443e+01
3.660000e-02	4.159521e+01
3.670000e-02	4.159577e+01
3.680000e-02	4.159641e+01
3.690000e-02	4.159707e+01
3.700000e-02	4.159773e+01
3.710000e-02	4.159840e+01
3.720000e-02	4.159906e+01
3.730000e-02	4.159972e+01
3.740000e-02	4.160037e+01
3.750000e-02	4.160103e+01
3.760000e-02	4.160169e+01
3.770000e-02	4.160234e+01
3.780000e-02	4.160299e+01
3.790000e-02	4.160363e+01
3.800000e-02	4.160429e+01
3.810000e-02	4.160493e+01
3.820000e-02	4.160558e+01
3.830000e-02	4.160621e+01
3.840000e-02	4.160685e+01
3.850000e-02	4.160749e+01
3.860000e-02	4.160812e+01
3.870000e-02	4.160877e+01
3.880000e-02	4.160938e+01
3.890000e-02	4.161002e+01
3.900000e-02	4.161064e+01
3.910000e-02	4.161127e+01
3.920000e-02	4.161189e+01
3.930000e-02	4.161251e+01
3.940000e-02	4.161313e+01
3.950000e-02	4.161373e+01
3.960000e-02	4.161436e+01
3.970000e-02	4.161496e+01
3.980000e-02	4.161557e+01
3.990000e-02	4.161617e+01
4.000000e-02	4.161677e+01
4.010000e-02	4.161737e+01
4.020000e-02	4.161796e+01
4.030000e-02	4.161856e+01
4.040000e-02	4.161914e+01
4.050000e-02	4.161974e+01
4.060000e-02	4.162031e+01
4.070000e-02	4.162090e+01
4.080000e-02	4.162147e+01
4.090000e-02	4.162205e+01
4.100000e-02	4.162262e+01
4.110000e-02	4.162319e+01
4.120000e-02	4.162376e+01
4.130000e-02	4.162431e+01
4.140000e-02	4.162488e+01
4.150000e-02	4.162543e+01
4.160000e-02	4.162598e+01
4.170000e-02	4.162669e+01
4.180000e-02	4.162712e+01
4.190000e-02	4.162780e+01
4.200000e-02	4.162820e+01
4.210000e-02	4.162888e+01
4.220000e-02	4.162927e+01
4.230000e-02	4.162994e+01
4.240000e-02	4.163033e+01
4.250000e-02	4.163100e+01
4.260000e-02	4.163138e+01
4.270000e-02	4.163204e+01
4.280000e-02	4.163242e+01
4.290000e-02	4.163306e+01
4.300000e-02	4.163344e+01
4.310000e-02	4.163409e+01
4.320000e-02	4.163461e+01
4.330000e-02	4.163512e+01
4.340000e-02	4.163562e+01
4.350000e-02	4.163612e+01
4.360000e-02	4.163661e+01
4.370000e-02	4.163712e+01
4.380000e-02	4.163760e+01
4.390000e-02	4.163810e+01
4.400000e-02	4.163859e+01
4.410000e-02	4.163908e+01
4.420000e-02	4.163956e+01
4.430000e-02	4.164005e+01
4.440000e-02	4.164054e+01
4.450000e-02	4.164101e+01
4.460000e-02	4.164150e+01
4.470000e-02	4.164196e+01
4.480000e-02	4.164245e+01
4.490000e-02	4.164292e+01
4.500000e-02	4.164339e+01
4.510000e-02	4.164387e+01
4.520000e-02	4.164433e+01
4.530000e-02	4.164481e+01
4.540000e-02	4.164526e+01
4.550000e-02	4.164575e+01
4.560000e-02	4.164619e+01
4.570000e-02	4.164667e+01
4.580000e-02	4.164712e+01
4.590000e-02	4.164759e+01
4.600000e-02	4.164805e+01
4.610000e-02	4.164849e+01
4.620000e-02	4.164897e+01
4.630000e-02	4.164940e+01
4.640000e-02	4.164988e+01
4.650000e-02	4.165031e+01
4.660000e-02	4.165078e+01
4.670000e-02	4.165121e+01
4.680000e-02	4.165167e+01
4.690000e-02	4.165212e+01
4.700000e-02	4.165254e+01
4.710000e-02	4.165302e+01
4.720000e-02	4.165343e+01
4.730000e-02	4.165389e+01
4.740000e-02	4.165431e+01
4.750000e-02	4.165476e+01
4.760000e-02	4.165519e+01
4.770000e-02	4.165561e+01
4.780000e-02	4.165608e+01
4.790000e-02	4.165647e+01
4.800000e-02	4.165693e+01
4.810000e-02	4.165733e+01
4.820000e-02	4.165778e+01
4.830000e-02	4.165819e+01
4.840000e-02	4.165862e+01
4.850000e-02	4.165904e+01
4.860000e-02	4.165945e+01
4.870000e-02	4.165989e+01
4.880000e-02	4.166028e+01
4.890000e-02	4.166072e+01
4.900000e-02	4.166111e+01
4.910000e-02	4.166154e+01
4.920000e-02	4.166194e+01
4.930000e-02	4.166235e+01
4.940000e-02	4.166277e+01
4.950000e-02	4.166315e+01
4.960000e-02	4.166359e+01
4.970000e-02	4.166397e+01
4.980000e-02	4.166439e+01
4.990000e-02	4.166467e+01
5.000000e-02	4.166506e+01
5.010000e-02	4.166545e+01
5.020000e-02	4.166584e+01
5.030000e-02	4.166627e+01
5.040000e-02	4.166663e+01
5.050000e-02	4.166706e+01
5.060000e-02	4.166744e+01
5.070000e-02	4.166786e+01
5.080000e-02	4.166825e+01
5.090000e-02	4.166865e+01
5.100000e-02	4.166906e+01
5.110000e-02	4.166944e+01
5.120000e-02	4.166987e+01
5.130000e-02	4.167024e+01
5.140000e-02	4.167066e+01
5.150000e-02	4.167104e+01
5.160000e-02	4.167146e+01
5.170000e-02	4.167185e+01
5.180000e-02	4.167226e+01
5.190000e-02	4.167267e+01
5.200000e-02	4.167305e+01
5.210000e-02	4.167348e+01
5.220000e-02	4.167386e+01
5.230000e-02	4.167429e+01
5.240000e-02	4.167468e+01
5.250000e-02	4.167509e+01
5.260000e-02	4.167550e+01
5.270000e-02	4.167589e+01
5.280000e-02	4.167633e+01
5.290000e-02	4.167670e+01
5.300000e-02	4.167714e+01
5.310000e-02	4.167752e+01
5.320000e-02	4.167795e+01
5.330000e-02	4.167835e+01
5.340000e-02	4.167876e+01
5.350000e-02	4.167918e+01
5.360000e-02	4.167957e+01
5.370000e-02	4.168001e+01
5.380000e-02	4.168039e+01
5.390000e-02	4.168082e+01
5.400000e-02	4.168121e+01
5.410000e-02	4.168164e+01
5.420000e-02	4.168204e+01
5.430000e-02	4.168245e+01
5.440000e-02	4.168288e+01
5.450000e-02	4.168326e+01
5.460000e-02	4.168370e+01
5.470000e-02	4.168408e+01
5.480000e-02	4.168451e+01
5.490000e-02	4.168491e+01
5.500000e-02	4.168532e+01
5.510000e-02	4.168573e+01
5.520000e-02	4.168613e+01
5.530000e-02	4.168656e+01
5.540000e-02	4.168694e+01
5.550000e-02	4.168738e+01
5.560000e-02	4.168776e+01
5.570000e-02	4.168819e+01
5.580000e-02	4.168858e+01
5.590000e-02	4.168900e+01
5.600000e-02	4.168942e+01
5.610000e-02	4.168980e+01
5.620000e-02	4.169024e+01
5.630000e-02	4.169062e+01
5.640000e-02	4.169105e+01
5.650000e-02	4.169144e+01
5.660000e-02	4.169186e+01
5.670000e-02	4.169226e+01
5.680000e-02	4.169266e+01
5.690000e-02	4.169309e+01
5.700000e-02	4.169347e+01
5.710000e-02	4.169391e+01
5.720000e-02	4.169430e+01
5.730000e-02	4.169473e+01
5.740000e-02	4.169513e+01
5.750000e-02	4.169555e+01
5.760000e-02	4.169597e+01
5.770000e-02	4.169636e+01
5.780000e-02	4.169680e+01
5.790000e-02	4.169719e+01
5.800000e-02	4.169763e+01
5.810000e-02	4.169802e+01
5.820000e-02	4.169846e+01
5.830000e-02	4.169886e+01
5.840000e-02	4.169928e+01
5.850000e-02	4.169972e+01
5.860000e-02	4.170011e+01
5.870000e-02	4.170056e+01
5.880000e-02	4.170095e+01
5.890000e-02	4.170152e+01
5.900000e-02	4.170194e+01
5.910000e-02	4.170238e+01
5.920000e-02	4.170279e+01
5.930000e-02	4.170321e+01
5.940000e-02	4.170366e+01
5.950000e-02	4.170405e+01
5.960000e-02	4.170451e+01
5.970000e-02	4.170491e+01
5.980000e-02	4.170535e+01
5.990000e-02	4.170576e+01
6.000000e-02	4.170619e+01
6.010000e-02	4.170662e+01
6.020000e-02	4.170703e+01
6.030000e-02	4.170748e+01
6.040000e-02	4.170788e+01
6.050000e-02	4.170833e+01
6.060000e-02	4.170873e+01
6.070000e-02	4.170917e+01
6.080000e-02	4.170958e+01
6.090000e-02	4.171000e+01
6.100000e-02	4.171044e+01
6.110000e-02	4.171083e+01
6.120000e-02	4.171128e+01
6.130000e-02	4.171167e+01
6.140000e-02	4.171211e+01
6.150000e-02	4.171252e+01
6.160000e-02	4.171294e+01
6.170000e-02	4.171336e+01
6.180000e-02	4.171376e+01
6.190000e-02	4.171420e+01
6.200000e-02	4.171458e+01
6.210000e-02	4.171502e+01
6.220000e-02	4.171541e+01
6.230000e-02	4.171584e+01
6.240000e-02	4.171623e+01
6.250000e-02	4.171665e+01
6.260000e-02	4.171706e+01
6.270000e-02	4.171744e+01
6.280000e-02	4.171788e+01
6.290000e-02	4.171825e+01
6.300000e-02	4.171868e+01
6.310000e-02	4.171906e+01
6.320000e-02	4.171948e+01
6.330000e-02	4.171987e+01
6.340000e-02	4.172027e+01
6.350000e-02	4.172069e+01
6.360000e-02	4.172105e+01
6.370000e-02	4.172148e+01
6.380000e-02	4.172185e+01
6.390000e-02	4.172227e+01
6.400000e-02	4.172265e+01
6.410000e-02	4.172306e+01
6.420000e-02	4.172345e+01
6.430000e-02	4.172383e+01
6.440000e-02	4.172425e+01
6.450000e-02	4.172462e+01
6.460000e-02	4.172504e+01
6.470000e-02	4.172541e+01
6.480000e-02	4.172582e+01
6.490000e-02	4.172620e+01
6.500000e-02	4.172659e+01
6.510000e-02	4.172700e+01
6.520000e-02	4.172736e+01
6.530000e-02	4.172778e+01
6.540000e-02	4.172814e+01
6.550000e-02	4.172856e+01
6.560000e-02	4.172893e+01
6.570000e-02	4.172933e+01
6.580000e-02	4.172971e+01
6.590000e-02	4.173010e+01
6.600000e-02	4.173050e+01
6.610000e-02	4.173086e+01
6.620000e-02	4.173128e+01
6.630000e-02	4.173164e+01
6.640000e-02	4.173204e+01
6.650000e-02	4.173241e+01
6.660000e-02	4.173280e+01
6.670000e-02	4.173319e+01
6.680000e-02	4.173355e+01
6.690000e-02	4.173396e+01
6.700000e-02	4.173431e+01
6.710000e-02	4.173471e+01
6.720000e-02	4.173507e+01
6.730000e-02	4.173546e+01
6.740000e-02	4.173583e+01
6.750000e-02	4.173620e+01
6.760000e-02	4.173659e+01
6.770000e-02	4.173694e+01
6.780000e-02	4.173734e+01
6.790000e-02	4.173768e+01
6.800000e-02	4.173807e+01
6.810000e-02	4.173842e+01
6.820000e-02	4.173879e+01
6.830000e-02	4.173916e+01
6.840000e-02	4.173951e+01
6.850000e-02	4.173990e+01
6.860000e-02	4.174022e+01
6.870000e-02	4.174061e+01
6.880000e-02	4.174095e+01
6.890000e-02	4.174132e+01
6.900000e-02	4.174166e+01
6.910000e-02	4.174203e+01
6.920000e-02	4.174238e+01
6.930000e-02	4.174271e+01
6.940000e-02	4.174310e+01
6.950000e-02	4.174333e+01
6.960000e-02	4.174378e+01
6.970000e-02	4.174403e+01
6.980000e-02	4.174447e+01
6.990000e-02	4.174473e+01
7.000000e-02	4.174516e+01
7.010000e-02	4.174552e+01
7.020000e-02	4.174576e+01
7.030000e-02	4.174621e+01
7.040000e-02	4.174645e+01
7.050000e-02	4.174689e+01
7.060000e-02	4.174714e+01
7.070000e-02	4.174747e+01
7.080000e-02	4.174780e+01
7.090000e-02	4.174813e+01
7.100000e-02	4.174850e+01
7.110000e-02	4.174881e+01
7.120000e-02	4.174917e+01
7.130000e-02	4.174949e+01
7.140000e-02	4.174984e+01
7.150000e-02	4.175017e+01
7.160000e-02	4.175051e+01
7.170000e-02	4.175086e+01
7.180000e-02	4.175116e+01
7.190000e-02	4.175154e+01
7.200000e-02	4.175184e+01
7.210000e-02	4.175220e+01
7.220000e-02	4.175251e+01
7.230000e-02	4.175286e+01
7.240000e-02	4.175318e+01
7.250000e-02	4.175351e+01
7.260000e-02	4.175385e+01
7.270000e-02	4.175416e+01
7.280000e-02	4.175451e+01
7.290000e-02	4.175482e+01
7.300000e-02	4.175516e+01
7.310000e-02	4.175547e+01
7.320000e-02	4.175580e+01
7.330000e-02	4.175613e+01
7.340000e-02	4.175643e+01
7.350000e-02	4.175678e+01
7.360000e-02	4.175707e+01
7.370000e-02	4.175741e+01
7.380000e-02	4.175770e+01
7.390000e-02	4.175803e+01
7.400000e-02	4.175834e+01
7.410000e-02	4.175865e+01
7.420000e-02	4.175897e+01
7.430000e-02	4.175925e+01
7.440000e-02	4.175958e+01
7.450000e-02	4.175986e+01
7.460000e-02	4.176019e+01
7.470000e-02	4.176047e+01
7.480000e-02	4.176078e+01
7.490000e-02	4.176108e+01
7.500000e-02	4.176136e+01
7.510000e-02	4.176167e+01
7.520000e-02	4.176194e+01
7.530000e-02	4.176226e+01
7.540000e-02	4.176253e+01
7.550000e-02	4.176283e+01
7.560000e-02	4.176311e+01
7.570000e-02	4.176339e+01
7.580000e-02	4.176369e+01
7.590000e-02	4.176394e+01
7.600000e-02	4.176426e+01
7.610000e-02	4.176465e+01
7.620000e-02	4.176486e+01
7.630000e-02	4.176522e+01
7.640000e-02	4.176541e+01
7.650000e-02	4.176578e+01
7.660000e-02	4.176606e+01
7.670000e-02	4.176636e+01
7.680000e-02	4.176661e+01
7.690000e-02	4.176691e+01
7.700000e-02	4.176716e+01
7.710000e-02	4.176745e+01
7.720000e-02	4.176770e+01
7.730000e-02	4.176799e+01
7.740000e-02	4.176825e+01
7.750000e-02	4.176851e+01
7.760000e-02	4.176880e+01
7.770000e-02	4.176904e+01
7.780000e-02	4.176933e+01
7.790000e-02	4.176957e+01
7.800000e-02	4.176986e+01
7.810000e-02	4.177011e+01
7.820000e-02	4.177037e+01
7.830000e-02	4.177064e+01
7.840000e-02	4.177088e+01
7.850000e-02	4.177117e+01
7.860000e-02	4.177140e+01
7.864667e-02	4.435369e+02
7.867551e-02	7.494680e+04
7.870000e-02	3.923683e+04
7.872699e-02	3.740621e+04
7.875204e-02	3.545092e+04
7.877776e-02	3.404712e+04
7.880000e-02	3.361312e+04
7.883016e-02	3.382480e+04
7.885532e-02	3.421650e+04
7.888033e-02	3.361515e+04
7.890000e-02	3.419083e+04
7.892504e-02	3.356384e+04
7.895007e-02	3.265817e+04
7.897604e-02	3.166449e+04
7.900000e-02	3.085976e+04
7.910000e-02	2.849400e+04
7.920000e-02	2.561535e+04
7.930000e-02	2.361445e+04
7.940000e-02	2.229884e+04
7.950000e-02	2.066968e+04
7.960000e-02	1.915087e+04
7.970000e-02	1.796475e+04
7.980000e-02	1.676373e+04
7.990000e-02	1.556388e+04
8.000000e-02	1.454023e+04
8.010000e-02	1.365881e+04
8.020000e-02	1.282036e+04
8.030000e-02	1.202186e+04
8.040000e-02	1.132544e+04
8.050000e-02	1.064284e+04
8.060000e-02	1.000809e+04
8.070000e-02	9.389694e+03
8.080000e-02	8.798728e+03
8.090000e-02	8.247106e+03
8.100000e-02	7.738482e+03
8.110000e-02	7.269164e+03
8.120000e-02	6.836031e+03
8.130000e-02	6.437315e+03
8.140000e-02	6.072053e+03
8.150000e-02	5.737416e+03
8.160000e-02	5.429426e+03
8.170000e-02	5.141174e+03
8.180000e-02	4.870467e+03
8.190000e-02	4.614496e+03
8.200000e-02	4.369750e+03
8.210000e-02	4.125802e+03
8.220000e-02	3.904132e+03
8.230000e-02	3.694170e+03
8.240000e-02	3.494295e+03
8.250000e-02	3.306295e+03
8.260000e-02	3.130556e+03
8.270000e-02	2.967059e+03
8.280000e-02	2.815950e+03
8.290000e-02	2.676774e+03
8.300000e-02	2.549348e+03
8.310000e-02	2.432859e+03
8.320000e-02	2.326520e+03
8.330000e-02	2.229613e+03
8.340000e-02	2.140925e+03
8.350000e-02	2.059566e+03
8.360000e-02	1.984538e+03
8.370000e-02	1.914826e+03
8.380000e-02	1.849626e+03
8.390000e-02	1.788019e+03
8.400000e-02	1.729387e+03
8.410000e-02	1.673315e+03
8.420000e-02	1.619379e+03
8.430000e-02	1.567370e+03
8.440000e-02	1.517085e+03
8.450000e-02	1.468442e+03
8.460000e-02	1.421397e+03
8.470000e-02	1.375977e+03
8.480000e-02	1.332235e+03
8.490000e-02	1.290249e+03
8.500000e-02	1.250441e+03
8.510000e-02	1.212006e+03
8.520000e-02	1.175980e+03
8.530000e-02	1.141250e+03
8.540000e-02	1.109766e+03
8.550000e-02	1.078412e+03
8.560000e-02	1.052376e+03
8.570000e-02	1.022873e+03
8.580000e-02	1.005016e+03
8.590000e-02	9.767699e+02
8.600000e-02	9.602462e+02
8.610000e-02	9.403082e+02
8.620000e-02	9.248496e+02
8.630000e-02	9.097570e+02
8.640000e-02	8.969760e+02
8.650000e-02	8.853273e+02
8.660000e-02	8.752667e+02
8.670000e-02	8.663408e+02
8.680000e-02	8.585920e+02
8.690000e-02	8.517677e+02
8.700000e-02	8.457784e+02
8.710000e-02	8.404351e+02
8.720000e-02	8.356097e+02
8.730000e-02	8.311448e+02
8.740000e-02	8.269142e+02
8.750000e-02	8.227915e+02
8.760000e-02	8.186756e+02
8.770000e-02	8.144786e+02
8.780000e-02	8.101364e+02
8.790000e-02	8.056057e+02
8.800000e-02	8.008632e+02
8.810000e-02	7.959075e+02
8.820000e-02	7.907523e+02
8.830000e-02	7.854283e+02
8.840000e-02	7.799753e+02
8.850000e-02	7.744422e+02
8.860000e-02	7.688803e+02
8.870000e-02	7.633414e+02
8.880000e-02	7.578765e+02
8.890000e-02	7.525288e+02
8.900000e-02	7.473397e+02
8.910000e-02	7.423399e+02
8.920000e-02	7.375573e+02
8.930000e-02	7.330114e+02
8.940000e-02	7.287188e+02
8.950000e-02	7.246922e+02
8.960000e-02	7.209418e+02
8.970000e-02	7.174795e+02
8.980000e-02	7.143147e+02
8.990000e-02	7.114617e+02
9.000000e-02	7.089332e+02
9.010000e-02	7.067460e+02
9.020000e-02	7.049165e+02
9.030000e-02	7.034607e+02
9.040000e-02	7.023950e+02
9.050000e-02	7.017296e+02
9.060000e-02	7.014731e+02
9.070000e-02	7.016238e+02
9.080000e-02	7.021750e+02
9.090000e-02	7.031076e+02
9.100000e-02	7.043938e+02
9.110000e-02	7.059947e+02
9.120000e-02	7.078596e+02
9.130000e-02	7.099311e+02
9.140000e-02	7.121412e+02
9.150000e-02	7.144189e+02
9.160000e-02	7.166891e+02
9.170000e-02	7.188778e+02
9.180000e-02	7.209147e+02
9.190000e-02	7.227357e+02
9.200000e-02	7.242880e+02
9.210000e-02	7.255286e+02
9.220000e-02	7.264310e+02
9.230000e-02	7.269620e+02
9.240000e-02	7.271632e+02
9.250000e-02	7.270302e+02
9.260000e-02	7.265903e+02
9.270000e-02	7.258828e+02
9.280000e-02	7.249489e+02
9.290000e-02	7.238392e+02
9.300000e-02	7.225989e+02
9.310000e-02	7.212772e+02
9.320000e-02	7.199126e+02
9.330000e-02	7.185432e+02
9.340000e-02	7.171946e+02
9.350000e-02	7.158883e+02
9.360000e-02	7.146364e+02
9.370000e-02	7.134443e+02
9.380000e-02	7.123136e+02
9.390000e-02	7.112397e+02
9.400000e-02	7.102190e+02
9.410000e-02	7.092446e+02
9.420000e-02	7.083142e+02
9.430000e-02	7.074256e+02
9.440000e-02	7.065822e+02
9.450000e-02	7.057912e+02
9.460000e-02	7.050631e+02
9.470000e-02	7.044140e+02
9.480000e-02	7.038602e+02
9.490000e-02	7.034219e+02
9.500000e-02	7.031162e+02
9.510000e-02	7.029603e+02
9.520000e-02	7.029650e+02
9.530000e-02	7.031363e+02
9.540000e-02	7.034729e+02
9.550000e-02	7.039642e+02
9.560000e-02	7.045931e+02
9.570000e-02	7.053323e+02
9.580000e-02	7.061495e+02
9.590000e-02	7.070054e+02
9.600000e-02	7.078586e+02
9.610000e-02	7.086671e+02
9.620000e-02	7.093891e+02
9.630000e-02	7.099909e+02
9.640000e-02	7.104415e+02
9.650000e-02	7.107236e+02
9.660000e-02	7.108261e+02
9.670000e-02	7.107525e+02
9.680000e-02	7.105152e+02
9.690000e-02	7.101373e+02
9.700000e-02	7.096519e+02
9.710000e-02	7.090959e+02
9.720000e-02	7.085133e+02
9.730000e-02	7.079463e+02
9.740000e-02	7.074380e+02
9.750000e-02	7.070242e+02
9.760000e-02	7.067366e+02
9.770000e-02	7.065958e+02
9.780000e-02	7.066137e+02
9.790000e-02	7.067918e+02
9.800000e-02	7.071199e+02
9.810000e-02	7.075803e+02
9.820000e-02	7.081452e+02
9.830000e-02	7.087830e+02
9.840000e-02	7.094570e+02
9.850000e-02	7.101301e+02
9.860000e-02	7.107677e+02
9.870000e-02	7.113371e+02
9.880000e-02	7.118149e+02
9.890000e-02	7.121822e+02
9.900000e-02	7.124316e+02
9.910000e-02	7.125631e+02
9.920000e-02	7.125860e+02
9.930000e-02	7.125174e+02
9.940000e-02	7.123791e+02
9.950000e-02	7.121990e+02
9.960000e-02	7.120026e+02
9.970000e-02	7.118181e+02
9.980000e-02	7.116667e+02
9.990000e-02	7.115663e+02
1.000000e-01	6.668672e+02
1.001000e-01	6.297122e+02
1.002000e-01	5.926843e+02
1.003000e-01	5.577850e+02
1.004000e-01	5.251157e+02
1.005000e-01	4.945017e+02
1.006000e-01	4.658081e+02
1.007000e-01	4.388418e+02
1.008000e-01	4.135102e+02
1.009000e-01	3.896823e+02
1.010000e-01	3.672651e+02
1.011000e-01	3.461591e+02
1.012000e-01	3.262820e+02
1.013000e-01	3.075543e+02
1.014000e-01	2.899062e+02
1.015000e-01	2.732726e+02
1.016000e-01	2.575946e+02
1.017000e-01	2.428176e+02
1.018000e-01	2.288918e+02
1.019000e-01	2.157699e+02
1.020000e-01	2.034100e+02
1.021000e-01	1.917702e+02
1.022000e-01	1.808140e+02
1.023000e-01	1.705044e+02
1.024000e-01	1.608085e+02
1.025000e-01	1.516934e+02
1.026000e-01	1.431293e+02
1.027000e-01	1.350864e+02
1.028000e-01	1.275376e+02
1.029000e-01	1.204554e+02
1.030000e-01	1.138158e+02
1.031000e-01	1.075921e+02
1.032000e-01	1.017649e+02
1.033000e-01	9.630599e+01
1.034000e-01	9.120339e+01
1.035000e-01	8.643689e+01
1.036000e-01	8.197217e+01
1.037000e-01	7.779991e+01
1.038000e-01	7.390283e+01
1.039000e-01	7.026402e+01
1.040000e-01	6.686785e+01
1.041000e-01	6.369930e+01
1.042000e-01	6.074372e+01
1.043000e-01	5.798861e+01
1.044000e-01	5.541930e+01
1.045000e-01	5.302665e+01
1.046000e-01	5.079545e+01
1.047000e-01	4.871926e+01
1.048000e-01	4.678339e+01
1.049000e-01	4.498216e+01
1.050000e-01	4.330188e+01
1.051000e-01	4.173990e+01
1.052000e-01	4.028480e+01
1.053000e-01	3.893007e+01
1.054000e-01	3.766651e+01
1.055000e-01	3.649108e+01
1.056000e-01	3.539678e+01
1.057000e-01	3.437734e+01
1.058000e-01	3.342635e+01
1.059000e-01	3.254030e+01
1.060000e-01	3.171077e+01
1.061000e-01	3.093734e+01
1.062000e-01	1.733660e+02
1.063000e-01	9.706385e+02
1.063850e-01	1.392404e+03
1.064000e-01	1.462057e+03
1.064300e-01	1.619736e+03
1.065000e-01	1.805532e+03
1.066000e-01	1.420000e+03
1.066643e-01	1.180288e+03
1.067000e-01	9.202993e+02
1.067714e-01	2.866509e+02
1.068000e-01	8.743627e+01
1.068572e-01	8.161261e+00
1.069000e-01	6.465022e+00
1.069850e-01	6.727975e+00
1.070000e-01	6.275215e+00
1.070300e-01	6.211924e+00
1.070563e-01	1.499918e+00
1.070814e-01	5.704735e+00
1.071000e-01	7.815304e+00
1.071251e-01	3.163653e+01
1.071501e-01	1.221115e+02
1.071752e-01	7.992386e+00
1.072000e-01	9.231863e+00
1.072260e-01	9.909853e+00
1.072542e-01	1.173810e+01
1.072819e-01	1.376085e+01
1.073000e-01	1.478911e+01
1.073285e-01	1.622182e+01
1.073623e-01	1.780725e+01
1.073921e-01	1.913106e+01
1.074000e-01	1.937496e+01
1.075000e-01	2.268723e+01
1.076000e-01	2.484485e+01
1.077000e-01	2.594043e+01
1.078000e-01	2.610200e+01
1.078654e-01	2.547590e+01
1.079000e-01	2.550554e+01
1.080000e-01	2.438517e+01
1.081000e-01	2.286971e+01
1.082000e-01	2.113260e+01
1.083000e-01	1.924988e+01
1.083440e-01	1.816624e+01
1.084000e-01	1.757521e+01
1.085000e-01	1.559239e+01
1.086000e-01	1.387343e+01
1.087000e-01	1.228072e+01
1.088000e-01	1.083598e+01
1.089000e-01	9.539471e+00
1.090000e-01	8.385510e+00
1.091000e-01	7.331954e+00
1.092000e-01	6.465960e+00
1.093000e-01	5.769575e+00
1.094000e-01	5.161280e+00
1.095000e-01	4.665683e+00
1.096000e-01	4.270229e+00
1.097000e-01	3.959468e+00
1.098000e-01	3.700180e+00
1.098401e-01	3.441295e+00
1.099000e-01	3.376345e+00
1.100000e-01	3.340804e+00
1.101000e-01	3.540479e+00
1.101983e-01	3.706260e+00
1.102000e-01	1.569673e+00
1.102498e-01	3.665362e+00
1.102873e-01	3.716697e+00
1.103000e-01	3.739125e+00
1.103276e-01	3.769838e+00
1.103576e-01	3.801104e+00
1.103859e-01	3.827933e+00
1.104000e-01	3.844274e+00
1.104329e-01	3.874452e+00
1.104668e-01	3.904173e+00
1.105000e-01	3.932583e+00
1.105374e-01	3.963526e+00
1.105711e-01	3.991785e+00
1.106000e-01	4.016069e+00
1.106403e-01	4.049551e+00
1.106801e-01	4.082585e+00
1.107000e-01	4.098031e+00
1.107454e-01	4.134817e+00
1.107704e-01	4.148211e+00
1.108000e-01	4.195279e+00
1.108412e-01	4.214924e+00
1.109000e-01	4.259780e+00
1.110000e-01	4.338398e+00
1.111000e-01	4.416370e+00
1.112000e-01	4.493281e+00
1.113000e-01	4.570036e+00
1.114000e-01	4.646065e+00
1.115000e-01	4.721243e+00
1.116000e-01	4.795255e+00
1.117000e-01	4.868393e+00
1.118000e-01	4.941105e+00
1.119000e-01	5.012526e+00
1.120000e-01	5.082935e+00
1.121000e-01	5.152753e+00
1.122000e-01	5.221806e+00
1.123000e-01	5.289390e+00
1.124000e-01	5.355945e+00
1.125000e-01	5.421726e+00
1.126000e-01	5.486710e+00
1.127000e-01	5.550497e+00
1.128000e-01	5.613322e+00
1.129000e-01	5.675186e+00
1.130000e-01	5.735954e+00
1.131000e-01	5.795658e+00
1.132000e-01	5.854173e+00
1.133000e-01	5.911792e+00
1.134000e-01	5.968254e+00
1.135000e-01	6.023804e+00
1.136000e-01	6.077889e+00
1.137000e-01	6.130975e+00
1.138000e-01	6.182965e+00
1.139000e-01	6.233893e+00
1.140000e-01	6.283466e+00
1.141000e-01	6.331939e+00
1.142000e-01	6.379029e+00
1.143000e-01	6.425237e+00
1.144000e-01	6.470436e+00
1.145000e-01	6.513938e+00
1.146000e-01	6.556600e+00
1.147000e-01	6.597770e+00
1.148000e-01	6.637847e+00
1.149000e-01	6.676557e+00
1.150000e-01	6.714105e+00
1.151000e-01	6.750370e+00
1.152000e-01	6.785336e+00
1.153000e-01	6.819109e+00
1.154000e-01	6.851523e+00
1.155000e-01	6.882730e+00
1.156000e-01	6.912593e+00
1.157000e-01	6.941222e+00
1.158000e-01	6.968495e+00
1.159000e-01	6.994524e+00
1.160000e-01	7.019235e+00
1.161000e-01	7.042614e+00
1.162000e-01	7.064741e+00
1.163000e-01	7.085499e+00
1.164000e-01	7.105001e+00
1.165000e-01	7.123132e+00
1.166000e-01	7.140019e+00
1.167000e-01	7.155530e+00
1.168000e-01	7.169749e+00
1.169000e-01	7.182678e+00
1.170000e-01	7.194240e+00
1.171000e-01	7.204550e+00
1.172000e-01	7.213310e+00
1.173000e-01	7.221090e+00
1.174000e-01	7.227460e+00
1.175000e-01	7.232542e+00
1.176000e-01	7.236283e+00
1.177000e-01	7.238711e+00
1.178000e-01	7.239886e+00
1.179000e-01	7.239717e+00
1.179438e-01	1.866116e+01
1.179810e-01	1.213350e+02
1.180000e-01	2.345584e+02
1.180272e-01	2.618932e+03
1.181000e-01	7.297333e+00
1.182000e-01	7.270355e+00
1.183000e-01	7.218818e+00
1.184000e-01	7.223788e+00
1.185000e-01	7.211480e+00
1.186000e-01	7.203366e+00
1.187000e-01	7.194008e+00
1.188000e-01	7.181598e+00
1.189000e-01	7.168731e+00
1.190000e-01	7.154886e+00
1.191000e-01	7.139571e+00
1.192000e-01	7.123251e+00
1.193000e-01	7.105673e+00
1.194000e-01	7.086924e+00
1.195000e-01	7.066925e+00
1.196000e-01	7.045774e+00
1.197000e-01	7.023619e+00
1.198000e-01	7.000346e+00
1.198667e-01	6.984011e+00
1.199000e-01	6.975861e+00
1.200000e-01	6.950172e+00
1.201000e-01	6.923431e+00
1.202000e-01	6.895753e+00
1.203000e-01	6.866738e+00
1.204000e-01	6.836793e+00
1.205000e-01	6.805892e+00
1.206000e-01	6.773896e+00
1.207000e-01	6.740703e+00
1.208000e-01	6.706772e+00
1.209000e-01	6.671663e+00
1.210000e-01	6.635549e+00
1.211000e-01	6.466404e+00
1.212000e-01	6.591969e+00
1.213000e-01	6.523574e+00
1.214000e-01	6.479893e+00
1.215000e-01	6.446555e+00
1.216000e-01	6.397183e+00
1.217000e-01	6.355296e+00
1.218000e-01	6.315032e+00
1.219000e-01	6.270707e+00
1.220000e-01	6.221485e+00
1.221000e-01	5.387053e+01
1.222000e-01	2.300037e+01
1.223000e-01	9.163251e+00
1.224000e-01	5.127153e+00
1.225000e-01	4.993524e+00
1.226000e-01	5.287606e+00
1.227000e-01	5.440306e+00
1.228000e-01	5.492399e+00
1.229000e-01	5.502600e+00
1.230000e-01	5.507616e+00
1.231000e-01	4.761959e+00
1.232000e-01	4.072434e+00
1.233000e-01	8.113306e+00
1.234000e-01	5.734132e+00
1.235000e-01	5.373166e+00
1.236000e-01	5.233324e+00
1.237000e-01	5.193943e+00
1.238000e-01	5.146939e+00
1.239000e-01	5.102861e+00
1.240000e-01	5.055095e+00
1.241000e-01	5.008080e+00
1.242000e-01	4.958634e+00
1.243000e-01	4.910564e+00
1.244000e-01	4.857302e+00
1.245000e-01	4.807195e+00
1.246000e-01	4.755563e+00
1.247000e-01	4.703050e+00
1.248000e-01	4.648306e+00
1.249000e-01	4.592734e+00
1.250000e-01	4.537935e+00
1.251000e-01	4.483100e+00
1.252000e-01	4.425663e+00
1.253000e-01	3.994674e+00
1.254000e-01	2.442246e+00
1.255000e-01	4.210942e+00
1.256000e-01	3.509966e+00
1.257000e-01	4.611296e+00
1.258000e-01	9.117964e+00
1.259000e-01	8.923124e+01
1.260000e-01	6.760434e+01
1.261000e-01	5.545273e+01
1.262000e-01	6.956626e+01
1.263000e-01	3.725610e+00
1.264000e-01	3.632002e+00
1.265000e-01	5.534176e+01
1.266000e-01	1.736096e+01
1.267000e-01	5.882295e+00
1.268000e-01	9.763866e+01
1.269000e-01	3.955221e+01
1.270000e-01	1.030377e+02
1.271000e-01	3.368087e+00
1.272000e-01	3.446939e+00
1.273000e-01	1.017259e+02
1.274000e-01	2.497179e+00
1.275000e-01	7.133569e+00
1.276000e-01	7.477206e+00
1.277000e-01	5.240718e+00
1.278000e-01	2.669306e+00
1.279000e-01	9.951368e+00
1.280000e-01	2.520419e+00
1.281000e-01	1.105157e+01
1.282000e-01	1.758115e+00
1.283000e-01	2.179225e+00
1.284000e-01	1.717503e+01
1.285000e-01	1.965062e+01
1.286000e-01	2.238788e+00
1.287000e-01	3.269751e+00
1.288000e-01	6.856524e+01
1.289000e-01	1.787061e+00
1.290000e-01	3.113719e+00
1.291000e-01	3.413151e+00
1.292000e-01	2.615842e+00
1.293000e-01	1.557330e+00
1.294000e-01	1.561057e+00
1.295000e-01	1.500934e+00
1.296000e-01	1.440333e+00
1.297000e-01	1.385131e+00
1.298000e-01	1.302650e+00
1.299000e-01	1.231601e+00
1.300000e-01	6.402225e-01
1.301000e-01	1.287237e+00
1.302000e-01	1.042913e+00
1.303000e-01	4.294422e+00
1.304000e-01	4.995627e+01
1.305000e-01	2.172939e+00
1.306000e-01	9.273186e+00
1.307000e-01	9.704147e-01
1.308000e-01	6.790757e-01
1.309000e-01	4.930237e-01
1.310000e-01	3.337017e-01
1.311000e-01	7.080665e-01
1.312000e-01	1.088268e+00
1.313000e-01	2.789254e-01
1.314000e-01	1.151154e-01
1.315000e-01	8.859914e-02
1.316000e-01	5.028973e-01
1.317000e-01	2.290971e+00
1.318000e-01	2.122244e-01
1.319000e-01	5.165402e-01
1.320000e-01	8.043714e+01
1.321000e-01	4.121585e+02
1.322000e-01	5.258595e+02
1.323000e-01	2.719187e+02
1.324000e-01	5.386104e+00
1.325000e-01	3.346993e-01
1.326000e-01	1.572689e+02
1.327000e-01	4.738459e+02
1.328000e-01	4.942759e+02
1.329000e-01	1.931530e+02
1.330000e-01	1.799653e+00
1.331000e-01	1.943982e+00
1.332000e-01	2.072412e+00
1.333000e-01	2.203775e+00
1.334000e-01	2.331999e+00
1.334948e-01	3.271599e+01
1.335000e-01	2.977351e+02
1.335315e-01	4.295441e+03
1.335657e-01	2.400749e+03
1.336000e-01	3.221400e+02
1.336333e-01	2.001310e+01
1.336599e-01	5.691803e+01
1.337000e-01	8.518746e+01
1.337387e-01	1.340856e+02
1.337693e-01	2.164908e+02
1.338000e-01	4.252302e+02
1.338406e-01	1.493689e+03
1.338703e-01	2.191661e+03
1.339000e-01	2.114137e+03
1.339263e-01	1.164054e+03
1.339616e-01	3.896304e+02
1.339904e-01	2.156164e+02
1.340000e-01	1.876063e+02
1.340461e-01	1.073274e+02
1.340731e-01	8.460868e+01
1.341000e-01	7.627038e+01
1.341392e-01	4.718390e+01
1.341696e-01	4.478858e+01
1.342000e-01	3.735316e+01
1.342333e-01	3.155786e+01
1.342667e-01	2.708714e+01
1.343000e-01	2.343512e+01
1.343333e-01	2.045916e+01
1.343667e-01	1.800193e+01
1.344000e-01	1.593685e+01
1.344333e-01	1.420052e+01
1.344667e-01	1.271479e+01
1.345000e-01	1.144400e+01
1.345420e-01	1.020657e+01
1.345710e-01	8.964187e+00
1.346000e-01	8.767312e+00
1.346439e-01	7.955880e+00
1.346719e-01	6.345589e+00
1.347000e-01	7.229314e+00
1.347691e-01	5.762241e+00
1.348000e-01	5.434401e+00
1.348463e-01	4.945022e+00
1.348732e-01	4.793893e+00
1.349000e-01	4.529196e+00
1.349506e-01	4.199734e+00
1.350000e-01	4.024321e+00
1.350522e-01	3.768260e+00
1.351000e-01	3.720915e+00
1.351537e-01	3.597121e+00
1.352000e-01	3.560808e+00
1.352552e-01	3.545490e+00
1.353000e-01	3.549856e+00
1.353597e-01	3.576508e+00
1.354000e-01	3.599066e+00
1.354614e-01	3.642184e+00
1.355000e-01	3.672302e+00
1.355629e-01	3.722228e+00
1.356000e-01	3.754150e+00
1.356645e-01	3.806929e+00
1.357000e-01	3.838434e+00
1.357661e-01	3.892365e+00
1.358000e-01	3.922633e+00
1.358678e-01	3.976970e+00
1.359000e-01	4.005714e+00
1.359644e-01	4.052602e+00
1.360000e-01	4.083851e+00
1.361000e-01	4.163595e+00
1.362000e-01	4.240927e+00
1.363000e-01	4.319741e+00
1.364000e-01	4.396374e+00
1.365000e-01	4.473204e+00
1.366000e-01	4.547139e+00
1.367000e-01	4.622121e+00
1.368000e-01	4.692504e+00
1.369000e-01	4.766290e+00
1.370000e-01	4.838128e+00
1.371000e-01	4.909882e+00
1.372000e-01	4.978241e+00
1.373000e-01	5.047160e+00
1.373286e-01	6.553678e+00


