"     ankle"

"Time      "	".JOINT_15.Ax_Ay_Az_Projection_Angles.Z"	".JOINT_14.Ax_Ay_Az_Projection_Angles.Z"
0.000000e+00	0.000000e+00	1.193196e-13
5.000000e-04	-6.825995e-07	2.190251e-04
1.000000e-03	-5.968495e-06	5.078994e-04
1.500000e-03	-2.429398e-05	3.382019e-04
2.000000e-03	-7.095921e-05	-7.451968e-04
2.500000e-03	-1.701212e-04	-3.076801e-03
3.000000e-03	-3.552311e-04	-6.839973e-03
3.500000e-03	-6.678751e-04	-1.205886e-02
4.000000e-03	-1.155527e-03	-1.861181e-02
4.500000e-03	-1.869102e-03	-2.626062e-02
5.000000e-03	-2.860882e-03	-3.468723e-02
5.500000e-03	-4.183032e-03	-4.352964e-02
6.000000e-03	-5.886652e-03	-5.240863e-02
6.500000e-03	-8.019734e-03	-6.095297e-02
7.000000e-03	-1.062224e-02	-6.881992e-02
7.500000e-03	-1.370243e-02	-7.574559e-02
8.000000e-03	-1.720363e-02	-8.161042e-02
8.500000e-03	-2.099715e-02	-8.645856e-02
9.000000e-03	-2.490901e-02	-9.045659e-02
9.500000e-03	-2.876916e-02	-9.381099e-02
1.000000e-02	-3.246160e-02	-9.668024e-02
1.050000e-02	-3.595402e-02	-9.911908e-02
1.100000e-02	-3.929730e-02	-1.010771e-01
1.150000e-02	-4.259775e-02	-1.024550e-01
1.200000e-02	-4.597067e-02	-1.031803e-01
1.250000e-02	-4.949220e-02	-1.032603e-01
1.300000e-02	-5.316945e-02	-1.027857e-01
1.350000e-02	-5.694033e-02	-1.018832e-01
1.400000e-02	-6.070208e-02	-1.006413e-01
1.450000e-02	-6.435946e-02	-9.905048e-02
1.500000e-02	-6.790239e-02	-9.704365e-02
1.550000e-02	-7.141145e-02	-9.449230e-02
1.600000e-02	-7.502039e-02	-9.122226e-02
1.650000e-02	-7.887790e-02	-8.708703e-02
1.700000e-02	-8.310772e-02	-8.203676e-02
1.750000e-02	-8.778391e-02	-7.615424e-02
1.800000e-02	-9.293101e-02	-6.964416e-02
1.850000e-02	-9.854727e-02	-6.278229e-02
1.900000e-02	-1.046394e-01	-5.584748e-02
1.950000e-02	-1.112514e-01	-4.906913e-02
2.000000e-02	-1.184136e-01	-4.271902e-02
2.050000e-02	-1.260988e-01	-3.718521e-02
2.100000e-02	-1.342807e-01	-3.284640e-02
2.150000e-02	-1.429397e-01	-3.003116e-02
2.200000e-02	-1.520645e-01	-2.898551e-02
2.250000e-02	-1.616500e-01	-2.984857e-02
2.300000e-02	-1.716947e-01	-3.264232e-02
2.350000e-02	-1.821975e-01	-3.727668e-02
2.400000e-02	-1.931571e-01	-4.356755e-02
2.450000e-02	-2.045723e-01	-5.126192e-02
2.500000e-02	-2.164453e-01	-6.006523e-02
2.550000e-02	-2.287853e-01	-6.966294e-02
2.600000e-02	-2.416108e-01	-7.973759e-02
2.650000e-02	-2.549497e-01	-8.998348e-02
2.700000e-02	-2.688341e-01	-1.001190e-01
2.750000e-02	-2.832822e-01	-1.099232e-01
2.800000e-02	-2.982752e-01	-1.192820e-01
2.850000e-02	-3.137530e-01	-1.282032e-01
2.900000e-02	-3.296308e-01	-1.367910e-01
2.950000e-02	-3.458297e-01	-1.451965e-01
3.000000e-02	-3.623093e-01	-1.535615e-01
3.050000e-02	-3.790864e-01	-1.619819e-01
3.100000e-02	-3.962337e-01	-1.705025e-01
3.150000e-02	-4.138573e-01	-1.791432e-01
3.200000e-02	-4.320649e-01	-1.879404e-01
3.250000e-02	-4.509356e-01	-1.969831e-01
3.300000e-02	-4.705048e-01	-2.064226e-01
3.350000e-02	-4.907689e-01	-2.164559e-01
3.400000e-02	-5.117071e-01	-2.272784e-01
3.450000e-02	-5.333093e-01	-2.390308e-01
3.500000e-02	-5.555968e-01	-2.517728e-01
3.550000e-02	-5.786282e-01	-2.654768e-01
3.600000e-02	-6.024890e-01	-2.800515e-01
3.650000e-02	-6.272689e-01	-2.953857e-01
3.700000e-02	-6.530356e-01	-3.113922e-01
3.750000e-02	-6.798175e-01	-3.280348e-01
3.800000e-02	-7.076004e-01	-3.453278e-01
3.850000e-02	-7.363398e-01	-3.633107e-01
3.900000e-02	-7.659795e-01	-3.820128e-01
3.950000e-02	-7.964761e-01	-4.014211e-01
4.000000e-02	-8.278072e-01	-4.214616e-01
4.050000e-02	-8.599729e-01	-4.420240e-01
4.100000e-02	-8.929815e-01	-4.629777e-01
4.150000e-02	-9.268319e-01	-4.842025e-01
4.200000e-02	-9.614926e-01	-5.056250e-01
4.250000e-02	-9.968913e-01	-5.272176e-01
4.300000e-02	-1.032919e+00	-5.489766e-01
4.350000e-02	-1.069447e+00	-5.708789e-01
4.400000e-02	-1.106344e+00	-5.928435e-01
4.450000e-02	-1.143470e+00	-6.147610e-01
4.500000e-02	-1.180664e+00	-6.365408e-01
4.550000e-02	-1.217762e+00	-6.580917e-01
4.600000e-02	-1.254596e+00	-6.793212e-01
4.650000e-02	-1.291004e+00	-7.001346e-01
4.700000e-02	-1.326820e+00	-7.204311e-01
4.750000e-02	-1.361875e+00	-7.401045e-01
4.800000e-02	-1.395996e+00	-7.590473e-01
4.850000e-02	-1.429013e+00	-7.771764e-01
4.900000e-02	-1.460778e+00	-7.944905e-01
4.950000e-02	-1.491189e+00	-8.111130e-01
5.000000e-02	-1.520186e+00	-8.272852e-01
5.050000e-02	-1.547739e+00	-8.433109e-01
5.100000e-02	-1.573820e+00	-8.594787e-01
5.150000e-02	-1.598375e+00	-8.759899e-01
5.200000e-02	-1.621318e+00	-8.929215e-01
5.250000e-02	-1.642533e+00	-9.102402e-01
5.300000e-02	-1.661892e+00	-9.278543e-01
5.350000e-02	-1.679288e+00	-9.456856e-01
5.400000e-02	-1.694654e+00	-9.637261e-01
5.450000e-02	-1.707981e+00	-9.820576e-01
5.500000e-02	-1.719307e+00	-1.000827e+00
5.550000e-02	-1.728701e+00	-1.020186e+00
5.600000e-02	-1.736239e+00	-1.040222e+00
5.650000e-02	-1.741980e+00	-1.060900e+00
5.700000e-02	-1.745956e+00	-1.082051e+00
5.750000e-02	-1.748182e+00	-1.103398e+00
5.800000e-02	-1.748672e+00	-1.124619e+00
5.850000e-02	-1.747460e+00	-1.145410e+00
5.900000e-02	-1.744617e+00	-1.165544e+00
5.950000e-02	-1.740257e+00	-1.184879e+00
6.000000e-02	-1.734523e+00	-1.203334e+00
6.050000e-02	-1.727564e+00	-1.220837e+00
6.100000e-02	-1.719514e+00	-1.237276e+00
6.150000e-02	-1.710465e+00	-1.252465e+00
6.200000e-02	-1.700471e+00	-1.266145e+00
6.250000e-02	-1.689546e+00	-1.278038e+00
6.300000e-02	-1.677691e+00	-1.287896e+00
6.350000e-02	-1.664908e+00	-1.295561e+00
6.400000e-02	-1.651215e+00	-1.300993e+00
6.450000e-02	-1.636645e+00	-1.304278e+00
6.500000e-02	-1.621237e+00	-1.305580e+00
6.550000e-02	-1.605012e+00	-1.305100e+00
6.600000e-02	-1.587958e+00	-1.303018e+00
6.650000e-02	-1.570017e+00	-1.299468e+00
6.700000e-02	-1.551086e+00	-1.294539e+00
6.750000e-02	-1.531092e+00	-1.288470e+00
6.800000e-02	-1.510096e+00	-1.281851e+00
6.850000e-02	-1.488167e+00	-1.275323e+00
6.900000e-02	-1.465369e+00	-1.269509e+00
6.950000e-02	-1.441755e+00	-1.264974e+00
7.000000e-02	-1.417367e+00	-1.262199e+00
7.050000e-02	-1.392238e+00	-1.261571e+00
7.100000e-02	-1.366388e+00	-1.263372e+00
7.150000e-02	-1.339826e+00	-1.267780e+00
7.200000e-02	-1.312553e+00	-1.274880e+00
7.250000e-02	-1.284563e+00	-1.284663e+00
7.300000e-02	-1.255846e+00	-1.297037e+00
7.350000e-02	-1.226389e+00	-1.311833e+00
7.400000e-02	-1.196177e+00	-1.328805e+00
7.450000e-02	-1.165195e+00	-1.347646e+00
7.500000e-02	-1.133425e+00	-1.368004e+00
7.550000e-02	-1.100852e+00	-1.389501e+00
7.600000e-02	-1.067461e+00	-1.411757e+00
7.650000e-02	-1.033238e+00	-1.434408e+00
7.700000e-02	-9.981788e-01	-1.457119e+00
7.750000e-02	-9.622876e-01	-1.479592e+00
7.800000e-02	-9.255804e-01	-1.501566e+00
7.850000e-02	-8.880861e-01	-1.522810e+00
7.900000e-02	-8.498464e-01	-1.543118e+00
7.950000e-02	-8.109127e-01	-1.562303e+00
8.000000e-02	-7.713456e-01	-1.580191e+00
8.050000e-02	-7.312106e-01	-1.596637e+00
8.100000e-02	-6.905824e-01	-1.611513e+00
8.150000e-02	-6.495432e-01	-1.624733e+00
8.200000e-02	-6.081875e-01	-1.636250e+00
8.250000e-02	-5.666238e-01	-1.646062e+00
8.300000e-02	-5.249788e-01	-1.654213e+00
8.350000e-02	-4.833942e-01	-1.660791e+00
8.400000e-02	-4.420314e-01	-1.665934e+00
8.450000e-02	-4.010583e-01	-1.669824e+00
8.500000e-02	-3.606540e-01	-1.672699e+00
8.550000e-02	-3.210053e-01	-1.674854e+00
8.600000e-02	-2.823063e-01	-1.676647e+00
8.650000e-02	-2.447578e-01	-1.678487e+00
8.700000e-02	-2.085736e-01	-1.680836e+00
8.750000e-02	-1.739732e-01	-1.684171e+00
8.800000e-02	-1.411948e-01	-1.688996e+00
8.850000e-02	-1.104671e-01	-1.695758e+00
8.900000e-02	-8.203650e-02	-1.704892e+00
8.950000e-02	-5.611834e-02	-1.716721e+00
9.000000e-02	-3.293183e-02	-1.731499e+00
9.050000e-02	-1.264446e-02	-1.749351e+00
9.100000e-02	4.571243e-03	-1.770298e+00
9.150000e-02	1.859178e-02	-1.794229e+00
9.200000e-02	2.931212e-02	-1.820897e+00
9.250000e-02	3.666091e-02	-1.849957e+00
9.300000e-02	4.058929e-02	-1.880954e+00
9.350000e-02	4.109589e-02	-1.913321e+00
9.400000e-02	3.828013e-02	-1.946563e+00
9.450000e-02	3.232998e-02	-1.980336e+00
9.500000e-02	2.359926e-02	-2.014358e+00
9.550000e-02	1.248058e-02	-2.048451e+00
9.600000e-02	-5.982769e-04	-2.082368e+00
9.650000e-02	-1.529686e-02	-2.115751e+00
9.700000e-02	-3.133171e-02	-2.147987e+00
9.750000e-02	-4.854964e-02	-2.178449e+00
9.800000e-02	-6.683024e-02	-2.206456e+00
9.850000e-02	-8.606195e-02	-2.231402e+00
9.900000e-02	-1.061089e-01	-2.252861e+00
9.950000e-02	-1.267954e-01	-2.270616e+00
1.000000e-01	-1.479195e-01	-2.284644e+00
1.005000e-01	-1.692888e-01	-2.295036e+00
1.010000e-01	-1.907658e-01	-2.301913e+00
1.015000e-01	-2.123042e-01	-2.305352e+00
1.020000e-01	-2.339619e-01	-2.305360e+00
1.025000e-01	-2.558860e-01	-2.301910e+00
1.030000e-01	-2.782750e-01	-2.295007e+00
1.035000e-01	-3.013166e-01	-2.284726e+00
1.040000e-01	-3.251507e-01	-2.271461e+00
1.045000e-01	-3.496455e-01	-2.256159e+00
1.050000e-01	-3.746214e-01	-2.239879e+00
1.055000e-01	-3.999005e-01	-2.223658e+00
1.060000e-01	-4.253096e-01	-2.208465e+00
1.065000e-01	-4.506823e-01	-2.195178e+00
1.070000e-01	-4.758605e-01	-2.184561e+00
1.075000e-01	-5.006979e-01	-2.177259e+00
1.080000e-01	-5.250657e-01	-2.173781e+00
1.085000e-01	-5.488587e-01	-2.174484e+00
1.090000e-01	-5.720013e-01	-2.179565e+00
1.095000e-01	-5.944509e-01	-2.189046e+00
1.100000e-01	-6.161957e-01	-2.202781e+00
1.105000e-01	-6.372497e-01	-2.220480e+00
1.110000e-01	-6.576432e-01	-2.241731e+00
1.115000e-01	-6.774136e-01	-2.266059e+00
1.120000e-01	-6.965985e-01	-2.292956e+00
1.125000e-01	-7.152313e-01	-2.321919e+00
1.130000e-01	-7.333417e-01	-2.352471e+00
1.135000e-01	-7.509557e-01	-2.384169e+00
1.140000e-01	-7.680974e-01	-2.416595e+00
1.145000e-01	-7.847862e-01	-2.449344e+00
1.150000e-01	-8.010327e-01	-2.482019e+00
1.155000e-01	-8.168319e-01	-2.514232e+00
1.160000e-01	-8.321570e-01	-2.545605e+00
1.165000e-01	-8.469574e-01	-2.575784e+00
1.170000e-01	-8.611603e-01	-2.604447e+00
1.175000e-01	-8.746770e-01	-2.631311e+00
1.180000e-01	-8.874144e-01	-2.656133e+00
1.185000e-01	-8.992822e-01	-2.678702e+00
1.190000e-01	-9.102002e-01	-2.698837e+00
1.195000e-01	-9.200998e-01	-2.716387e+00
1.200000e-01	-9.289208e-01	-2.731239e+00
1.205000e-01	-9.366068e-01	-2.743338e+00
1.210000e-01	-9.431009e-01	-2.752700e+00
1.215000e-01	-9.483432e-01	-2.759450e+00
1.220000e-01	-9.522791e-01	-2.763820e+00
1.225000e-01	-9.548634e-01	-2.766165e+00
1.230000e-01	-9.560706e-01	-2.766953e+00
1.235000e-01	-9.558998e-01	-2.766722e+00
1.240000e-01	-9.543741e-01	-2.766070e+00
1.245000e-01	-9.515356e-01	-2.765623e+00
1.250000e-01	-9.474364e-01	-2.766002e+00
1.255000e-01	-9.421289e-01	-2.767795e+00
1.260000e-01	-9.356580e-01	-2.771540e+00
1.265000e-01	-9.280599e-01	-2.777694e+00
1.270000e-01	-9.193649e-01	-2.786621e+00
1.275000e-01	-9.096046e-01	-2.798564e+00
1.280000e-01	-8.988190e-01	-2.813624e+00
1.285000e-01	-8.870598e-01	-2.831750e+00
1.290000e-01	-8.743930e-01	-2.852719e+00
1.295000e-01	-8.608871e-01	-2.876173e+00
1.300000e-01	-8.466163e-01	-2.901573e+00
1.305000e-01	-8.316414e-01	-2.928329e+00
1.310000e-01	-8.160199e-01	-2.955713e+00
1.315000e-01	-7.997947e-01	-2.983074e+00
1.320000e-01	-7.830171e-01	-3.009642e+00
1.325000e-01	-7.657410e-01	-3.034780e+00
1.330000e-01	-7.480419e-01	-3.057876e+00
1.335000e-01	-7.300067e-01	-3.078460e+00
1.340000e-01	-7.117474e-01	-3.096129e+00
1.345000e-01	-6.933664e-01	-3.110651e+00
1.350000e-01	-6.749828e-01	-3.121891e+00
1.355000e-01	-6.566882e-01	-3.129883e+00
1.360000e-01	-6.385617e-01	-3.134812e+00
1.365000e-01	-6.206577e-01	-3.136979e+00
1.370000e-01	-6.030223e-01	-3.136874e+00
1.375000e-01	-5.856852e-01	-3.134999e+00
1.380000e-01	-5.686738e-01	-3.131947e+00
1.385000e-01	-5.520098e-01	-3.128355e+00
1.390000e-01	-5.357062e-01	-3.124865e+00
1.395000e-01	-5.197611e-01	-3.122103e+00
1.400000e-01	-5.041521e-01	-3.120652e+00
1.405000e-01	-4.888332e-01	-3.121036e+00
1.410000e-01	-4.737364e-01	-3.123705e+00
1.415000e-01	-4.587784e-01	-3.129029e+00
1.420000e-01	-4.438712e-01	-3.137286e+00
1.425000e-01	-4.289346e-01	-3.148655e+00
1.430000e-01	-4.139066e-01	-3.163219e+00
1.435000e-01	-3.987505e-01	-3.180958e+00
1.440000e-01	-3.834570e-01	-3.201756e+00
1.445000e-01	-3.680412e-01	-3.225408e+00
1.450000e-01	-3.525385e-01	-3.251635e+00
1.455000e-01	-3.369994e-01	-3.280092e+00
1.460000e-01	-3.214867e-01	-3.310389e+00
1.465000e-01	-3.060760e-01	-3.342104e+00
1.470000e-01	-2.908574e-01	-3.374791e+00
1.475000e-01	-2.759389e-01	-3.407993e+00
1.480000e-01	-2.614471e-01	-3.441249e+00
1.485000e-01	-2.475248e-01	-3.474096e+00
1.490000e-01	-2.343248e-01	-3.506079e+00
1.495000e-01	-2.220007e-01	-3.536754e+00
1.500000e-01	-2.106968e-01	-3.565692e+00
1.505000e-01	-2.005401e-01	-3.592495e+00
1.510000e-01	-1.916357e-01	-3.616797e+00
1.515000e-01	-1.840666e-01	-3.638279e+00
1.520000e-01	-1.778983e-01	-3.656675e+00
1.525000e-01	-1.731845e-01	-3.671783e+00
1.530000e-01	-1.699722e-01	-3.683473e+00
1.535000e-01	-1.683050e-01	-3.691694e+00
1.540000e-01	-1.682230e-01	-3.696483e+00
1.545000e-01	-1.697590e-01	-3.697974e+00
1.550000e-01	-1.729343e-01	-3.696398e+00
1.555000e-01	-1.777547e-01	-3.692086e+00
1.560000e-01	-1.842089e-01	-3.685470e+00
1.565000e-01	-1.922704e-01	-3.677069e+00
1.570000e-01	-2.019018e-01	-3.667480e+00
1.575000e-01	-2.130607e-01	-3.657359e+00
1.580000e-01	-2.257037e-01	-3.647397e+00
1.585000e-01	-2.397889e-01	-3.638295e+00
1.590000e-01	-2.552746e-01	-3.630738e+00
1.595000e-01	-2.721147e-01	-3.625367e+00
1.600000e-01	-2.902539e-01	-3.622753e+00
1.605000e-01	-3.096222e-01	-3.623372e+00
1.610000e-01	-3.301332e-01	-3.627590e+00
1.615000e-01	-3.516846e-01	-3.635643e+00
1.620000e-01	-3.741620e-01	-3.647633e+00
1.625000e-01	-3.974447e-01	-3.663520e+00
1.630000e-01	-4.214106e-01	-3.683125e+00
1.635000e-01	-4.459396e-01	-3.706143e+00
1.640000e-01	-4.709143e-01	-3.732156e+00
1.645000e-01	-4.962181e-01	-3.760654e+00
1.650000e-01	-5.217325e-01	-3.791058e+00
1.655000e-01	-5.473341e-01	-3.822747e+00
1.660000e-01	-5.728947e-01	-3.855083e+00
1.665000e-01	-5.982828e-01	-3.887439e+00
1.670000e-01	-6.233694e-01	-3.919224e+00
1.675000e-01	-6.480330e-01	-3.949897e+00
1.680000e-01	-6.721661e-01	-3.978996e+00
1.685000e-01	-6.956789e-01	-4.006141e+00
1.690000e-01	-7.184996e-01	-4.031050e+00
1.695000e-01	-7.405735e-01	-4.053545e+00
1.700000e-01	-7.618589e-01	-4.073548e+00
1.705000e-01	-7.823235e-01	-4.091078e+00
1.710000e-01	-8.019418e-01	-4.106244e+00
1.715000e-01	-8.206944e-01	-4.119231e+00
1.720000e-01	-8.385689e-01	-4.130285e+00
1.725000e-01	-8.555627e-01	-4.139697e+00
1.730000e-01	-8.716837e-01	-4.147787e+00
1.735000e-01	-8.869516e-01	-4.154889e+00
1.740000e-01	-9.013952e-01	-4.161338e+00
1.745000e-01	-9.150487e-01	-4.167454e+00
1.750000e-01	-9.279458e-01	-4.173540e+00
1.755000e-01	-9.401151e-01	-4.179866e+00
1.760000e-01	-9.515761e-01	-4.186665e+00
1.765000e-01	-9.623374e-01	-4.194131e+00
1.770000e-01	-9.723982e-01	-4.202415e+00
1.775000e-01	-9.817498e-01	-4.211623e+00
1.780000e-01	-9.903788e-01	-4.221823e+00
1.785000e-01	-9.982690e-01	-4.233041e+00
1.790000e-01	-1.005402e+00	-4.245276e+00
1.795000e-01	-1.011755e+00	-4.258495e+00
1.800000e-01	-1.017300e+00	-4.272645e+00
1.805000e-01	-1.022002e+00	-4.287649e+00
1.810000e-01	-1.025816e+00	-4.303416e+00
1.815000e-01	-1.028689e+00	-4.319834e+00
1.820000e-01	-1.030561e+00	-4.336775e+00
1.825000e-01	-1.031371e+00	-4.354093e+00
1.830000e-01	-1.031057e+00	-4.371627e+00
1.835000e-01	-1.029558e+00	-4.389201e+00
1.840000e-01	-1.026821e+00	-4.406629e+00
1.845000e-01	-1.022791e+00	-4.423722e+00
1.850000e-01	-1.017417e+00	-4.440286e+00
1.855000e-01	-1.010646e+00	-4.456138e+00
1.860000e-01	-1.002421e+00	-4.471105e+00
1.865000e-01	-9.926849e-01	-4.485032e+00
1.870000e-01	-9.813791e-01	-4.497792e+00
1.875000e-01	-9.684472e-01	-4.509294e+00
1.880000e-01	-9.538396e-01	-4.519486e+00
1.885000e-01	-9.375158e-01	-4.528372e+00
1.890000e-01	-9.194474e-01	-4.536008e+00
1.895000e-01	-8.996195e-01	-4.542518e+00
1.900000e-01	-8.780319e-01	-4.548085e+00
1.905000e-01	-8.546992e-01	-4.552954e+00
1.910000e-01	-8.296526e-01	-4.557421e+00
1.915000e-01	-8.029418e-01	-4.561824e+00
1.920000e-01	-7.746379e-01	-4.566526e+00
1.925000e-01	-7.448365e-01	-4.571904e+00
1.930000e-01	-7.136606e-01	-4.578323e+00
1.935000e-01	-6.812620e-01	-4.586128e+00
1.940000e-01	-6.478210e-01	-4.595622e+00
1.945000e-01	-6.135434e-01	-4.607055e+00
1.950000e-01	-5.786563e-01	-4.620605e+00
1.955000e-01	-5.434026e-01	-4.636376e+00
1.960000e-01	-5.080342e-01	-4.654381e+00
1.965000e-01	-4.728067e-01	-4.674546e+00
1.970000e-01	-4.379735e-01	-4.696704e+00
1.975000e-01	-4.037817e-01	-4.720602e+00
1.980000e-01	-3.704677e-01	-4.745914e+00
1.985000e-01	-3.382541e-01	-4.772250e+00
1.990000e-01	-3.073459e-01	-4.799179e+00
1.995000e-01	-2.779272e-01	-4.826248e+00
2.000000e-01	-2.501585e-01	-4.852998e+00
2.005000e-01	-2.241742e-01	-4.878990e+00
2.010000e-01	-2.000740e-01	-4.903855e+00
2.015000e-01	-1.779542e-01	-4.927170e+00
2.020000e-01	-1.578688e-01	-4.948632e+00
2.025000e-01	-1.398441e-01	-4.968049e+00
2.030000e-01	-1.238943e-01	-4.985247e+00
2.035000e-01	-1.100154e-01	-5.000158e+00
2.040000e-01	-9.818856e-02	-5.012787e+00
2.045000e-01	-8.838634e-02	-5.023214e+00
2.050000e-01	-8.057039e-02	-5.031600e+00
2.055000e-01	-7.469842e-02	-5.038145e+00
2.060000e-01	-7.071891e-02	-5.043110e+00
2.065000e-01	-6.857530e-02	-5.046785e+00
2.070000e-01	-6.820279e-02	-5.049501e+00
2.075000e-01	-6.954302e-02	-5.051551e+00
2.080000e-01	-7.252545e-02	-5.053284e+00
2.085000e-01	-7.708828e-02	-5.055002e+00
2.090000e-01	-8.316725e-02	-5.057016e+00
2.095000e-01	-9.070615e-02	-5.059595e+00
2.100000e-01	-9.964356e-02	-5.063020e+00
2.105000e-01	-1.099303e-01	-5.067507e+00
2.110000e-01	-1.215155e-01	-5.073257e+00
2.115000e-01	-1.343490e-01	-5.080448e+00
2.120000e-01	-1.483823e-01	-5.089223e+00
2.125000e-01	-1.635686e-01	-5.099692e+00
2.130000e-01	-1.798632e-01	-5.111929e+00
2.135000e-01	-1.972241e-01	-5.125972e+00
2.140000e-01	-2.156119e-01	-5.141819e+00
2.145000e-01	-2.349896e-01	-5.159430e+00
2.150000e-01	-2.553222e-01	-5.178725e+00
2.155000e-01	-2.765751e-01	-5.199582e+00
2.160000e-01	-2.987135e-01	-5.221833e+00
2.165000e-01	-3.217007e-01	-5.245268e+00
2.170000e-01	-3.454972e-01	-5.269633e+00
2.175000e-01	-3.700605e-01	-5.294635e+00
2.180000e-01	-3.953439e-01	-5.319945e+00
2.185000e-01	-4.212965e-01	-5.345210e+00
2.190000e-01	-4.478629e-01	-5.370061e+00
2.195000e-01	-4.749820e-01	-5.394127e+00
2.200000e-01	-5.025865e-01	-5.417050e+00
2.205000e-01	-5.306016e-01	-5.438496e+00
2.210000e-01	-5.589435e-01	-5.458170e+00
2.215000e-01	-5.875185e-01	-5.475832e+00
2.220000e-01	-6.162216e-01	-5.491304e+00
2.225000e-01	-6.449366e-01	-5.504483e+00
2.230000e-01	-6.735353e-01	-5.515346e+00
2.235000e-01	-7.018780e-01	-5.523958e+00
2.240000e-01	-7.298147e-01	-5.530470e+00
2.245000e-01	-7.571856e-01	-5.535118e+00
2.250000e-01	-7.838225e-01	-5.538216e+00
2.255000e-01	-8.095510e-01	-5.540141e+00
2.260000e-01	-8.341924e-01	-5.541319e+00
2.265000e-01	-8.575664e-01	-5.542207e+00
2.270000e-01	-8.794943e-01	-5.543270e+00
2.275000e-01	-8.998028e-01	-5.544958e+00
2.280000e-01	-9.183287e-01	-5.547688e+00
2.285000e-01	-9.349226e-01	-5.551823e+00
2.290000e-01	-9.494534e-01	-5.557659e+00
2.295000e-01	-9.618125e-01	-5.565410e+00
2.300000e-01	-9.719163e-01	-5.575204e+00
2.305000e-01	-9.797082e-01	-5.587079e+00
2.310000e-01	-9.851596e-01	-5.600985e+00
2.315000e-01	-9.882690e-01	-5.616793e+00
2.320000e-01	-9.890609e-01	-5.634303e+00
2.325000e-01	-9.875832e-01	-5.653260e+00
2.330000e-01	-9.839045e-01	-5.673370e+00
2.335000e-01	-9.781105e-01	-5.694318e+00
2.340000e-01	-9.703009e-01	-5.715790e+00
2.345000e-01	-9.605859e-01	-5.737481e+00
2.350000e-01	-9.490827e-01	-5.759117e+00
2.355000e-01	-9.359130e-01	-5.780463e+00
2.360000e-01	-9.211995e-01	-5.801326e+00
2.365000e-01	-9.050640e-01	-5.821563e+00
2.370000e-01	-8.876247e-01	-5.841076e+00
2.375000e-01	-8.689953e-01	-5.859810e+00
2.380000e-01	-8.492835e-01	-5.877750e+00
2.385000e-01	-8.285909e-01	-5.894908e+00
2.390000e-01	-8.070128e-01	-5.911322e+00
2.395000e-01	-7.846387e-01	-5.927045e+00
2.400000e-01	-7.615537e-01	-5.942139e+00
2.405000e-01	-7.378306e-01	-5.956665e+00
2.410000e-01	-7.135561e-01	-5.970694e+00
2.415000e-01	-6.888061e-01	-5.984283e+00
2.420000e-01	-6.636546e-01	-5.997485e+00
2.425000e-01	-6.381735e-01	-6.010342e+00
2.430000e-01	-6.124340e-01	-6.022891e+00
2.435000e-01	-5.865074e-01	-6.035164e+00
2.440000e-01	-5.604664e-01	-6.047193e+00
2.445000e-01	-5.343854e-01	-6.059008e+00
2.450000e-01	-5.083417e-01	-6.070646e+00
2.455000e-01	-4.824151e-01	-6.082147e+00
2.460000e-01	-4.566880e-01	-6.093558e+00
2.465000e-01	-4.312434e-01	-6.104931e+00
2.470000e-01	-4.061642e-01	-6.116319e+00
2.475000e-01	-3.815318e-01	-6.127774e+00
2.480000e-01	-3.574264e-01	-6.139342e+00
2.485000e-01	-3.339263e-01	-6.151060e+00
2.490000e-01	-3.111055e-01	-6.162949e+00
2.495000e-01	-2.890368e-01	-6.175014e+00
2.500000e-01	-2.677885e-01	-6.187244e+00
2.505000e-01	-2.474309e-01	-6.199606e+00
2.510000e-01	-2.280294e-01	-6.212049e+00
2.515000e-01	-2.096445e-01	-6.224507e+00
2.520000e-01	-1.923324e-01	-6.236908e+00
2.525000e-01	-1.761474e-01	-6.249169e+00
2.530000e-01	-1.611360e-01	-6.261215e+00
2.535000e-01	-1.473474e-01	-6.272973e+00
2.540000e-01	-1.348210e-01	-6.284397e+00
2.545000e-01	-1.235971e-01	-6.295463e+00
2.550000e-01	-1.137071e-01	-6.306181e+00
2.555000e-01	-1.051834e-01	-6.316604e+00
2.560000e-01	-9.804900e-02	-6.326819e+00
2.565000e-01	-9.232170e-02	-6.336965e+00
2.570000e-01	-8.801021e-02	-6.347204e+00
2.575000e-01	-8.511408e-02	-6.357755e+00
2.580000e-01	-8.362362e-02	-6.368820e+00
2.585000e-01	-8.352013e-02	-6.380618e+00
2.590000e-01	-8.477560e-02	-6.393367e+00
2.595000e-01	-8.735310e-02	-6.407263e+00
2.597738e-01	-8.931206e-02	-6.415413e+00
2.600000e-01	-9.121366e-02	-6.422459e+00
2.603736e-01	-9.490235e-02	-6.434748e+00
2.605000e-01	-9.630191e-02	-6.439092e+00
2.606363e-01	-9.789568e-02	-6.443879e+00
2.608788e-01	-1.009487e-01	-6.452664e+00
2.610000e-01	-1.025790e-01	-6.457181e+00
2.615000e-01	-1.100303e-01	-6.476624e+00
2.618094e-01	-1.152265e-01	-6.489252e+00
2.620000e-01	-1.186491e-01	-6.497226e+00
2.621306e-01	-1.210911e-01	-6.502766e+00
2.623254e-01	-1.248808e-01	-6.511136e+00
2.625000e-01	-1.284248e-01	-6.518727e+00
2.630000e-01	-1.393399e-01	-6.540816e+00
2.635000e-01	-1.513725e-01	-6.563136e+00
2.636680e-01	-1.556606e-01	-6.570616e+00
2.638435e-01	-1.602742e-01	-6.578398e+00
2.640000e-01	-1.644979e-01	-6.585287e+00
2.645000e-01	-1.786959e-01	-6.606841e+00
2.650000e-01	-1.939526e-01	-6.627375e+00
2.655000e-01	-2.102583e-01	-6.646494e+00
2.660000e-01	-2.276045e-01	-6.663849e+00
2.665000e-01	-2.459809e-01	-6.679156e+00
2.670000e-01	-2.653716e-01	-6.692203e+00
2.675000e-01	-2.857524e-01	-6.702869e+00
2.680000e-01	-3.070914e-01	-6.711124e+00
2.683333e-01	-3.218306e-01	-6.715316e+00
2.685000e-01	-3.293494e-01	-6.717033e+00
2.686667e-01	-3.369656e-01	-6.718507e+00
2.688333e-01	-3.446775e-01	-6.719746e+00
2.690000e-01	-3.524834e-01	-6.720759e+00
2.695000e-01	-3.764484e-01	-6.722554e+00
2.700000e-01	-4.011983e-01	-6.722758e+00
2.705000e-01	-4.266853e-01	-6.721782e+00
2.710000e-01	-4.528581e-01	-6.720092e+00
2.715000e-01	-4.796588e-01	-6.718184e+00
2.720000e-01	-5.070195e-01	-6.716566e+00
2.723378e-01	-5.257666e-01	-6.715878e+00
2.725000e-01	-5.348024e-01	-6.715689e+00
2.730000e-01	-5.625189e-01	-6.715703e+00
2.735000e-01	-5.896116e-01	-6.716678e+00
2.740000e-01	-6.156636e-01	-6.718780e+00
2.745000e-01	-6.404533e-01	-6.722305e+00
2.749781e-01	-6.629701e-01	-6.727406e+00
2.750000e-01	-6.639767e-01	-6.727688e+00
2.751308e-01	-6.699402e-01	-6.729467e+00
2.752660e-01	-6.760353e-01	-6.731490e+00
2.754248e-01	-6.831124e-01	-6.734119e+00
2.755000e-01	-6.864324e-01	-6.735463e+00
2.756324e-01	-6.922405e-01	-6.737994e+00
2.757586e-01	-6.977378e-01	-6.740610e+00
2.760000e-01	-7.081708e-01	-6.746198e+00
2.765000e-01	-7.296188e-01	-6.760406e+00
2.770000e-01	-7.511805e-01	-6.778445e+00
2.775000e-01	-7.730962e-01	-6.800385e+00
2.780000e-01	-7.953247e-01	-6.825919e+00
2.785000e-01	-8.175335e-01	-6.854363e+00
2.790000e-01	-8.392049e-01	-6.884775e+00
2.795000e-01	-8.598152e-01	-6.916136e+00
2.800000e-01	-8.790157e-01	-6.947527e+00
2.805000e-01	-8.967459e-01	-6.978250e+00
2.810000e-01	-9.132394e-01	-7.007847e+00
2.815000e-01	-9.289185e-01	-7.036031e+00
2.820000e-01	-9.442237e-01	-7.062556e+00
2.825000e-01	-9.594455e-01	-7.087094e+00
2.830000e-01	-9.746097e-01	-7.109157e+00
2.835000e-01	-9.894064e-01	-7.127987e+00
2.840000e-01	-1.003330e+00	-7.142748e+00
2.845000e-01	-1.015900e+00	-7.152815e+00
2.850000e-01	-1.026820e+00	-7.157939e+00
2.851938e-01	-1.030595e+00	-7.158623e+00
2.853621e-01	-1.033674e+00	-7.158659e+00
2.855000e-01	-1.036068e+00	-7.158319e+00
2.856367e-01	-1.038332e+00	-7.157672e+00
2.857627e-01	-1.040327e+00	-7.156815e+00
2.858903e-01	-1.042266e+00	-7.155710e+00
2.860000e-01	-1.043874e+00	-7.154579e+00
2.862028e-01	-1.046722e+00	-7.152081e+00
2.865000e-01	-1.050689e+00	-7.147537e+00
2.870000e-01	-1.057108e+00	-7.137915e+00
2.875000e-01	-1.063518e+00	-7.126510e+00
2.880000e-01	-1.069957e+00	-7.114199e+00
2.884835e-01	-1.075927e+00	-7.102337e+00
2.885000e-01	-1.076121e+00	-7.101945e+00
2.886329e-01	-1.077646e+00	-7.098830e+00
2.887640e-01	-1.079084e+00	-7.095852e+00
2.890000e-01	-1.081462e+00	-7.090807e+00
2.895000e-01	-1.085361e+00	-7.081945e+00
2.900000e-01	-1.087301e+00	-7.076594e+00
2.904679e-01	-1.087085e+00	-7.075835e+00
2.905000e-01	-1.086997e+00	-7.075957e+00
2.906421e-01	-1.086495e+00	-7.076780e+00
2.907939e-01	-1.085762e+00	-7.078189e+00
2.909493e-01	-1.084809e+00	-7.080214e+00
2.910000e-01	-1.084455e+00	-7.081003e+00
2.911726e-01	-1.083099e+00	-7.084173e+00
2.915000e-01	-1.079926e+00	-7.092248e+00
2.920000e-01	-1.073759e+00	-7.109650e+00
2.925000e-01	-1.066228e+00	-7.132629e+00
2.930000e-01	-1.057388e+00	-7.160228e+00
2.935000e-01	-1.047039e+00	-7.191316e+00
2.940000e-01	-1.034792e+00	-7.224787e+00
2.945000e-01	-1.020245e+00	-7.259671e+00
2.950000e-01	-1.003155e+00	-7.295141e+00
2.951374e-01	-9.980154e-01	-7.304886e+00
2.955000e-01	-9.835745e-01	-7.330418e+00
2.960000e-01	-9.618222e-01	-7.364576e+00
2.965000e-01	-9.384199e-01	-7.396514e+00
2.970000e-01	-9.139584e-01	-7.425040e+00
2.975000e-01	-8.889143e-01	-7.449024e+00
2.980000e-01	-8.635318e-01	-7.467532e+00
2.985000e-01	-8.377919e-01	-7.479989e+00
2.990000e-01	-8.114947e-01	-7.486270e+00
2.995000e-01	-7.844162e-01	-7.486709e+00
3.000000e-01	-7.564763e-01	-7.482017e+00
3.005000e-01	-7.278455e-01	-7.473147e+00
3.006903e-01	-7.168476e-01	-7.468892e+00
3.008452e-01	-7.078932e-01	-7.465136e+00
3.010000e-01	-6.989514e-01	-7.461152e+00
3.015000e-01	-6.703894e-01	-7.447100e+00
3.020000e-01	-6.427526e-01	-7.432019e+00
3.025000e-01	-6.164868e-01	-7.416932e+00
3.030000e-01	-5.917852e-01	-7.402886e+00
3.035000e-01	-5.685947e-01	-7.390970e+00
3.040000e-01	-5.467152e-01	-7.382289e+00
3.045000e-01	-5.259538e-01	-7.377885e+00
3.047484e-01	-5.160369e-01	-7.377570e+00
3.050000e-01	-5.062754e-01	-7.378632e+00
3.055000e-01	-4.878738e-01	-7.385084e+00
3.060000e-01	-4.711471e-01	-7.397451e+00
3.065000e-01	-4.565954e-01	-7.415568e+00
3.070000e-01	-4.446712e-01	-7.438938e+00
3.075000e-01	-4.356448e-01	-7.466811e+00
3.080000e-01	-4.295352e-01	-7.498278e+00
3.085000e-01	-4.261338e-01	-7.532341e+00
3.090000e-01	-4.251066e-01	-7.567941e+00
3.095000e-01	-4.261468e-01	-7.604016e+00
3.100000e-01	-4.290842e-01	-7.639415e+00
3.105000e-01	-4.339530e-01	-7.673034e+00
3.110000e-01	-4.409766e-01	-7.703705e+00
3.115000e-01	-4.504375e-01	-7.730444e+00
3.120000e-01	-4.625902e-01	-7.752362e+00
3.125000e-01	-4.775108e-01	-7.768922e+00
3.130000e-01	-4.950670e-01	-7.779863e+00
3.135000e-01	-5.149884e-01	-7.785261e+00
3.138500e-01	-5.301120e-01	-7.785971e+00
3.140000e-01	-5.368595e-01	-7.785549e+00
3.143000e-01	-5.507755e-01	-7.783533e+00
3.145000e-01	-5.603486e-01	-7.781376e+00
3.150000e-01	-5.852485e-01	-7.773638e+00
3.155000e-01	-6.115345e-01	-7.763281e+00
3.160000e-01	-6.393285e-01	-7.751499e+00
3.165000e-01	-6.687556e-01	-7.739354e+00
3.170000e-01	-6.998710e-01	-7.728004e+00
3.175000e-01	-7.325766e-01	-7.718615e+00
3.180000e-01	-7.665861e-01	-7.712286e+00
3.185000e-01	-8.014516e-01	-7.709974e+00
3.190000e-01	-8.366403e-01	-7.712414e+00
3.195000e-01	-8.716326e-01	-7.720052e+00
3.200000e-01	-9.060087e-01	-7.732998e+00
3.205000e-01	-9.394925e-01	-7.751029e+00
3.210000e-01	-9.719414e-01	-7.773616e+00
3.215000e-01	-1.003294e+00	-7.800045e+00
3.220000e-01	-1.033500e+00	-7.829382e+00
3.225000e-01	-1.062420e+00	-7.860509e+00
3.230000e-01	-1.089780e+00	-7.892316e+00
3.235000e-01	-1.115184e+00	-7.923685e+00
3.240000e-01	-1.138214e+00	-7.953489e+00
3.245000e-01	-1.158598e+00	-7.980493e+00
3.250000e-01	-1.176200e+00	-8.003588e+00
3.255000e-01	-1.190973e+00	-8.021994e+00
3.258194e-01	-1.198936e+00	-8.031107e+00
3.260000e-01	-1.202933e+00	-8.035332e+00
3.265000e-01	-1.212137e+00	-8.043591e+00
3.270000e-01	-1.218643e+00	-8.047049e+00
3.274065e-01	-1.221957e+00	-8.046668e+00
3.275000e-01	-1.222467e+00	-8.046215e+00
3.276268e-01	-1.223006e+00	-8.045396e+00
3.277728e-01	-1.223409e+00	-8.044179e+00
3.279128e-01	-1.223574e+00	-8.042750e+00
3.280000e-01	-1.223566e+00	-8.041740e+00
3.281372e-01	-1.223382e+00	-8.039971e+00
3.285000e-01	-1.221869e+00	-8.034361e+00
3.290000e-01	-1.217319e+00	-8.024873e+00
3.295000e-01	-1.209925e+00	-8.014134e+00
3.300000e-01	-1.199791e+00	-8.003093e+00
3.305000e-01	-1.187115e+00	-7.992789e+00
3.310000e-01	-1.172166e+00	-7.984326e+00
3.315000e-01	-1.155235e+00	-7.978791e+00
3.316960e-01	-1.148119e+00	-7.977637e+00
3.318984e-01	-1.140508e+00	-7.977128e+00
3.320000e-01	-1.136591e+00	-7.977149e+00
3.322246e-01	-1.127719e+00	-7.977883e+00
3.324082e-01	-1.120251e+00	-7.979211e+00
3.325000e-01	-1.116448e+00	-7.980127e+00
3.330000e-01	-1.094961e+00	-7.988133e+00
3.335000e-01	-1.072243e+00	-8.001224e+00
3.340000e-01	-1.048400e+00	-8.019137e+00
3.345000e-01	-1.023562e+00	-8.041353e+00
3.350000e-01	-9.979069e-01	-8.067197e+00
3.351730e-01	-9.888812e-01	-8.076844e+00
3.355000e-01	-9.716702e-01	-8.095883e+00
3.360000e-01	-9.451682e-01	-8.126484e+00
3.365000e-01	-9.187096e-01	-8.158044e+00
3.370000e-01	-8.925299e-01	-8.189611e+00
3.375000e-01	-8.667512e-01	-8.220270e+00
3.380000e-01	-8.413758e-01	-8.249155e+00
3.385000e-01	-8.163167e-01	-8.275491e+00
3.390000e-01	-7.914605e-01	-8.298616e+00
3.395000e-01	-7.667481e-01	-8.318006e+00
3.400000e-01	-7.422363e-01	-8.333287e+00
3.405000e-01	-7.181110e-01	-8.344273e+00
3.410000e-01	-6.946502e-01	-8.351003e+00
3.415000e-01	-6.721520e-01	-8.353771e+00
3.420000e-01	-6.508572e-01	-8.353127e+00
3.425000e-01	-6.308973e-01	-8.349844e+00
3.430000e-01	-6.122897e-01	-8.344846e+00
3.435000e-01	-5.949749e-01	-8.339130e+00
3.436311e-01	-5.906410e-01	-8.337635e+00
3.438770e-01	-5.827305e-01	-8.334935e+00
3.440000e-01	-5.788841e-01	-8.333663e+00
3.441429e-01	-5.745075e-01	-8.332274e+00
3.445000e-01	-5.640043e-01	-8.329328e+00
3.448889e-01	-5.533171e-01	-8.327227e+00
3.450000e-01	-5.504169e-01	-8.326878e+00
3.455000e-01	-5.382938e-01	-8.326925e+00
3.460000e-01	-5.278479e-01	-8.329939e+00
3.465000e-01	-5.192694e-01	-8.336256e+00
3.470000e-01	-5.126615e-01	-8.346067e+00
3.475000e-01	-5.080060e-01	-8.359394e+00
3.480000e-01	-5.051704e-01	-8.376058e+00
3.485000e-01	-5.039521e-01	-8.395658e+00
3.490000e-01	-5.041437e-01	-8.417586e+00
3.495000e-01	-5.055897e-01	-8.441055e+00
3.500000e-01	-5.082221e-01	-8.465179e+00
3.505000e-01	-5.120522e-01	-8.489090e+00
3.510000e-01	-5.171320e-01	-8.511987e+00
3.515000e-01	-5.235030e-01	-8.533206e+00
3.520000e-01	-5.311525e-01	-8.552243e+00
3.525000e-01	-5.399934e-01	-8.568749e+00
3.530000e-01	-5.498766e-01	-8.582503e+00
3.535000e-01	-5.606309e-01	-8.593386e+00
3.540000e-01	-5.721167e-01	-8.601367e+00
3.545000e-01	-5.842622e-01	-8.606523e+00
3.550000e-01	-5.970830e-01	-8.609044e+00
3.553795e-01	-6.073219e-01	-8.609425e+00
3.555000e-01	-6.106726e-01	-8.609298e+00
3.560000e-01	-6.251500e-01	-8.607777e+00
3.565000e-01	-6.406287e-01	-8.605178e+00
3.570000e-01	-6.571555e-01	-8.602204e+00
3.575000e-01	-6.747030e-01	-8.599661e+00
3.580000e-01	-6.931851e-01	-8.598188e+00
3.585000e-01	-7.124534e-01	-8.598426e+00
3.590000e-01	-7.323711e-01	-8.600788e+00
3.595000e-01	-7.528207e-01	-8.605571e+00
3.600000e-01	-7.737315e-01	-8.612940e+00
3.605000e-01	-7.950520e-01	-8.622987e+00
3.610000e-01	-8.167347e-01	-8.635729e+00
3.615000e-01	-8.386967e-01	-8.651123e+00
3.620000e-01	-8.608012e-01	-8.669039e+00
3.625000e-01	-8.828524e-01	-8.689232e+00
3.630000e-01	-9.046077e-01	-8.711315e+00
3.635000e-01	-9.258062e-01	-8.734762e+00
3.640000e-01	-9.462027e-01	-8.758931e+00
3.645000e-01	-9.655988e-01	-8.783114e+00
3.650000e-01	-9.838591e-01	-8.806606e+00
3.655000e-01	-1.000911e+00	-8.828776e+00
3.660000e-01	-1.016728e+00	-8.849139e+00
3.665000e-01	-1.031304e+00	-8.867271e+00
3.667330e-01	-1.037643e+00	-8.874866e+00
3.670000e-01	-1.044489e+00	-8.882817e+00
3.675000e-01	-1.055923e+00	-8.895362e+00
3.680000e-01	-1.065338e+00	-8.904715e+00
3.685000e-01	-1.072643e+00	-8.910954e+00
3.690000e-01	-1.077941e+00	-8.914425e+00
3.695000e-01	-1.081515e+00	-8.915702e+00
3.700000e-01	-1.083761e+00	-8.915534e+00
3.702185e-01	-1.084435e+00	-8.915219e+00
3.703513e-01	-1.084775e+00	-8.915002e+00
3.704817e-01	-1.085064e+00	-8.914787e+00
3.705000e-01	-1.085102e+00	-8.914757e+00
3.706302e-01	-1.085347e+00	-8.914558e+00
3.710000e-01	-1.085867e+00	-8.914182e+00
3.715000e-01	-1.086187e+00	-8.914458e+00
3.717957e-01	-1.086132e+00	-8.915204e+00
3.719238e-01	-1.086036e+00	-8.915680e+00
3.720000e-01	-1.085956e+00	-8.916009e+00
3.725000e-01	-1.084893e+00	-8.919031e+00
3.730000e-01	-1.082658e+00	-8.923566e+00
3.735000e-01	-1.078985e+00	-8.929596e+00
3.740000e-01	-1.073780e+00	-8.937130e+00
3.745000e-01	-1.067150e+00	-8.946244e+00
3.750000e-01	-1.059348e+00	-8.957050e+00
3.755000e-01	-1.050660e+00	-8.969627e+00
3.760000e-01	-1.041299e+00	-8.983928e+00
3.765000e-01	-1.031305e+00	-8.999712e+00
3.770000e-01	-1.020564e+00	-9.016507e+00
3.775000e-01	-1.008908e+00	-9.033566e+00
3.780000e-01	-9.961459e-01	-9.050150e+00
3.785000e-01	-9.821380e-01	-9.065734e+00
3.790000e-01	-9.668629e-01	-9.080118e+00
3.795000e-01	-9.504348e-01	-9.093438e+00
3.800000e-01	-9.330652e-01	-9.106069e+00
3.805000e-01	-9.149908e-01	-9.118463e+00
3.810000e-01	-8.964012e-01	-9.130953e+00
3.815000e-01	-8.773922e-01	-9.143633e+00
3.820000e-01	-8.579557e-01	-9.156332e+00
3.825000e-01	-8.380096e-01	-9.168722e+00
3.830000e-01	-8.174552e-01	-9.180475e+00
3.835000e-01	-7.962396e-01	-9.191422e+00
3.840000e-01	-7.744019e-01	-9.201640e+00
3.845000e-01	-7.520846e-01	-9.211426e+00
3.850000e-01	-7.295081e-01	-9.221170e+00
3.855000e-01	-7.069207e-01	-9.231192e+00
3.860000e-01	-6.845383e-01	-9.241596e+00
3.865000e-01	-6.625064e-01	-9.252212e+00
3.870000e-01	-6.408911e-01	-9.262649e+00
3.875000e-01	-6.197058e-01	-9.272444e+00
3.880000e-01	-5.989642e-01	-9.281226e+00
3.885000e-01	-5.787374e-01	-9.288868e+00
3.890000e-01	-5.591954e-01	-9.295542e+00
3.895000e-01	-5.406166e-01	-9.301677e+00
3.900000e-01	-5.233604e-01	-9.307833e+00
3.905000e-01	-5.078122e-01	-9.314539e+00
3.910000e-01	-4.943211e-01	-9.322169e+00
3.915000e-01	-4.831515e-01	-9.330882e+00
3.920000e-01	-4.744638e-01	-9.340660e+00
3.925000e-01	-4.683311e-01	-9.351404e+00
3.930000e-01	-4.647799e-01	-9.363046e+00
3.935000e-01	-4.638392e-01	-9.375624e+00
3.940000e-01	-4.655730e-01	-9.389277e+00
3.945000e-01	-4.700857e-01	-9.404171e+00
3.950000e-01	-4.774966e-01	-9.420393e+00
3.955000e-01	-4.878923e-01	-9.437828e+00
3.960000e-01	-5.012741e-01	-9.456106e+00
3.965000e-01	-5.175246e-01	-9.474624e+00
3.970000e-01	-5.364009e-01	-9.492636e+00
3.975000e-01	-5.575626e-01	-9.509402e+00
3.980000e-01	-5.806387e-01	-9.524334e+00
3.985000e-01	-6.052586e-01	-9.537002e+00
3.990000e-01	-6.311478e-01	-9.547237e+00
3.995000e-01	-6.580889e-01	-9.555152e+00
4.000000e-01	-6.858878e-01	-9.561078e+00
4.001277e-01	-6.930987e-01	-9.562326e+00
4.002609e-01	-7.006656e-01	-9.563530e+00
4.004009e-01	-7.086520e-01	-9.564695e+00
4.005000e-01	-7.143299e-01	-9.565465e+00
4.006261e-01	-7.215718e-01	-9.566382e+00
4.007558e-01	-7.290456e-01	-9.567260e+00
4.008819e-01	-7.363168e-01	-9.568053e+00
4.010000e-01	-7.431330e-01	-9.568745e+00
4.015000e-01	-7.718673e-01	-9.571192e+00
4.020000e-01	-8.000740e-01	-9.573025e+00
4.025000e-01	-8.273718e-01	-9.574541e+00
4.030000e-01	-8.534773e-01	-9.576155e+00
4.035000e-01	-8.781627e-01	-9.578352e+00
4.040000e-01	-9.012722e-01	-9.581688e+00
4.045000e-01	-9.227212e-01	-9.586734e+00
4.048332e-01	-9.360774e-01	-9.591296e+00
4.049596e-01	-9.409496e-01	-9.593308e+00
4.050000e-01	-9.424841e-01	-9.593985e+00
4.051464e-01	-9.479533e-01	-9.596578e+00
4.053038e-01	-9.536748e-01	-9.599615e+00
4.054526e-01	-9.589301e-01	-9.602724e+00
4.055000e-01	-9.605749e-01	-9.603765e+00
4.060000e-01	-9.770181e-01	-9.616151e+00
4.065000e-01	-9.918145e-01	-9.630930e+00
4.070000e-01	-1.004922e+00	-9.647623e+00
4.073158e-01	-1.012298e+00	-9.658859e+00
4.075000e-01	-1.016269e+00	-9.665573e+00
4.080000e-01	-1.025795e+00	-9.684031e+00
4.085000e-01	-1.033493e+00	-9.702294e+00
4.090000e-01	-1.039417e+00	-9.719822e+00
4.095000e-01	-1.043689e+00	-9.736283e+00
4.100000e-01	-1.046480e+00	-9.751539e+00
4.105000e-01	-1.047970e+00	-9.765574e+00
4.110000e-01	-1.048327e+00	-9.778417e+00
4.115000e-01	-1.047687e+00	-9.790059e+00
4.120000e-01	-1.046165e+00	-9.800436e+00
4.125000e-01	-1.043875e+00	-9.809465e+00
4.130000e-01	-1.040948e+00	-9.817124e+00
4.135000e-01	-1.037554e+00	-9.823545e+00
4.140000e-01	-1.033900e+00	-9.829060e+00
4.145000e-01	-1.030212e+00	-9.834187e+00
4.150000e-01	-1.026703e+00	-9.839551e+00
4.155000e-01	-1.023542e+00	-9.845759e+00
4.160000e-01	-1.020815e+00	-9.853277e+00
4.165000e-01	-1.018517e+00	-9.862358e+00
4.170000e-01	-1.016548e+00	-9.873021e+00
4.175000e-01	-1.014735e+00	-9.885111e+00
4.180000e-01	-1.012860e+00	-9.898386e+00
4.185000e-01	-1.010686e+00	-9.912612e+00
4.190000e-01	-1.007983e+00	-9.927615e+00
4.195000e-01	-1.004533e+00	-9.943287e+00
4.200000e-01	-1.000132e+00	-9.959529e+00
4.205000e-01	-9.945769e-01	-9.976178e+00
4.210000e-01	-9.876684e-01	-9.992955e+00
4.215000e-01	-9.792088e-01	-1.000945e+01
4.220000e-01	-9.690155e-01	-1.002513e+01
4.225000e-01	-9.569329e-01	-1.003944e+01
4.230000e-01	-9.428443e-01	-1.005192e+01
4.235000e-01	-9.267003e-01	-1.006230e+01
4.240000e-01	-9.085254e-01	-1.007054e+01
4.245000e-01	-8.884199e-01	-1.007684e+01
4.249652e-01	-8.681264e-01	-1.008127e+01
4.250000e-01	-8.665542e-01	-1.008156e+01
4.255000e-01	-8.431569e-01	-1.008520e+01
4.256297e-01	-8.368696e-01	-1.008602e+01
4.257646e-01	-8.302457e-01	-1.008685e+01
4.259000e-01	-8.235161e-01	-1.008765e+01
4.260000e-01	-8.184963e-01	-1.008823e+01
4.265000e-01	-7.928525e-01	-1.009106e+01
4.270000e-01	-7.664922e-01	-1.009394e+01
4.275000e-01	-7.396577e-01	-1.009703e+01
4.280000e-01	-7.125712e-01	-1.010042e+01
4.285000e-01	-6.854537e-01	-1.010425e+01
4.290000e-01	-6.585489e-01	-1.010875e+01
4.295000e-01	-6.321412e-01	-1.011426e+01
4.300000e-01	-6.065626e-01	-1.012116e+01
4.305000e-01	-5.821810e-01	-1.012976e+01
4.310000e-01	-5.593744e-01	-1.014027e+01
4.315000e-01	-5.385020e-01	-1.015270e+01
4.320000e-01	-5.198773e-01	-1.016688e+01
4.325000e-01	-5.037520e-01	-1.018253e+01
4.330000e-01	-4.903192e-01	-1.019933e+01
4.335000e-01	-4.797256e-01	-1.021702e+01
4.340000e-01	-4.721033e-01	-1.023541e+01
4.345000e-01	-4.675816e-01	-1.025432e+01
4.350000e-01	-4.661985e-01	-1.027360e+01
4.355000e-01	-4.679238e-01	-1.029307e+01
4.360000e-01	-4.726883e-01	-1.031259e+01
4.365000e-01	-4.803885e-01	-1.033203e+01
4.370000e-01	-4.908868e-01	-1.035121e+01
4.375000e-01	-5.040094e-01	-1.036988e+01
4.380000e-01	-5.195371e-01	-1.038774e+01
4.385000e-01	-5.371942e-01	-1.040443e+01
4.390000e-01	-5.566441e-01	-1.041957e+01
4.395000e-01	-5.774996e-01	-1.043278e+01
4.400000e-01	-5.993494e-01	-1.044379e+01
4.405000e-01	-6.217918e-01	-1.045241e+01
4.410000e-01	-6.444684e-01	-1.045858e+01
4.415000e-01	-6.670860e-01	-1.046238e+01
4.416737e-01	-6.748850e-01	-1.046317e+01
4.418423e-01	-6.824167e-01	-1.046369e+01
4.420000e-01	-6.894223e-01	-1.046398e+01
4.421876e-01	-6.976963e-01	-1.046407e+01
4.425000e-01	-7.113143e-01	-1.046368e+01
4.430000e-01	-7.326372e-01	-1.046184e+01
4.435000e-01	-7.532820e-01	-1.045891e+01
4.440000e-01	-7.731415e-01	-1.045539e+01
4.445000e-01	-7.921109e-01	-1.045184e+01
4.450000e-01	-8.100996e-01	-1.044886e+01
4.455000e-01	-8.270515e-01	-1.044708e+01
4.460000e-01	-8.429638e-01	-1.044708e+01
4.465000e-01	-8.578934e-01	-1.044938e+01
4.470000e-01	-8.719511e-01	-1.045437e+01
4.471667e-01	-8.764679e-01	-1.045668e+01
4.473333e-01	-8.809095e-01	-1.045933e+01
4.475000e-01	-8.852818e-01	-1.046231e+01
4.477049e-01	-8.905715e-01	-1.046644e+01
4.480000e-01	-8.980379e-01	-1.047328e+01
4.485000e-01	-9.103544e-01	-1.048719e+01
4.490000e-01	-9.223547e-01	-1.050375e+01
4.495000e-01	-9.341280e-01	-1.052254e+01
4.500000e-01	-9.457047e-01	-1.054303e+01
4.505000e-01	-9.570521e-01	-1.056467e+01
4.510000e-01	-9.681209e-01	-1.058691e+01
4.515000e-01	-9.788683e-01	-1.060932e+01
4.520000e-01	-9.892738e-01	-1.063151e+01
4.525000e-01	-9.993462e-01	-1.065320e+01
4.530000e-01	-1.009119e+00	-1.067411e+01
4.535000e-01	-1.018628e+00	-1.069401e+01
4.540000e-01	-1.027877e+00	-1.071267e+01
4.545000e-01	-1.036806e+00	-1.072986e+01
4.550000e-01	-1.045271e+00	-1.074541e+01
4.555000e-01	-1.053065e+00	-1.075921e+01
4.560000e-01	-1.059950e+00	-1.077122e+01
4.565000e-01	-1.065707e+00	-1.078149e+01
4.570000e-01	-1.070169e+00	-1.079016e+01
4.575000e-01	-1.073242e+00	-1.079739e+01
4.580000e-01	-1.074895e+00	-1.080333e+01
4.585000e-01	-1.075127e+00	-1.080814e+01
4.590000e-01	-1.073928e+00	-1.081191e+01
4.595000e-01	-1.071250e+00	-1.081476e+01
4.600000e-01	-1.066996e+00	-1.081679e+01
4.605000e-01	-1.061037e+00	-1.081816e+01
4.610000e-01	-1.053245e+00	-1.081909e+01
4.611667e-01	-1.050223e+00	-1.081936e+01
4.613333e-01	-1.046986e+00	-1.081962e+01
4.615000e-01	-1.043533e+00	-1.081989e+01
4.620000e-01	-1.031890e+00	-1.082092e+01
4.625000e-01	-1.018390e+00	-1.082256e+01
4.630000e-01	-1.003179e+00	-1.082520e+01
4.635000e-01	-9.864490e-01	-1.082920e+01
4.640000e-01	-9.683970e-01	-1.083483e+01
4.645000e-01	-9.491973e-01	-1.084231e+01
4.650000e-01	-9.290010e-01	-1.085172e+01
4.655000e-01	-9.079516e-01	-1.086305e+01
4.660000e-01	-8.861827e-01	-1.087621e+01
4.665000e-01	-8.638350e-01	-1.089108e+01
4.670000e-01	-8.410688e-01	-1.090755e+01
4.675000e-01	-8.180660e-01	-1.092547e+01
4.680000e-01	-7.950215e-01	-1.094465e+01
4.685000e-01	-7.721266e-01	-1.096483e+01
4.690000e-01	-7.495507e-01	-1.098562e+01
4.695000e-01	-7.274260e-01	-1.100657e+01
4.700000e-01	-7.058430e-01	-1.102716e+01
4.705000e-01	-6.848580e-01	-1.104688e+01
4.710000e-01	-6.645118e-01	-1.106534e+01
4.715000e-01	-6.448545e-01	-1.108227e+01
4.720000e-01	-6.259713e-01	-1.109752e+01
4.725000e-01	-6.079861e-01	-1.111104e+01
4.730000e-01	-5.910112e-01	-1.112280e+01
4.735000e-01	-5.751859e-01	-1.113284e+01
4.740000e-01	-5.606870e-01	-1.114128e+01
4.745000e-01	-5.477181e-01	-1.114832e+01
4.750000e-01	-5.364892e-01	-1.115424e+01
4.755000e-01	-5.271931e-01	-1.115931e+01
4.760000e-01	-5.199826e-01	-1.116386e+01
4.765000e-01	-5.149518e-01	-1.116818e+01
4.770000e-01	-5.121307e-01	-1.117249e+01
4.775000e-01	-5.114916e-01	-1.117700e+01
4.780000e-01	-5.129656e-01	-1.118186e+01
4.785000e-01	-5.164609e-01	-1.118717e+01
4.790000e-01	-5.218783e-01	-1.119304e+01
4.794259e-01	-5.279314e-01	-1.119856e+01
4.795000e-01	-5.291125e-01	-1.119957e+01
4.800000e-01	-5.380367e-01	-1.120678e+01
4.805000e-01	-5.485209e-01	-1.121468e+01
4.810000e-01	-5.604332e-01	-1.122327e+01
4.815000e-01	-5.736398e-01	-1.123257e+01
4.820000e-01	-5.880038e-01	-1.124260e+01
4.825000e-01	-6.033845e-01	-1.125338e+01
4.830000e-01	-6.196371e-01	-1.126494e+01
4.835000e-01	-6.366137e-01	-1.127726e+01
4.840000e-01	-6.541641e-01	-1.129029e+01
4.845000e-01	-6.721381e-01	-1.130395e+01
4.850000e-01	-6.903864e-01	-1.131813e+01
4.855000e-01	-7.087613e-01	-1.133270e+01
4.860000e-01	-7.271187e-01	-1.134751e+01
4.865000e-01	-7.453205e-01	-1.136241e+01
4.870000e-01	-7.632362e-01	-1.137725e+01
4.875000e-01	-7.807475e-01	-1.139192e+01
4.880000e-01	-7.977537e-01	-1.140627e+01
4.885000e-01	-8.141775e-01	-1.142019e+01
4.890000e-01	-8.299723e-01	-1.143352e+01
4.895000e-01	-8.451265e-01	-1.144614e+01
4.900000e-01	-8.596679e-01	-1.145789e+01
4.905000e-01	-8.736639e-01	-1.146866e+01
4.910000e-01	-8.872184e-01	-1.147838e+01
4.915000e-01	-9.004625e-01	-1.148704e+01
4.920000e-01	-9.135399e-01	-1.149474e+01
4.925000e-01	-9.265905e-01	-1.150165e+01
4.929405e-01	-9.381686e-01	-1.150729e+01
4.930000e-01	-9.397428e-01	-1.150803e+01
4.935000e-01	-9.531051e-01	-1.151414e+01
4.940000e-01	-9.667520e-01	-1.152028e+01
4.945000e-01	-9.807154e-01	-1.152672e+01
4.950000e-01	-9.949793e-01	-1.153369e+01
4.952134e-01	-1.001144e+00	-1.153687e+01
4.955000e-01	-1.009477e+00	-1.154135e+01
4.960000e-01	-1.024094e+00	-1.154976e+01
4.965000e-01	-1.038667e+00	-1.155895e+01
4.970000e-01	-1.052996e+00	-1.156884e+01
4.975000e-01	-1.066846e+00	-1.157933e+01
4.980000e-01	-1.079957e+00	-1.159031e+01
4.985000e-01	-1.092054e+00	-1.160165e+01
4.990000e-01	-1.102847e+00	-1.161326e+01
4.995000e-01	-1.112047e+00	-1.162506e+01
5.000000e-01	-1.119368e+00	-1.163703e+01
5.005000e-01	-1.124536e+00	-1.164915e+01
5.010000e-01	-1.127296e+00	-1.166142e+01
5.015000e-01	-1.127423e+00	-1.167386e+01
5.020000e-01	-1.124728e+00	-1.168645e+01
5.025000e-01	-1.119071e+00	-1.169918e+01
5.030000e-01	-1.110369e+00	-1.171199e+01
5.035000e-01	-1.098600e+00	-1.172480e+01
5.040000e-01	-1.083812e+00	-1.173749e+01
5.045000e-01	-1.066125e+00	-1.174992e+01
5.050000e-01	-1.045728e+00	-1.176193e+01
5.055000e-01	-1.022875e+00	-1.177336e+01
5.060000e-01	-9.978820e-01	-1.178405e+01
5.065000e-01	-9.711128e-01	-1.179388e+01
5.070000e-01	-9.429724e-01	-1.180278e+01
5.075000e-01	-9.138947e-01	-1.181074e+01
5.080000e-01	-8.843330e-01	-1.181782e+01
5.081363e-01	-8.762537e-01	-1.181961e+01
5.083040e-01	-8.663197e-01	-1.182176e+01
5.084333e-01	-8.586817e-01	-1.182337e+01
5.085000e-01	-8.547501e-01	-1.182418e+01
5.086531e-01	-8.457578e-01	-1.182602e+01
5.087927e-01	-8.376095e-01	-1.182767e+01
5.089687e-01	-8.274102e-01	-1.182972e+01
5.090000e-01	-8.256094e-01	-1.183009e+01
5.091388e-01	-8.176590e-01	-1.183168e+01
5.092742e-01	-8.099799e-01	-1.183324e+01
5.094815e-01	-7.983872e-01	-1.183564e+01
5.095000e-01	-7.973623e-01	-1.183585e+01
5.097536e-01	-7.835130e-01	-1.183885e+01
5.100000e-01	-7.704319e-01	-1.184186e+01
5.103881e-01	-7.506817e-01	-1.184694e+01
5.105000e-01	-7.452010e-01	-1.184849e+01
5.106362e-01	-7.386652e-01	-1.185046e+01
5.107876e-01	-7.315901e-01	-1.185273e+01
5.109492e-01	-7.242553e-01	-1.185529e+01
5.110000e-01	-7.219988e-01	-1.185612e+01
5.111263e-01	-7.164921e-01	-1.185824e+01
5.112524e-01	-7.111424e-01	-1.186044e+01
5.113818e-01	-7.058153e-01	-1.186280e+01
5.115000e-01	-7.010881e-01	-1.186504e+01
5.116308e-01	-6.960214e-01	-1.186761e+01
5.118813e-01	-6.867983e-01	-1.187285e+01
5.120000e-01	-6.826535e-01	-1.187548e+01
5.125000e-01	-6.667923e-01	-1.188755e+01
5.130000e-01	-6.535090e-01	-1.190124e+01
5.135000e-01	-6.427156e-01	-1.191643e+01
5.140000e-01	-6.342360e-01	-1.193289e+01
5.145000e-01	-6.278168e-01	-1.195031e+01
5.150000e-01	-6.231420e-01	-1.196833e+01
5.155000e-01	-6.198522e-01	-1.198657e+01
5.160000e-01	-6.175657e-01	-1.200464e+01
5.165000e-01	-6.159000e-01	-1.202219e+01
5.170000e-01	-6.144928e-01	-1.203888e+01
5.175000e-01	-6.130211e-01	-1.205444e+01
5.180000e-01	-6.112163e-01	-1.206863e+01
5.185000e-01	-6.088753e-01	-1.208126e+01
5.190000e-01	-6.058681e-01	-1.209219e+01
5.195000e-01	-6.021400e-01	-1.210136e+01
5.200000e-01	-5.977109e-01	-1.210873e+01
5.205000e-01	-5.926712e-01	-1.211434e+01
5.210000e-01	-5.871758e-01	-1.211831e+01
5.215000e-01	-5.814362e-01	-1.212081e+01
5.220000e-01	-5.757118e-01	-1.212208e+01
5.223310e-01	-5.720755e-01	-1.212241e+01
5.224641e-01	-5.706733e-01	-1.212245e+01
5.225000e-01	-5.703019e-01	-1.212246e+01
5.226338e-01	-5.689492e-01	-1.212245e+01
5.227692e-01	-5.676335e-01	-1.212241e+01
5.229153e-01	-5.662836e-01	-1.212235e+01
5.230000e-01	-5.655360e-01	-1.212231e+01
5.231733e-01	-5.640983e-01	-1.212221e+01
5.233901e-01	-5.624905e-01	-1.212210e+01
5.235000e-01	-5.617651e-01	-1.212206e+01
5.238487e-01	-5.599168e-01	-1.212208e+01
5.239766e-01	-5.594290e-01	-1.212217e+01
5.240000e-01	-5.593516e-01	-1.212219e+01
5.241872e-01	-5.588713e-01	-1.212243e+01
5.244785e-01	-5.586478e-01	-1.212311e+01
5.245000e-01	-5.586581e-01	-1.212318e+01
5.248393e-01	-5.593468e-01	-1.212459e+01
5.250000e-01	-5.600360e-01	-1.212551e+01
5.253206e-01	-5.621618e-01	-1.212794e+01
5.255000e-01	-5.638112e-01	-1.212966e+01
5.258422e-01	-5.679263e-01	-1.213375e+01
5.259758e-01	-5.698920e-01	-1.213566e+01
5.260000e-01	-5.702697e-01	-1.213602e+01
5.265000e-01	-5.796422e-01	-1.214494e+01
5.267175e-01	-5.846721e-01	-1.214967e+01
5.269796e-01	-5.915198e-01	-1.215610e+01
5.270000e-01	-5.920888e-01	-1.215664e+01
5.275000e-01	-6.076854e-01	-1.217123e+01
5.280000e-01	-6.264126e-01	-1.218867e+01
5.285000e-01	-6.481481e-01	-1.220879e+01
5.290000e-01	-6.726649e-01	-1.223124e+01
5.295000e-01	-6.996346e-01	-1.225555e+01
5.300000e-01	-7.286372e-01	-1.228115e+01
5.305000e-01	-7.591760e-01	-1.230734e+01
5.310000e-01	-7.906972e-01	-1.233340e+01
5.315000e-01	-8.226140e-01	-1.235859e+01
5.320000e-01	-8.543310e-01	-1.238217e+01
5.325000e-01	-8.852692e-01	-1.240347e+01
5.330000e-01	-9.148888e-01	-1.242192e+01
5.335000e-01	-9.427088e-01	-1.243704e+01
5.340000e-01	-9.683219e-01	-1.244849e+01
5.345000e-01	-9.914062e-01	-1.245610e+01
5.350000e-01	-1.011730e+00	-1.245985e+01
5.352849e-01	-1.022016e+00	-1.246031e+01
5.354481e-01	-1.027478e+00	-1.246006e+01
5.355000e-01	-1.029151e+00	-1.245990e+01
5.356307e-01	-1.033219e+00	-1.245934e+01
5.358365e-01	-1.039210e+00	-1.245803e+01
5.360000e-01	-1.043615e+00	-1.245661e+01
5.365000e-01	-1.055147e+00	-1.245050e+01
5.370000e-01	-1.063843e+00	-1.244226e+01
5.375000e-01	-1.069862e+00	-1.243268e+01
5.380000e-01	-1.073419e+00	-1.242263e+01
5.385000e-01	-1.074774e+00	-1.241305e+01
5.390000e-01	-1.074227e+00	-1.240483e+01
5.395000e-01	-1.072105e+00	-1.239883e+01
5.400000e-01	-1.068752e+00	-1.239583e+01
5.405000e-01	-1.064515e+00	-1.239648e+01
5.406269e-01	-1.063342e+00	-1.239728e+01
5.407605e-01	-1.062074e+00	-1.239843e+01
5.408955e-01	-1.060768e+00	-1.239990e+01
5.410000e-01	-1.059744e+00	-1.240126e+01
5.411256e-01	-1.058500e+00	-1.240315e+01
5.412507e-01	-1.057252e+00	-1.240531e+01
5.413787e-01	-1.055971e+00	-1.240782e+01
5.415000e-01	-1.054758e+00	-1.241048e+01
5.417309e-01	-1.052462e+00	-1.241628e+01
5.420000e-01	-1.049834e+00	-1.242429e+01
5.425000e-01	-1.045189e+00	-1.244265e+01
5.430000e-01	-1.040962e+00	-1.246534e+01
5.435000e-01	-1.037208e+00	-1.249197e+01
5.440000e-01	-1.033880e+00	-1.252188e+01
5.445000e-01	-1.030856e+00	-1.255427e+01
5.450000e-01	-1.027961e+00	-1.258823e+01
5.455000e-01	-1.024980e+00	-1.262281e+01
5.460000e-01	-1.021678e+00	-1.265702e+01
5.465000e-01	-1.017803e+00	-1.268987e+01
5.470000e-01	-1.013098e+00	-1.272039e+01
5.475000e-01	-1.007308e+00	-1.274770e+01
5.480000e-01	-1.000182e+00	-1.277095e+01
5.485000e-01	-9.914863e-01	-1.278942e+01
5.490000e-01	-9.810173e-01	-1.280255e+01
5.495000e-01	-9.686241e-01	-1.281001e+01
5.500000e-01	-9.542246e-01	-1.281172e+01
5.505000e-01	-9.378166e-01	-1.280794e+01
5.510000e-01	-9.194775e-01	-1.279924e+01
5.511875e-01	-9.121294e-01	-1.279488e+01
5.513180e-01	-9.068725e-01	-1.279153e+01
5.515000e-01	-8.993540e-01	-1.278648e+01
5.516374e-01	-8.935371e-01	-1.278240e+01
5.517865e-01	-8.870947e-01	-1.277775e+01
5.519288e-01	-8.808233e-01	-1.277312e+01
5.520000e-01	-8.776451e-01	-1.277075e+01
5.525000e-01	-8.545844e-01	-1.275328e+01
5.530000e-01	-8.304269e-01	-1.273540e+01
5.535000e-01	-8.054429e-01	-1.271842e+01
5.540000e-01	-7.799193e-01	-1.270359e+01
5.545000e-01	-7.541652e-01	-1.269207e+01
5.550000e-01	-7.285170e-01	-1.268486e+01
5.553773e-01	-7.094507e-01	-1.268279e+01
5.555000e-01	-7.033333e-01	-1.268280e+01
5.556456e-01	-6.961427e-01	-1.268327e+01
5.560000e-01	-6.789868e-01	-1.268652e+01
5.565000e-01	-6.558449e-01	-1.269643e+01
5.570000e-01	-6.342463e-01	-1.271266e+01
5.575000e-01	-6.144740e-01	-1.273506e+01
5.578002e-01	-6.035744e-01	-1.275129e+01
5.580000e-01	-5.967490e-01	-1.276316e+01
5.585000e-01	-5.812307e-01	-1.279614e+01
5.590000e-01	-5.680011e-01	-1.283294e+01
5.595000e-01	-5.570712e-01	-1.287236e+01
5.600000e-01	-5.483940e-01	-1.291312e+01
5.605000e-01	-5.418803e-01	-1.295395e+01
5.610000e-01	-5.374148e-01	-1.299361e+01
5.615000e-01	-5.348692e-01	-1.303089e+01
5.620000e-01	-5.341119e-01	-1.306465e+01
5.625000e-01	-5.350070e-01	-1.309378e+01
5.630000e-01	-5.374006e-01	-1.311722e+01
5.635000e-01	-5.411448e-01	-1.313413e+01
5.640000e-01	-5.461103e-01	-1.314403e+01
5.645000e-01	-5.521882e-01	-1.314686e+01
5.650000e-01	-5.592881e-01	-1.314301e+01
5.651707e-01	-5.619317e-01	-1.314030e+01
5.652986e-01	-5.639839e-01	-1.313783e+01
5.654237e-01	-5.660476e-01	-1.313509e+01
5.655000e-01	-5.673332e-01	-1.313326e+01
5.656250e-01	-5.694842e-01	-1.313002e+01
5.657557e-01	-5.717909e-01	-1.312633e+01
5.658877e-01	-5.741792e-01	-1.312231e+01
5.660000e-01	-5.762554e-01	-1.311867e+01
5.665000e-01	-5.859912e-01	-1.310047e+01
5.670000e-01	-5.964804e-01	-1.307997e+01
5.675000e-01	-6.076675e-01	-1.305850e+01
5.680000e-01	-6.195045e-01	-1.303738e+01
5.685000e-01	-6.319550e-01	-1.301795e+01
5.690000e-01	-6.449969e-01	-1.300152e+01
5.695000e-01	-6.586232e-01	-1.298936e+01
5.700000e-01	-6.728403e-01	-1.298264e+01
5.705000e-01	-6.876622e-01	-1.298228e+01
5.710000e-01	-7.031038e-01	-1.298889e+01
5.712533e-01	-7.111646e-01	-1.299499e+01
5.713803e-01	-7.152668e-01	-1.299874e+01
5.715000e-01	-7.191666e-01	-1.300268e+01
5.716260e-01	-7.233112e-01	-1.300727e+01
5.717567e-01	-7.276473e-01	-1.301248e+01
5.718890e-01	-7.320824e-01	-1.301823e+01
5.720000e-01	-7.358305e-01	-1.302339e+01
5.725000e-01	-7.530596e-01	-1.305039e+01
5.730000e-01	-7.707999e-01	-1.308278e+01
5.735000e-01	-7.889787e-01	-1.311946e+01
5.740000e-01	-8.075061e-01	-1.315923e+01
5.745000e-01	-8.262787e-01	-1.320082e+01
5.750000e-01	-8.451850e-01	-1.324293e+01
5.755000e-01	-8.641114e-01	-1.328424e+01
5.760000e-01	-8.829472e-01	-1.332341e+01
5.765000e-01	-9.015950e-01	-1.335906e+01
5.770000e-01	-9.199680e-01	-1.338981e+01
5.775000e-01	-9.379779e-01	-1.341454e+01
5.780000e-01	-9.555368e-01	-1.343239e+01
5.785000e-01	-9.725620e-01	-1.344295e+01
5.790000e-01	-9.889822e-01	-1.344627e+01
5.795000e-01	-1.004742e+00	-1.344282e+01
5.796405e-01	-1.009046e+00	-1.344075e+01
5.797740e-01	-1.013086e+00	-1.343836e+01
5.799184e-01	-1.017396e+00	-1.343534e+01
5.800000e-01	-1.019804e+00	-1.343346e+01
5.801341e-01	-1.023720e+00	-1.343008e+01
5.802764e-01	-1.027822e+00	-1.342613e+01
5.805000e-01	-1.034140e+00	-1.341928e+01
5.810000e-01	-1.047721e+00	-1.340155e+01
5.815000e-01	-1.060500e+00	-1.338160e+01
5.820000e-01	-1.072401e+00	-1.336082e+01
5.825000e-01	-1.083308e+00	-1.334058e+01
5.830000e-01	-1.093068e+00	-1.332227e+01
5.835000e-01	-1.101498e+00	-1.330721e+01
5.840000e-01	-1.108405e+00	-1.329666e+01
5.845000e-01	-1.113601e+00	-1.329165e+01
5.850000e-01	-1.116916e+00	-1.329296e+01
5.855000e-01	-1.118206e+00	-1.330101e+01
5.856345e-01	-1.118193e+00	-1.330435e+01
5.860000e-01	-1.117363e+00	-1.331585e+01
5.861406e-01	-1.116730e+00	-1.332121e+01
5.865000e-01	-1.114306e+00	-1.333715e+01
5.870000e-01	-1.108985e+00	-1.336426e+01
5.875000e-01	-1.101380e+00	-1.339627e+01
5.880000e-01	-1.091507e+00	-1.343213e+01
5.885000e-01	-1.079436e+00	-1.347056e+01
5.890000e-01	-1.065289e+00	-1.351021e+01
5.895000e-01	-1.049236e+00	-1.354975e+01
5.900000e-01	-1.031489e+00	-1.358788e+01
5.905000e-01	-1.012299e+00	-1.362336e+01
5.910000e-01	-9.919458e-01	-1.365506e+01
5.915000e-01	-9.707348e-01	-1.368193e+01
5.920000e-01	-9.489839e-01	-1.370310e+01
5.925000e-01	-9.270153e-01	-1.371794e+01
5.930000e-01	-9.051454e-01	-1.372614e+01
5.932210e-01	-8.955889e-01	-1.372766e+01
5.935000e-01	-8.836735e-01	-1.372780e+01
5.940000e-01	-8.628709e-01	-1.372338e+01
5.945000e-01	-8.429765e-01	-1.371379e+01
5.948160e-01	-8.309637e-01	-1.370560e+01
5.949414e-01	-8.263305e-01	-1.370199e+01
5.950000e-01	-8.241896e-01	-1.370025e+01
5.951259e-01	-8.196519e-01	-1.369638e+01
5.952516e-01	-8.152054e-01	-1.369239e+01
5.953781e-01	-8.108126e-01	-1.368827e+01
5.955000e-01	-8.066624e-01	-1.368422e+01
5.960000e-01	-7.904898e-01	-1.366728e+01
5.965000e-01	-7.757003e-01	-1.365096e+01
5.970000e-01	-7.622488e-01	-1.363667e+01
5.975000e-01	-7.500135e-01	-1.362560e+01
5.980000e-01	-7.388018e-01	-1.361871e+01
5.985000e-01	-7.283631e-01	-1.361672e+01
5.987950e-01	-7.224519e-01	-1.361804e+01
5.989524e-01	-7.193458e-01	-1.361954e+01
5.990000e-01	-7.184106e-01	-1.362010e+01
5.991257e-01	-7.159492e-01	-1.362183e+01
5.992533e-01	-7.134597e-01	-1.362395e+01
5.993795e-01	-7.109975e-01	-1.362641e+01
5.995000e-01	-7.086456e-01	-1.362909e+01
6.000000e-01	-6.987823e-01	-1.364365e+01


