"     ankle"

"Time      "	".JOINT_14.Ax_Ay_Az_Projection_Angles.Z"	".JOINT_15.Ax_Ay_Az_Projection_Angles.Z"
0.000000e+00	1.193196e-13	0.000000e+00
5.000000e-04	2.313763e-04	-5.912872e-07
1.000000e-03	6.005602e-04	-5.225320e-06
1.500000e-03	6.382634e-04	-2.141357e-05
2.000000e-03	-6.307888e-05	-6.287672e-05
2.500000e-03	-1.805312e-03	-1.513449e-04
3.000000e-03	-4.755952e-03	-3.169227e-04
3.500000e-03	-8.940515e-03	-5.969829e-04
4.000000e-03	-1.425480e-02	-1.034081e-03
4.500000e-03	-2.049153e-02	-1.673692e-03
5.000000e-03	-2.737411e-02	-2.562454e-03
5.500000e-03	-3.458881e-02	-3.747098e-03
6.000000e-03	-4.181007e-02	-5.273612e-03
6.500000e-03	-4.871722e-02	-7.186096e-03
7.000000e-03	-5.501238e-02	-9.522906e-03
7.500000e-03	-6.045627e-02	-1.229928e-02
8.000000e-03	-6.492683e-02	-1.547697e-02
8.500000e-03	-6.844507e-02	-1.895301e-02
9.000000e-03	-7.114809e-02	-2.257879e-02
9.500000e-03	-7.322167e-02	-2.620123e-02
1.000000e-02	-7.482216e-02	-2.970838e-02
1.050000e-02	-7.602050e-02	-3.305966e-02
1.100000e-02	-7.679027e-02	-3.628845e-02
1.150000e-02	-7.704074e-02	-3.947770e-02
1.200000e-02	-7.668147e-02	-4.271979e-02
1.250000e-02	-7.568208e-02	-4.607714e-02
1.300000e-02	-7.409352e-02	-4.955722e-02
1.350000e-02	-7.202077e-02	-5.311148e-02
1.400000e-02	-6.956121e-02	-5.665782e-02
1.450000e-02	-6.676277e-02	-6.013000e-02
1.500000e-02	-6.361336e-02	-6.352770e-02
1.550000e-02	-6.001626e-02	-6.691709e-02
1.600000e-02	-5.582437e-02	-7.041549e-02
1.650000e-02	-5.090372e-02	-7.415880e-02
1.700000e-02	-4.519697e-02	-7.826446e-02
1.750000e-02	-3.876085e-02	-8.280616e-02
1.800000e-02	-3.176308e-02	-8.781018e-02
1.850000e-02	-2.444131e-02	-9.327341e-02
1.900000e-02	-1.704797e-02	-9.919063e-02
1.950000e-02	-9.875563e-03	-1.055419e-01
2.000000e-02	-3.254419e-03	-1.122917e-01
2.050000e-02	2.488233e-03	-1.194076e-01
2.100000e-02	7.051621e-03	-1.268648e-01
2.150000e-02	1.018775e-02	-1.346479e-01
2.200000e-02	1.172677e-02	-1.427510e-01
2.250000e-02	1.159514e-02	-1.511752e-01
2.300000e-02	9.822642e-03	-1.599252e-01
2.350000e-02	6.536135e-03	-1.690073e-01
2.400000e-02	1.943059e-03	-1.784274e-01
2.450000e-02	-3.693590e-03	-1.881923e-01
2.500000e-02	-1.007980e-02	-1.983121e-01
2.550000e-02	-1.691305e-02	-2.088031e-01
2.600000e-02	-2.390157e-02	-2.196893e-01
2.650000e-02	-3.077704e-02	-2.310007e-01
2.700000e-02	-3.732581e-02	-2.427583e-01
2.750000e-02	-4.343207e-02	-2.549508e-01
2.800000e-02	-4.909242e-02	-2.675256e-01
2.850000e-02	-5.439095e-02	-2.804020e-01
2.900000e-02	-5.945063e-02	-2.934982e-01
2.950000e-02	-6.438020e-02	-3.067632e-01
3.000000e-02	-6.924038e-02	-3.201984e-01
3.050000e-02	-7.404255e-02	-3.338601e-01
3.100000e-02	-7.877856e-02	-3.478427e-01
3.150000e-02	-8.346546e-02	-3.622499e-01
3.200000e-02	-8.818272e-02	-3.771658e-01
3.250000e-02	-9.308581e-02	-3.926387e-01
3.300000e-02	-9.838250e-02	-4.086812e-01
3.350000e-02	-1.042947e-01	-4.252877e-01
3.400000e-02	-1.109938e-01	-4.424593e-01
3.450000e-02	-1.185782e-01	-4.602237e-01
3.500000e-02	-1.270644e-01	-4.786427e-01
3.550000e-02	-1.364100e-01	-4.978058e-01
3.600000e-02	-1.465568e-01	-5.178107e-01
3.650000e-02	-1.574734e-01	-5.387406e-01
3.700000e-02	-1.691812e-01	-5.606462e-01
3.750000e-02	-1.817500e-01	-5.835419e-01
3.800000e-02	-1.952734e-01	-6.074121e-01
3.850000e-02	-2.098264e-01	-6.322297e-01
3.900000e-02	-2.254333e-01	-6.579715e-01
3.950000e-02	-2.420555e-01	-6.846318e-01
4.000000e-02	-2.595964e-01	-7.122216e-01
4.050000e-02	-2.779472e-01	-7.407569e-01
4.100000e-02	-2.970018e-01	-7.702454e-01
4.150000e-02	-3.167025e-01	-8.006729e-01
4.200000e-02	-3.370262e-01	-8.319877e-01
4.250000e-02	-3.579758e-01	-8.641110e-01
4.300000e-02	-3.795368e-01	-8.969394e-01
4.350000e-02	-4.016462e-01	-9.303684e-01
4.400000e-02	-4.241412e-01	-9.642854e-01
4.450000e-02	-4.468210e-01	-9.986074e-01
4.500000e-02	-4.694640e-01	-1.033262e+00
4.550000e-02	-4.917601e-01	-1.068157e+00
4.600000e-02	-5.134478e-01	-1.103206e+00
4.650000e-02	-5.343121e-01	-1.138309e+00
4.700000e-02	-5.541831e-01	-1.173355e+00
4.750000e-02	-5.729155e-01	-1.208227e+00
4.800000e-02	-5.903596e-01	-1.242814e+00
4.850000e-02	-6.063694e-01	-1.277010e+00
4.900000e-02	-6.209181e-01	-1.310664e+00
4.950000e-02	-6.340845e-01	-1.343617e+00
5.000000e-02	-6.460622e-01	-1.375729e+00
5.050000e-02	-6.571547e-01	-1.406887e+00
5.100000e-02	-6.677316e-01	-1.437002e+00
5.150000e-02	-6.781606e-01	-1.465991e+00
5.200000e-02	-6.887434e-01	-1.493760e+00
5.250000e-02	-6.996779e-01	-1.520189e+00
5.300000e-02	-7.110597e-01	-1.545132e+00
5.350000e-02	-7.229193e-01	-1.568430e+00
5.400000e-02	-7.352776e-01	-1.589929e+00
5.450000e-02	-7.481941e-01	-1.609505e+00
5.500000e-02	-7.617880e-01	-1.627078e+00
5.550000e-02	-7.762216e-01	-1.642615e+00
5.600000e-02	-7.916570e-01	-1.656123e+00
5.650000e-02	-8.082001e-01	-1.667628e+00
5.700000e-02	-8.258563e-01	-1.677159e+00
5.750000e-02	-8.445182e-01	-1.684733e+00
5.800000e-02	-8.639860e-01	-1.690357e+00
5.850000e-02	-8.840134e-01	-1.694036e+00
5.900000e-02	-9.043617e-01	-1.695793e+00
5.950000e-02	-9.248400e-01	-1.695680e+00
6.000000e-02	-9.453178e-01	-1.693788e+00
6.050000e-02	-9.657063e-01	-1.690247e+00
6.100000e-02	-9.859179e-01	-1.685206e+00
6.150000e-02	-1.005823e+00	-1.678818e+00
6.200000e-02	-1.025222e+00	-1.671215e+00
6.250000e-02	-1.043843e+00	-1.662504e+00
6.300000e-02	-1.061378e+00	-1.652763e+00
6.350000e-02	-1.077520e+00	-1.642050e+00
6.400000e-02	-1.092014e+00	-1.630422e+00
6.450000e-02	-1.104687e+00	-1.617948e+00
6.500000e-02	-1.115448e+00	-1.604709e+00
6.550000e-02	-1.124267e+00	-1.590800e+00
6.600000e-02	-1.131136e+00	-1.576310e+00
6.650000e-02	-1.136035e+00	-1.561300e+00
6.700000e-02	-1.138916e+00	-1.545798e+00
6.750000e-02	-1.139740e+00	-1.529798e+00
6.800000e-02	-1.138711e+00	-1.513359e+00
6.850000e-02	-1.136207e+00	-1.496570e+00
6.900000e-02	-1.132655e+00	-1.479509e+00
6.950000e-02	-1.128504e+00	-1.462243e+00
7.000000e-02	-1.124203e+00	-1.444833e+00
7.050000e-02	-1.120174e+00	-1.427333e+00
7.100000e-02	-1.116796e+00	-1.409785e+00
7.150000e-02	-1.114392e+00	-1.392219e+00
7.200000e-02	-1.113227e+00	-1.374644e+00
7.250000e-02	-1.113507e+00	-1.357044e+00
7.300000e-02	-1.115379e+00	-1.339381e+00
7.350000e-02	-1.118930e+00	-1.321593e+00
7.400000e-02	-1.124191e+00	-1.303607e+00
7.450000e-02	-1.131134e+00	-1.285340e+00
7.500000e-02	-1.139671e+00	-1.266708e+00
7.550000e-02	-1.149666e+00	-1.247626e+00
7.600000e-02	-1.160942e+00	-1.228008e+00
7.650000e-02	-1.173295e+00	-1.207765e+00
7.700000e-02	-1.186507e+00	-1.186804e+00
7.750000e-02	-1.200362e+00	-1.165026e+00
7.800000e-02	-1.214654e+00	-1.142332e+00
7.850000e-02	-1.229188e+00	-1.118627e+00
7.900000e-02	-1.243783e+00	-1.093828e+00
7.950000e-02	-1.258269e+00	-1.067871e+00
8.000000e-02	-1.272483e+00	-1.040710e+00
8.050000e-02	-1.286270e+00	-1.012320e+00
8.100000e-02	-1.299487e+00	-9.826920e-01
8.150000e-02	-1.312002e+00	-9.518298e-01
8.200000e-02	-1.323711e+00	-9.197461e-01
8.250000e-02	-1.334538e+00	-8.864652e-01
8.300000e-02	-1.344446e+00	-8.520283e-01
8.350000e-02	-1.353424e+00	-8.164929e-01
8.400000e-02	-1.361470e+00	-7.799248e-01
8.450000e-02	-1.368614e+00	-7.424211e-01
8.500000e-02	-1.374928e+00	-7.041091e-01
8.550000e-02	-1.380522e+00	-6.651395e-01
8.600000e-02	-1.385543e+00	-6.256821e-01
8.650000e-02	-1.390180e+00	-5.859205e-01
8.700000e-02	-1.394667e+00	-5.460503e-01
8.750000e-02	-1.399275e+00	-5.062791e-01
8.800000e-02	-1.404306e+00	-4.668291e-01
8.850000e-02	-1.410080e+00	-4.279403e-01
8.900000e-02	-1.416918e+00	-3.898725e-01
8.950000e-02	-1.425123e+00	-3.529031e-01
9.000000e-02	-1.434969e+00	-3.173208e-01
9.050000e-02	-1.446682e+00	-2.834184e-01
9.100000e-02	-1.460431e+00	-2.514832e-01
9.150000e-02	-1.476316e+00	-2.217862e-01
9.200000e-02	-1.494362e+00	-1.945786e-01
9.250000e-02	-1.514512e+00	-1.700884e-01
9.300000e-02	-1.536623e+00	-1.485185e-01
9.350000e-02	-1.560464e+00	-1.300487e-01
9.400000e-02	-1.585777e+00	-1.148064e-01
9.450000e-02	-1.612357e+00	-1.028246e-01
9.500000e-02	-1.640113e+00	-9.401171e-02
9.550000e-02	-1.669039e+00	-8.816507e-02
9.600000e-02	-1.699120e+00	-8.501164e-02
9.650000e-02	-1.730222e+00	-8.426539e-02
9.700000e-02	-1.762015e+00	-8.567588e-02
9.750000e-02	-1.793958e+00	-8.905085e-02
9.800000e-02	-1.825371e+00	-9.424381e-02
9.850000e-02	-1.855554e+00	-1.011193e-01
9.900000e-02	-1.883904e+00	-1.095093e-01
9.950000e-02	-1.910004e+00	-1.191879e-01
1.000000e-01	-1.933632e+00	-1.298843e-01
1.005000e-01	-1.954686e+00	-1.413063e-01
1.010000e-01	-1.973101e+00	-1.531912e-01
1.015000e-01	-1.988760e+00	-1.653481e-01
1.020000e-01	-2.001460e+00	-1.776822e-01
1.025000e-01	-2.010939e+00	-1.901890e-01
1.030000e-01	-2.016951e+00	-2.029234e-01
1.035000e-01	-2.019363e+00	-2.159570e-01
1.040000e-01	-2.018223e+00	-2.293471e-01
1.045000e-01	-2.013757e+00	-2.431201e-01
1.050000e-01	-2.006356e+00	-2.572869e-01
1.055000e-01	-1.996432e+00	-2.718701e-01
1.060000e-01	-1.984385e+00	-2.869453e-01
1.065000e-01	-1.970484e+00	-3.026445e-01
1.070000e-01	-1.954921e+00	-3.191888e-01
1.075000e-01	-1.937818e+00	-3.368002e-01
1.080000e-01	-1.919694e+00	-3.555663e-01
1.085000e-01	-1.901526e+00	-3.753356e-01
1.090000e-01	-1.884302e+00	-3.959494e-01
1.095000e-01	-1.868944e+00	-4.172620e-01
1.100000e-01	-1.856269e+00	-4.391426e-01
1.105000e-01	-1.846959e+00	-4.614708e-01
1.110000e-01	-1.841551e+00	-4.841305e-01
1.115000e-01	-1.840439e+00	-5.070044e-01
1.120000e-01	-1.843881e+00	-5.299734e-01
1.125000e-01	-1.852005e+00	-5.529215e-01
1.130000e-01	-1.864811e+00	-5.757452e-01
1.135000e-01	-1.882168e+00	-5.983633e-01
1.140000e-01	-1.903815e+00	-6.207222e-01
1.145000e-01	-1.929361e+00	-6.427952e-01
1.150000e-01	-1.958308e+00	-6.645747e-01
1.155000e-01	-1.990071e+00	-6.860590e-01
1.160000e-01	-2.024015e+00	-7.072405e-01
1.165000e-01	-2.059488e+00	-7.280977e-01
1.170000e-01	-2.095844e+00	-7.485938e-01
1.175000e-01	-2.132467e+00	-7.686825e-01
1.180000e-01	-2.168775e+00	-7.883175e-01
1.185000e-01	-2.204219e+00	-8.074609e-01
1.190000e-01	-2.238284e+00	-8.260874e-01
1.195000e-01	-2.270479e+00	-8.441820e-01
1.200000e-01	-2.300350e+00	-8.617324e-01
1.205000e-01	-2.327502e+00	-8.787196e-01
1.210000e-01	-2.351601e+00	-8.951114e-01
1.215000e-01	-2.372398e+00	-9.108631e-01
1.220000e-01	-2.389756e+00	-9.259299e-01
1.225000e-01	-2.403670e+00	-9.402861e-01
1.230000e-01	-2.414245e+00	-9.539301e-01
1.235000e-01	-2.421661e+00	-9.668727e-01
1.240000e-01	-2.426076e+00	-9.791089e-01
1.245000e-01	-2.427620e+00	-9.906065e-01
1.250000e-01	-2.426580e+00	-1.001375e+00
1.255000e-01	-2.423380e+00	-1.011443e+00
1.260000e-01	-2.418524e+00	-1.020828e+00
1.265000e-01	-2.412596e+00	-1.029534e+00
1.270000e-01	-2.406243e+00	-1.037554e+00
1.275000e-01	-2.400145e+00	-1.044882e+00
1.280000e-01	-2.394989e+00	-1.051520e+00
1.285000e-01	-2.391435e+00	-1.057482e+00
1.290000e-01	-2.390082e+00	-1.062788e+00
1.295000e-01	-2.391445e+00	-1.067459e+00
1.300000e-01	-2.395935e+00	-1.071503e+00
1.305000e-01	-2.403844e+00	-1.074903e+00
1.310000e-01	-2.415335e+00	-1.077619e+00
1.315000e-01	-2.430438e+00	-1.079587e+00
1.320000e-01	-2.449037e+00	-1.080732e+00
1.325000e-01	-2.470878e+00	-1.080979e+00
1.330000e-01	-2.495562e+00	-1.080264e+00
1.335000e-01	-2.522567e+00	-1.078537e+00
1.340000e-01	-2.551265e+00	-1.075761e+00
1.345000e-01	-2.580949e+00	-1.071905e+00
1.350000e-01	-2.610866e+00	-1.066934e+00
1.355000e-01	-2.640259e+00	-1.060810e+00
1.360000e-01	-2.668398e+00	-1.053487e+00
1.365000e-01	-2.694611e+00	-1.044919e+00
1.370000e-01	-2.718308e+00	-1.035074e+00
1.375000e-01	-2.738995e+00	-1.023939e+00
1.380000e-01	-2.756305e+00	-1.011531e+00
1.385000e-01	-2.770026e+00	-9.979111e-01
1.390000e-01	-2.780149e+00	-9.831912e-01
1.395000e-01	-2.786843e+00	-9.675168e-01
1.400000e-01	-2.790381e+00	-9.510218e-01
1.405000e-01	-2.791042e+00	-9.337795e-01
1.410000e-01	-2.789026e+00	-9.157615e-01
1.415000e-01	-2.784435e+00	-8.968536e-01
1.420000e-01	-2.777586e+00	-8.770009e-01
1.425000e-01	-2.769035e+00	-8.562512e-01
1.430000e-01	-2.759393e+00	-8.346724e-01
1.435000e-01	-2.749295e+00	-8.123452e-01
1.440000e-01	-2.739381e+00	-7.893544e-01
1.445000e-01	-2.730282e+00	-7.657795e-01
1.450000e-01	-2.722604e+00	-7.416895e-01
1.455000e-01	-2.716920e+00	-7.171441e-01
1.460000e-01	-2.713755e+00	-6.922006e-01
1.465000e-01	-2.713578e+00	-6.669251e-01
1.470000e-01	-2.716779e+00	-6.414023e-01
1.475000e-01	-2.723660e+00	-6.157408e-01
1.480000e-01	-2.734416e+00	-5.900717e-01
1.485000e-01	-2.749129e+00	-5.645393e-01
1.490000e-01	-2.767764e+00	-5.392908e-01
1.495000e-01	-2.790170e+00	-5.144652e-01
1.500000e-01	-2.816087e+00	-4.901877e-01
1.505000e-01	-2.845163e+00	-4.665675e-01
1.510000e-01	-2.876954e+00	-4.437054e-01
1.515000e-01	-2.910943e+00	-4.217008e-01
1.520000e-01	-2.946546e+00	-4.006570e-01
1.525000e-01	-2.983128e+00	-3.806826e-01
1.530000e-01	-3.020012e+00	-3.618865e-01
1.535000e-01	-3.056508e+00	-3.443687e-01
1.540000e-01	-3.091916e+00	-3.282118e-01
1.545000e-01	-3.125561e+00	-3.134722e-01
1.550000e-01	-3.156830e+00	-3.001794e-01
1.555000e-01	-3.185170e+00	-2.883424e-01
1.560000e-01	-3.210135e+00	-2.779475e-01
1.565000e-01	-3.231474e+00	-2.689318e-01
1.570000e-01	-3.249176e+00	-2.611666e-01
1.575000e-01	-3.263431e+00	-2.544804e-01
1.580000e-01	-3.274513e+00	-2.487084e-01
1.585000e-01	-3.282617e+00	-2.437696e-01
1.590000e-01	-3.287780e+00	-2.396946e-01
1.595000e-01	-3.289864e+00	-2.366371e-01
1.600000e-01	-3.288645e+00	-2.348354e-01
1.605000e-01	-3.284081e+00	-2.344802e-01
1.610000e-01	-3.276639e+00	-2.355725e-01
1.615000e-01	-3.266970e+00	-2.380776e-01
1.620000e-01	-3.255805e+00	-2.419706e-01
1.625000e-01	-3.243921e+00	-2.472357e-01
1.630000e-01	-3.232115e+00	-2.538575e-01
1.635000e-01	-3.221173e+00	-2.618093e-01
1.640000e-01	-3.211851e+00	-2.710418e-01
1.645000e-01	-3.204855e+00	-2.814777e-01
1.650000e-01	-3.200809e+00	-2.930150e-01
1.655000e-01	-3.200234e+00	-3.055379e-01
1.660000e-01	-3.203510e+00	-3.189308e-01
1.665000e-01	-3.210858e+00	-3.330911e-01
1.670000e-01	-3.222324e+00	-3.479345e-01
1.675000e-01	-3.237779e+00	-3.633936e-01
1.680000e-01	-3.256936e+00	-3.794096e-01
1.685000e-01	-3.279375e+00	-3.959224e-01
1.690000e-01	-3.304574e+00	-4.128618e-01
1.695000e-01	-3.331954e+00	-4.301476e-01
1.700000e-01	-3.360895e+00	-4.476949e-01
1.705000e-01	-3.390767e+00	-4.654248e-01
1.710000e-01	-3.420938e+00	-4.832755e-01
1.715000e-01	-3.450804e+00	-5.012089e-01
1.720000e-01	-3.479793e+00	-5.192096e-01
1.725000e-01	-3.507394e+00	-5.372769e-01
1.730000e-01	-3.533164e+00	-5.554127e-01
1.735000e-01	-3.556754e+00	-5.736101e-01
1.740000e-01	-3.577926e+00	-5.918471e-01
1.745000e-01	-3.596538e+00	-6.100883e-01
1.750000e-01	-3.612548e+00	-6.282909e-01
1.755000e-01	-3.625998e+00	-6.464153e-01
1.760000e-01	-3.636994e+00	-6.644330e-01
1.765000e-01	-3.645699e+00	-6.823299e-01
1.770000e-01	-3.652313e+00	-7.001029e-01
1.775000e-01	-3.657067e+00	-7.177514e-01
1.780000e-01	-3.660233e+00	-7.352660e-01
1.785000e-01	-3.662097e+00	-7.526223e-01
1.790000e-01	-3.662998e+00	-7.697747e-01
1.795000e-01	-3.663270e+00	-7.866670e-01
1.800000e-01	-3.663293e+00	-8.032323e-01
1.805000e-01	-3.663406e+00	-8.194150e-01
1.810000e-01	-3.663989e+00	-8.351639e-01
1.815000e-01	-3.665347e+00	-8.504471e-01
1.820000e-01	-3.667821e+00	-8.652357e-01
1.825000e-01	-3.671684e+00	-8.795049e-01
1.830000e-01	-3.677200e+00	-8.932182e-01
1.835000e-01	-3.684583e+00	-9.063282e-01
1.840000e-01	-3.694026e+00	-9.187633e-01
1.845000e-01	-3.705646e+00	-9.304542e-01
1.850000e-01	-3.719511e+00	-9.413324e-01
1.855000e-01	-3.735609e+00	-9.513169e-01
1.860000e-01	-3.753839e+00	-9.603584e-01
1.865000e-01	-3.774019e+00	-9.684124e-01
1.870000e-01	-3.795881e+00	-9.754396e-01
1.875000e-01	-3.819083e+00	-9.814001e-01
1.880000e-01	-3.843220e+00	-9.862474e-01
1.885000e-01	-3.867839e+00	-9.899250e-01
1.890000e-01	-3.892454e+00	-9.923672e-01
1.895000e-01	-3.916565e+00	-9.935047e-01
1.900000e-01	-3.939674e+00	-9.932720e-01
1.905000e-01	-3.961299e+00	-9.916150e-01
1.910000e-01	-3.980996e+00	-9.884958e-01
1.915000e-01	-3.998379e+00	-9.838936e-01
1.920000e-01	-4.013137e+00	-9.778016e-01
1.925000e-01	-4.025058e+00	-9.702215e-01
1.930000e-01	-4.034039e+00	-9.611584e-01
1.935000e-01	-4.040099e+00	-9.506178e-01
1.940000e-01	-4.043381e+00	-9.386063e-01
1.945000e-01	-4.044147e+00	-9.251361e-01
1.950000e-01	-4.042765e+00	-9.102310e-01
1.955000e-01	-4.039694e+00	-8.939323e-01
1.960000e-01	-4.035466e+00	-8.763019e-01
1.965000e-01	-4.030661e+00	-8.574223e-01
1.970000e-01	-4.025891e+00	-8.373920e-01
1.975000e-01	-4.021771e+00	-8.163193e-01
1.980000e-01	-4.018900e+00	-7.943161e-01
1.985000e-01	-4.017838e+00	-7.714935e-01
1.990000e-01	-4.019082e+00	-7.479605e-01
1.995000e-01	-4.023041e+00	-7.238260e-01
2.000000e-01	-4.030025e+00	-6.992022e-01
2.005000e-01	-4.040224e+00	-6.742081e-01
2.010000e-01	-4.053705e+00	-6.489707e-01
2.015000e-01	-4.070412e+00	-6.236232e-01
2.020000e-01	-4.090171e+00	-5.983001e-01
2.025000e-01	-4.112707e+00	-5.731307e-01
2.030000e-01	-4.137657e+00	-5.482335e-01
2.035000e-01	-4.164587e+00	-5.237120e-01
2.040000e-01	-4.193013e+00	-4.996542e-01
2.045000e-01	-4.222419e+00	-4.761355e-01
2.050000e-01	-4.252271e+00	-4.532236e-01
2.055000e-01	-4.282036e+00	-4.309829e-01
2.060000e-01	-4.311195e+00	-4.094782e-01
2.065000e-01	-4.339265e+00	-3.887755e-01
2.070000e-01	-4.365803e+00	-3.689406e-01
2.075000e-01	-4.390426e+00	-3.500352e-01
2.080000e-01	-4.412817e+00	-3.321143e-01
2.085000e-01	-4.432727e+00	-3.152239e-01
2.090000e-01	-4.449977e+00	-2.994018e-01
2.095000e-01	-4.464460e+00	-2.846801e-01
2.100000e-01	-4.476128e+00	-2.710896e-01
2.105000e-01	-4.485000e+00	-2.586628e-01
2.110000e-01	-4.491150e+00	-2.474365e-01
2.115000e-01	-4.494711e+00	-2.374511e-01
2.120000e-01	-4.495871e+00	-2.287479e-01
2.125000e-01	-4.494877e+00	-2.213646e-01
2.130000e-01	-4.492033e+00	-2.153316e-01
2.135000e-01	-4.487692e+00	-2.106689e-01
2.140000e-01	-4.482256e+00	-2.073855e-01
2.145000e-01	-4.476166e+00	-2.054810e-01
2.150000e-01	-4.469889e+00	-2.049487e-01
2.155000e-01	-4.463911e+00	-2.057784e-01
2.160000e-01	-4.458722e+00	-2.079588e-01
2.165000e-01	-4.454807e+00	-2.114775e-01
2.170000e-01	-4.452632e+00	-2.163196e-01
2.175000e-01	-4.452631e+00	-2.224653e-01
2.180000e-01	-4.455193e+00	-2.298876e-01
2.185000e-01	-4.460644e+00	-2.385507e-01
2.190000e-01	-4.469233e+00	-2.484108e-01
2.195000e-01	-4.481119e+00	-2.594184e-01
2.200000e-01	-4.496354e+00	-2.715213e-01
2.205000e-01	-4.514880e+00	-2.846682e-01
2.210000e-01	-4.536526e+00	-2.988105e-01
2.215000e-01	-4.561009e+00	-3.139023e-01
2.220000e-01	-4.587946e+00	-3.298995e-01
2.225000e-01	-4.616864e+00	-3.467567e-01
2.230000e-01	-4.647223e+00	-3.644250e-01
2.235000e-01	-4.678426e+00	-3.828498e-01
2.240000e-01	-4.709849e+00	-4.019711e-01
2.245000e-01	-4.740853e+00	-4.217241e-01
2.250000e-01	-4.770815e+00	-4.420412e-01
2.255000e-01	-4.799143e+00	-4.628544e-01
2.260000e-01	-4.825304e+00	-4.840965e-01
2.265000e-01	-4.848843e+00	-5.057012e-01
2.270000e-01	-4.869403e+00	-5.276022e-01
2.275000e-01	-4.886738e+00	-5.497314e-01
2.280000e-01	-4.900725e+00	-5.720170e-01
2.285000e-01	-4.911363e+00	-5.943831e-01
2.290000e-01	-4.918771e+00	-6.167498e-01
2.295000e-01	-4.923178e+00	-6.390345e-01
2.300000e-01	-4.924910e+00	-6.611544e-01
2.305000e-01	-4.924372e+00	-6.830284e-01
2.310000e-01	-4.922032e+00	-7.045786e-01
2.315000e-01	-4.918401e+00	-7.257307e-01
2.320000e-01	-4.914012e+00	-7.464132e-01
2.325000e-01	-4.909407e+00	-7.665559e-01
2.330000e-01	-4.905112e+00	-7.860890e-01
2.335000e-01	-4.901621e+00	-8.049415e-01
2.340000e-01	-4.899380e+00	-8.230419e-01
2.345000e-01	-4.898773e+00	-8.403187e-01
2.350000e-01	-4.900107e+00	-8.567023e-01
2.355000e-01	-4.903611e+00	-8.721263e-01
2.360000e-01	-4.909433e+00	-8.865284e-01
2.365000e-01	-4.917640e+00	-8.998506e-01
2.370000e-01	-4.928226e+00	-9.120383e-01
2.375000e-01	-4.941121e+00	-9.230395e-01
2.380000e-01	-4.956198e+00	-9.328030e-01
2.385000e-01	-4.973284e+00	-9.412785e-01
2.390000e-01	-4.992166e+00	-9.484158e-01
2.395000e-01	-5.012626e+00	-9.541712e-01
2.400000e-01	-5.034353e+00	-9.584916e-01
2.405000e-01	-5.057059e+00	-9.613364e-01
2.410000e-01	-5.080447e+00	-9.626697e-01
2.415000e-01	-5.104190e+00	-9.624579e-01
2.420000e-01	-5.127980e+00	-9.606748e-01
2.425000e-01	-5.151502e+00	-9.572982e-01
2.430000e-01	-5.174462e+00	-9.523120e-01
2.435000e-01	-5.196580e+00	-9.457061e-01
2.440000e-01	-5.217593e+00	-9.374776e-01
2.445000e-01	-5.237262e+00	-9.276327e-01
2.450000e-01	-5.255373e+00	-9.161885e-01
2.455000e-01	-5.271749e+00	-9.031736e-01
2.460000e-01	-5.286249e+00	-8.886317e-01
2.465000e-01	-5.298790e+00	-8.726165e-01
2.470000e-01	-5.309345e+00	-8.552006e-01
2.475000e-01	-5.317953e+00	-8.364608e-01
2.480000e-01	-5.324729e+00	-8.164972e-01
2.485000e-01	-5.329832e+00	-7.954051e-01
2.490000e-01	-5.333523e+00	-7.733105e-01
2.495000e-01	-5.336091e+00	-7.503347e-01
2.500000e-01	-5.337880e+00	-7.266113e-01
2.505000e-01	-5.339306e+00	-7.022940e-01
2.510000e-01	-5.340747e+00	-6.775185e-01
2.515000e-01	-5.342634e+00	-6.524381e-01
2.520000e-01	-5.345339e+00	-6.271866e-01
2.525000e-01	-5.349263e+00	-6.019123e-01
2.530000e-01	-5.354735e+00	-5.767475e-01
2.535000e-01	-5.362023e+00	-5.518172e-01
2.540000e-01	-5.371314e+00	-5.272350e-01
2.545000e-01	-5.382701e+00	-5.031024e-01
2.550000e-01	-5.396183e+00	-4.795090e-01
2.555000e-01	-5.411661e+00	-4.565317e-01
2.560000e-01	-5.428947e+00	-4.342355e-01
2.565000e-01	-5.447772e+00	-4.126742e-01
2.570000e-01	-5.467804e+00	-3.918923e-01
2.575000e-01	-5.488663e+00	-3.719264e-01
2.580000e-01	-5.509941e+00	-3.528078e-01
2.585000e-01	-5.531219e+00	-3.345641e-01
2.590000e-01	-5.552087e+00	-3.172210e-01
2.595000e-01	-5.572163e+00	-3.008041e-01
2.600000e-01	-5.591108e+00	-2.853392e-01
2.605000e-01	-5.608646e+00	-2.708531e-01
2.610000e-01	-5.624572e+00	-2.573732e-01
2.615000e-01	-5.638761e+00	-2.449277e-01
2.620000e-01	-5.651173e+00	-2.335448e-01
2.625000e-01	-5.661848e+00	-2.232526e-01
2.630000e-01	-5.670901e+00	-2.140786e-01
2.635000e-01	-5.678515e+00	-2.060486e-01
2.640000e-01	-5.684921e+00	-1.991866e-01
2.645000e-01	-5.690395e+00	-1.935135e-01
2.650000e-01	-5.695234e+00	-1.890459e-01
2.655000e-01	-5.699750e+00	-1.857958e-01
2.660000e-01	-5.704256e+00	-1.837701e-01
2.665000e-01	-5.709052e+00	-1.829705e-01
2.670000e-01	-5.714415e+00	-1.833936e-01
2.675000e-01	-5.720589e+00	-1.850320e-01
2.680000e-01	-5.727776e+00	-1.878744e-01
2.685000e-01	-5.736133e+00	-1.919060e-01
2.690000e-01	-5.745764e+00	-1.971090e-01
2.695000e-01	-5.756726e+00	-2.034623e-01
2.700000e-01	-5.769022e+00	-2.109411e-01
2.705000e-01	-5.782612e+00	-2.195174e-01
2.710000e-01	-5.797419e+00	-2.291594e-01
2.715000e-01	-5.813328e+00	-2.398318e-01
2.720000e-01	-5.830193e+00	-2.514954e-01
2.725000e-01	-5.847847e+00	-2.641087e-01
2.730000e-01	-5.866104e+00	-2.776266e-01
2.735000e-01	-5.884759e+00	-2.920001e-01
2.740000e-01	-5.903593e+00	-3.071759e-01
2.745000e-01	-5.922385e+00	-3.230960e-01
2.750000e-01	-5.940905e+00	-3.396969e-01
2.755000e-01	-5.958933e+00	-3.569105e-01
2.760000e-01	-5.976262e+00	-3.746666e-01
2.765000e-01	-5.992678e+00	-3.928794e-01
2.770000e-01	-6.007986e+00	-4.114540e-01
2.775000e-01	-6.022018e+00	-4.303010e-01
2.780000e-01	-6.034624e+00	-4.493132e-01
2.785000e-01	-6.045442e+00	-4.680659e-01
2.790000e-01	-6.054049e+00	-4.859887e-01
2.795000e-01	-6.060208e+00	-5.026558e-01
2.800000e-01	-6.063927e+00	-5.178448e-01
2.805000e-01	-6.065476e+00	-5.315637e-01
2.810000e-01	-6.065374e+00	-5.440399e-01
2.815000e-01	-6.064331e+00	-5.556773e-01
2.820000e-01	-6.063165e+00	-5.669853e-01
2.825000e-01	-6.062696e+00	-5.784759e-01
2.830000e-01	-6.063587e+00	-5.905042e-01
2.835000e-01	-6.066230e+00	-6.031329e-01
2.840000e-01	-6.070716e+00	-6.161103e-01
2.845000e-01	-6.076922e+00	-6.289697e-01
2.850000e-01	-6.084661e+00	-6.412087e-01
2.855000e-01	-6.093840e+00	-6.524824e-01
2.860000e-01	-6.104558e+00	-6.627282e-01
2.865000e-01	-6.117101e+00	-6.721758e-01
2.870000e-01	-6.131848e+00	-6.812421e-01
2.875000e-01	-6.149107e+00	-6.903523e-01
2.880000e-01	-6.168966e+00	-6.997599e-01
2.885000e-01	-6.191210e+00	-7.094354e-01
2.890000e-01	-6.215333e+00	-7.190653e-01
2.895000e-01	-6.240649e+00	-7.281606e-01
2.900000e-01	-6.266447e+00	-7.362301e-01
2.905000e-01	-6.292140e+00	-7.429501e-01
2.910000e-01	-6.317352e+00	-7.482646e-01
2.915000e-01	-6.341906e+00	-7.523792e-01
2.920000e-01	-6.365734e+00	-7.556538e-01
2.925000e-01	-6.388749e+00	-7.584386e-01
2.930000e-01	-6.410725e+00	-7.609192e-01
2.935000e-01	-6.431194e+00	-7.630743e-01
2.940000e-01	-6.449223e+00	-7.648523e-01
2.945000e-01	-6.463855e+00	-7.660923e-01
2.946688e-01	-6.467903e+00	-7.663492e-01
2.950000e-01	-6.474459e+00	-7.665685e-01
2.951329e-01	-6.476571e+00	-7.665416e-01
2.952582e-01	-6.478293e+00	-7.664529e-01
2.953979e-01	-6.479914e+00	-7.662802e-01
2.955000e-01	-6.480905e+00	-7.661045e-01
2.956295e-01	-6.481935e+00	-7.658212e-01
2.960000e-01	-6.483603e+00	-7.646452e-01
2.963263e-01	-6.483744e+00	-7.631806e-01
2.965000e-01	-6.483424e+00	-7.622472e-01
2.970000e-01	-6.481505e+00	-7.590015e-01
2.975000e-01	-6.478972e+00	-7.549548e-01
2.980000e-01	-6.476629e+00	-7.500879e-01
2.985000e-01	-6.474767e+00	-7.443387e-01
2.990000e-01	-6.473210e+00	-7.376368e-01
2.995000e-01	-6.471558e+00	-7.299357e-01
3.000000e-01	-6.469524e+00	-7.212300e-01
3.005000e-01	-6.467220e+00	-7.115558e-01
3.010000e-01	-6.465264e+00	-7.009762e-01
3.015000e-01	-6.464674e+00	-6.895599e-01
3.020000e-01	-6.466575e+00	-6.773617e-01
3.025000e-01	-6.471864e+00	-6.644111e-01
3.030000e-01	-6.480943e+00	-6.507092e-01
3.035000e-01	-6.493647e+00	-6.362353e-01
3.040000e-01	-6.509368e+00	-6.209592e-01
3.045000e-01	-6.527337e+00	-6.048552e-01
3.050000e-01	-6.546924e+00	-5.879167e-01
3.054126e-01	-6.564097e+00	-5.733249e-01
3.055000e-01	-6.567849e+00	-5.701673e-01
3.056812e-01	-6.575769e+00	-5.635457e-01
3.058406e-01	-6.582900e+00	-5.576434e-01
3.060000e-01	-6.590190e+00	-5.516747e-01
3.062030e-01	-6.599714e+00	-5.439879e-01
3.065000e-01	-6.614137e+00	-5.326033e-01
3.070000e-01	-6.639721e+00	-5.132041e-01
3.072196e-01	-6.651414e+00	-5.046536e-01
3.073598e-01	-6.659002e+00	-4.991971e-01
3.075000e-01	-6.666665e+00	-4.937515e-01
3.076897e-01	-6.677112e+00	-4.864130e-01
3.080000e-01	-6.694282e+00	-4.745052e-01
3.085000e-01	-6.721505e+00	-4.556921e-01
3.090000e-01	-6.747093e+00	-4.374955e-01
3.095000e-01	-6.769950e+00	-4.200569e-01
3.100000e-01	-6.789327e+00	-4.034936e-01
3.105000e-01	-6.804972e+00	-3.879160e-01
3.110000e-01	-6.817104e+00	-3.734474e-01
3.115000e-01	-6.826225e+00	-3.602347e-01
3.120000e-01	-6.832881e+00	-3.484432e-01
3.125000e-01	-6.837456e+00	-3.382337e-01
3.130000e-01	-6.840072e+00	-3.297294e-01
3.135000e-01	-6.840652e+00	-3.229852e-01
3.138554e-01	-6.839760e+00	-3.192471e-01
3.140000e-01	-6.839083e+00	-3.179702e-01
3.142893e-01	-6.837206e+00	-3.158191e-01
3.145000e-01	-6.835424e+00	-3.145787e-01
3.150000e-01	-6.830085e+00	-3.126474e-01
3.155000e-01	-6.823798e+00	-3.120191e-01
3.160000e-01	-6.817619e+00	-3.125620e-01
3.165000e-01	-6.812549e+00	-3.142152e-01
3.170000e-01	-6.809530e+00	-3.169729e-01
3.175000e-01	-6.809074e+00	-3.208645e-01
3.178500e-01	-6.810400e+00	-3.242824e-01
3.180000e-01	-6.811377e+00	-3.259229e-01
3.185000e-01	-6.816287e+00	-3.321368e-01
3.190000e-01	-6.823507e+00	-3.394324e-01
3.195000e-01	-6.832814e+00	-3.476957e-01
3.200000e-01	-6.844143e+00	-3.567888e-01
3.205000e-01	-6.857605e+00	-3.666221e-01
3.210000e-01	-6.873439e+00	-3.771720e-01
3.215000e-01	-6.891798e+00	-3.885191e-01
3.220000e-01	-6.912606e+00	-4.008372e-01
3.225000e-01	-6.935498e+00	-4.143247e-01
3.230000e-01	-6.959760e+00	-4.291830e-01
3.235000e-01	-6.984629e+00	-4.455294e-01
3.240000e-01	-7.009184e+00	-4.634076e-01
3.245000e-01	-7.032783e+00	-4.827699e-01
3.250000e-01	-7.055018e+00	-5.035236e-01
3.255000e-01	-7.075758e+00	-5.255925e-01
3.260000e-01	-7.095032e+00	-5.489530e-01
3.265000e-01	-7.112875e+00	-5.736484e-01
3.270000e-01	-7.129239e+00	-5.997613e-01
3.275000e-01	-7.143931e+00	-6.273683e-01
3.280000e-01	-7.156619e+00	-6.564775e-01
3.285000e-01	-7.166917e+00	-6.869855e-01
3.290000e-01	-7.174534e+00	-7.186747e-01
3.295000e-01	-7.179408e+00	-7.512434e-01
3.300000e-01	-7.181772e+00	-7.843552e-01
3.305000e-01	-7.182133e+00	-8.176956e-01
3.310000e-01	-7.181182e+00	-8.510196e-01
3.315000e-01	-7.179665e+00	-8.841742e-01
3.320000e-01	-7.178271e+00	-9.170893e-01
3.325000e-01	-7.177550e+00	-9.497409e-01
3.330000e-01	-7.177909e+00	-9.821005e-01
3.335000e-01	-7.179650e+00	-1.014089e+00
3.340000e-01	-7.183041e+00	-1.045555e+00
3.345000e-01	-7.188349e+00	-1.076263e+00
3.350000e-01	-7.195801e+00	-1.105920e+00
3.351500e-01	-7.198481e+00	-1.114565e+00
3.353250e-01	-7.201880e+00	-1.124475e+00
3.355000e-01	-7.205574e+00	-1.134187e+00
3.360000e-01	-7.217778e+00	-1.160733e+00
3.365000e-01	-7.232380e+00	-1.185383e+00
3.370000e-01	-7.249139e+00	-1.208054e+00
3.375000e-01	-7.267610e+00	-1.228723e+00
3.380000e-01	-7.287037e+00	-1.247330e+00
3.385000e-01	-7.306693e+00	-1.263756e+00
3.390000e-01	-7.325839e+00	-1.277808e+00
3.395000e-01	-7.343852e+00	-1.289229e+00
3.400000e-01	-7.360293e+00	-1.297744e+00
3.405000e-01	-7.374906e+00	-1.303113e+00
3.410000e-01	-7.387580e+00	-1.305170e+00
3.415000e-01	-7.398282e+00	-1.303855e+00
3.420000e-01	-7.407007e+00	-1.299199e+00
3.425000e-01	-7.413753e+00	-1.291297e+00
3.430000e-01	-7.418540e+00	-1.280253e+00
3.435000e-01	-7.421452e+00	-1.266144e+00
3.440000e-01	-7.422692e+00	-1.248991e+00
3.445000e-01	-7.422617e+00	-1.228773e+00
3.450000e-01	-7.421736e+00	-1.205454e+00
3.455000e-01	-7.420669e+00	-1.179039e+00
3.460000e-01	-7.420068e+00	-1.149616e+00
3.465000e-01	-7.420533e+00	-1.117381e+00
3.470000e-01	-7.422541e+00	-1.082634e+00
3.475000e-01	-7.426407e+00	-1.045744e+00
3.480000e-01	-7.432290e+00	-1.007105e+00
3.485000e-01	-7.440226e+00	-9.670842e-01
3.490000e-01	-7.450177e+00	-9.259920e-01
3.495000e-01	-7.462071e+00	-8.840817e-01
3.500000e-01	-7.475823e+00	-8.415702e-01
3.505000e-01	-7.491321e+00	-7.986771e-01
3.510000e-01	-7.508400e+00	-7.556631e-01
3.515000e-01	-7.526799e+00	-7.128515e-01
3.520000e-01	-7.546150e+00	-6.706247e-01
3.525000e-01	-7.565975e+00	-6.293958e-01
3.530000e-01	-7.585727e+00	-5.895643e-01
3.535000e-01	-7.604850e+00	-5.514729e-01
3.540000e-01	-7.622839e+00	-5.153799e-01
3.545000e-01	-7.639294e+00	-4.814563e-01
3.550000e-01	-7.653944e+00	-4.498090e-01
3.555000e-01	-7.666647e+00	-4.205198e-01
3.560000e-01	-7.677361e+00	-3.936865e-01
3.565000e-01	-7.686115e+00	-3.694503e-01
3.570000e-01	-7.692982e+00	-3.480003e-01
3.575000e-01	-7.698066e+00	-3.295542e-01
3.580000e-01	-7.701520e+00	-3.143214e-01
3.585000e-01	-7.703560e+00	-3.024652e-01
3.590000e-01	-7.704492e+00	-2.940746e-01
3.595000e-01	-7.704719e+00	-2.891582e-01
3.600000e-01	-7.704724e+00	-2.876602e-01
3.605000e-01	-7.705035e+00	-2.894920e-01
3.610000e-01	-7.706174e+00	-2.945670e-01
3.615000e-01	-7.708603e+00	-3.028261e-01
3.620000e-01	-7.712687e+00	-3.142425e-01
3.625000e-01	-7.718672e+00	-3.288061e-01
3.630000e-01	-7.726687e+00	-3.464926e-01
3.635000e-01	-7.736772e+00	-3.672476e-01
3.640000e-01	-7.748881e+00	-3.909169e-01
3.645000e-01	-7.762756e+00	-4.170953e-01
3.650000e-01	-7.777955e+00	-4.451436e-01
3.655000e-01	-7.794057e+00	-4.744620e-01
3.660000e-01	-7.810707e+00	-5.045870e-01
3.665000e-01	-7.827617e+00	-5.352433e-01
3.670000e-01	-7.844567e+00	-5.663530e-01
3.675000e-01	-7.861397e+00	-5.979961e-01
3.680000e-01	-7.878000e+00	-6.303341e-01
3.685000e-01	-7.894291e+00	-6.635080e-01
3.690000e-01	-7.910135e+00	-6.975090e-01
3.695000e-01	-7.925269e+00	-7.320837e-01
3.700000e-01	-7.939288e+00	-7.667434e-01
3.705000e-01	-7.951558e+00	-8.009279e-01
3.710000e-01	-7.961376e+00	-8.341475e-01
3.713275e-01	-7.966257e+00	-8.551927e-01
3.714608e-01	-7.967880e+00	-8.635779e-01
3.715000e-01	-7.968318e+00	-8.660261e-01
3.716257e-01	-7.969600e+00	-8.738033e-01
3.717607e-01	-7.970775e+00	-8.820416e-01
3.718902e-01	-7.971715e+00	-8.898406e-01
3.720000e-01	-7.972373e+00	-8.963715e-01
3.725000e-01	-7.973956e+00	-9.251762e-01
3.730000e-01	-7.973790e+00	-9.525454e-01
3.735000e-01	-7.972724e+00	-9.785846e-01
3.740000e-01	-7.971519e+00	-1.003298e+00
3.745000e-01	-7.970682e+00	-1.026544e+00
3.750000e-01	-7.970408e+00	-1.048070e+00
3.755000e-01	-7.970654e+00	-1.067588e+00
3.760000e-01	-7.971322e+00	-1.084871e+00
3.765000e-01	-7.972448e+00	-1.099833e+00
3.770000e-01	-7.974335e+00	-1.112559e+00
3.775000e-01	-7.977552e+00	-1.123266e+00
3.777311e-01	-7.979686e+00	-1.127611e+00
3.780000e-01	-7.982809e+00	-1.132233e+00
3.781298e-01	-7.984591e+00	-1.134309e+00
3.785000e-01	-7.990751e+00	-1.139706e+00
3.790000e-01	-8.001750e+00	-1.145819e+00
3.795000e-01	-8.015779e+00	-1.150567e+00
3.800000e-01	-8.032420e+00	-1.153831e+00
3.805000e-01	-8.050978e+00	-1.155446e+00
3.810000e-01	-8.070698e+00	-1.155287e+00
3.815000e-01	-8.090935e+00	-1.153329e+00
3.820000e-01	-8.111275e+00	-1.149681e+00
3.825000e-01	-8.131523e+00	-1.144553e+00
3.830000e-01	-8.151600e+00	-1.138202e+00
3.835000e-01	-8.171379e+00	-1.130845e+00
3.840000e-01	-8.190561e+00	-1.122602e+00
3.845000e-01	-8.208581e+00	-1.113476e+00
3.850000e-01	-8.224681e+00	-1.103379e+00
3.855000e-01	-8.238113e+00	-1.092168e+00
3.860000e-01	-8.248366e+00	-1.079708e+00
3.862876e-01	-8.252758e+00	-1.071949e+00
3.865000e-01	-8.255316e+00	-1.065944e+00
3.870000e-01	-8.259220e+00	-1.050949e+00
3.875000e-01	-8.260624e+00	-1.034923e+00
3.880000e-01	-8.260277e+00	-1.018097e+00
3.885000e-01	-8.258971e+00	-1.000649e+00
3.890000e-01	-8.257392e+00	-9.826476e-01
3.895000e-01	-8.256035e+00	-9.640327e-01
3.900000e-01	-8.255224e+00	-9.446573e-01
3.905000e-01	-8.255189e+00	-9.243553e-01
3.910000e-01	-8.256192e+00	-9.030191e-01
3.915000e-01	-8.258602e+00	-8.806564e-01
3.920000e-01	-8.262910e+00	-8.574037e-01
3.925000e-01	-8.269647e+00	-8.334960e-01
3.930000e-01	-8.279254e+00	-8.092044e-01
3.935000e-01	-8.291930e+00	-7.847662e-01
3.940000e-01	-8.307543e+00	-7.603357e-01
3.945000e-01	-8.325617e+00	-7.359728e-01
3.950000e-01	-8.345423e+00	-7.116719e-01
3.952115e-01	-8.354123e+00	-7.014044e-01
3.955000e-01	-8.366128e+00	-6.874202e-01
3.960000e-01	-8.386891e+00	-6.632773e-01
3.965000e-01	-8.407013e+00	-6.394194e-01
3.970000e-01	-8.426009e+00	-6.161248e-01
3.975000e-01	-8.443596e+00	-5.937254e-01
3.980000e-01	-8.459635e+00	-5.725328e-01
3.985000e-01	-8.474033e+00	-5.527675e-01
3.990000e-01	-8.486673e+00	-5.345230e-01
3.995000e-01	-8.497366e+00	-5.177828e-01
4.000000e-01	-8.505884e+00	-5.024770e-01
4.005000e-01	-8.512037e+00	-4.885538e-01
4.010000e-01	-8.515785e+00	-4.760373e-01
4.015000e-01	-8.517329e+00	-4.650495e-01
4.020000e-01	-8.517134e+00	-4.557901e-01
4.025000e-01	-8.515877e+00	-4.484822e-01
4.030000e-01	-8.514327e+00	-4.433071e-01
4.035000e-01	-8.513210e+00	-4.403545e-01
4.040000e-01	-8.513090e+00	-4.396030e-01
4.041371e-01	-8.513283e+00	-4.397682e-01
4.043790e-01	-8.513884e+00	-4.404342e-01
4.045000e-01	-8.514314e+00	-4.409418e-01
4.047626e-01	-8.515551e+00	-4.424310e-01
4.050000e-01	-8.517034e+00	-4.442203e-01
4.055000e-01	-8.521289e+00	-4.493064e-01
4.060000e-01	-8.527105e+00	-4.561333e-01
4.065000e-01	-8.534565e+00	-4.647139e-01
4.070000e-01	-8.543825e+00	-4.751193e-01
4.075000e-01	-8.555070e+00	-4.874335e-01
4.080000e-01	-8.568416e+00	-5.016992e-01
4.085000e-01	-8.583820e+00	-5.178759e-01
4.090000e-01	-8.601010e+00	-5.358209e-01
4.095000e-01	-8.619503e+00	-5.553137e-01
4.100000e-01	-8.638667e+00	-5.760912e-01
4.105000e-01	-8.657858e+00	-5.979080e-01
4.110000e-01	-8.676516e+00	-6.205712e-01
4.115000e-01	-8.694258e+00	-6.439596e-01
4.120000e-01	-8.710874e+00	-6.680054e-01
4.125000e-01	-8.726285e+00	-6.926618e-01
4.130000e-01	-8.740455e+00	-7.178574e-01
4.135000e-01	-8.753308e+00	-7.434638e-01
4.140000e-01	-8.764677e+00	-7.692862e-01
4.145000e-01	-8.774333e+00	-7.950840e-01
4.150000e-01	-8.782050e+00	-8.206094e-01
4.155000e-01	-8.787703e+00	-8.456547e-01
4.156667e-01	-8.789132e+00	-8.538705e-01
4.158889e-01	-8.790701e+00	-8.647128e-01
4.160000e-01	-8.791348e+00	-8.700847e-01
4.161667e-01	-8.792158e+00	-8.780802e-01
4.165000e-01	-8.793256e+00	-8.938479e-01
4.170000e-01	-8.793882e+00	-9.169608e-01
4.175000e-01	-8.793777e+00	-9.394696e-01
4.180000e-01	-8.793491e+00	-9.614081e-01
4.185000e-01	-8.793484e+00	-9.827634e-01
4.190000e-01	-8.794086e+00	-1.003462e+00
4.195000e-01	-8.795507e+00	-1.023382e+00
4.200000e-01	-8.797896e+00	-1.042381e+00
4.205000e-01	-8.801415e+00	-1.060330e+00
4.210000e-01	-8.806282e+00	-1.077145e+00
4.212370e-01	-8.809142e+00	-1.084709e+00
4.213685e-01	-8.810898e+00	-1.088792e+00
4.215000e-01	-8.812783e+00	-1.092794e+00
4.216742e-01	-8.815487e+00	-1.097971e+00
4.219133e-01	-8.819605e+00	-1.104852e+00
4.220000e-01	-8.821218e+00	-1.107282e+00
4.225000e-01	-8.831823e+00	-1.120626e+00
4.230000e-01	-8.844671e+00	-1.132822e+00
4.235000e-01	-8.859581e+00	-1.143833e+00
4.240000e-01	-8.876134e+00	-1.153565e+00
4.245000e-01	-8.893793e+00	-1.161864e+00
4.250000e-01	-8.911990e+00	-1.168539e+00
4.255000e-01	-8.930214e+00	-1.173407e+00
4.260000e-01	-8.948069e+00	-1.176321e+00
4.265000e-01	-8.965283e+00	-1.177190e+00
4.270000e-01	-8.981676e+00	-1.175964e+00
4.275000e-01	-8.997090e+00	-1.172622e+00
4.280000e-01	-9.011328e+00	-1.167141e+00
4.285000e-01	-9.024114e+00	-1.159484e+00
4.290000e-01	-9.035123e+00	-1.149588e+00
4.295000e-01	-9.044060e+00	-1.137373e+00
4.300000e-01	-9.050768e+00	-1.122752e+00
4.305000e-01	-9.055312e+00	-1.105656e+00
4.310000e-01	-9.058002e+00	-1.086053e+00
4.315000e-01	-9.059361e+00	-1.063965e+00
4.320000e-01	-9.060018e+00	-1.039470e+00
4.325000e-01	-9.060593e+00	-1.012693e+00
4.330000e-01	-9.061597e+00	-9.837961e-01
4.335000e-01	-9.063381e+00	-9.529566e-01
4.340000e-01	-9.066150e+00	-9.203657e-01
4.345000e-01	-9.070024e+00	-8.862279e-01
4.350000e-01	-9.075106e+00	-8.507725e-01
4.355000e-01	-9.081534e+00	-8.142696e-01
4.360000e-01	-9.089489e+00	-7.770432e-01
4.365000e-01	-9.099158e+00	-7.394743e-01
4.370000e-01	-9.110656e+00	-7.019911e-01
4.375000e-01	-9.123964e+00	-6.650454e-01
4.380000e-01	-9.138884e+00	-6.290831e-01
4.385000e-01	-9.155053e+00	-5.945141e-01
4.390000e-01	-9.172000e+00	-5.616974e-01
4.395000e-01	-9.189245e+00	-5.309257e-01
4.400000e-01	-9.206350e+00	-5.024507e-01
4.405000e-01	-9.223003e+00	-4.764864e-01
4.410000e-01	-9.238946e+00	-4.532576e-01
4.415000e-01	-9.253984e+00	-4.329934e-01
4.420000e-01	-9.268010e+00	-4.158879e-01
4.425000e-01	-9.280914e+00	-4.020305e-01
4.430000e-01	-9.292406e+00	-3.912713e-01
4.435000e-01	-9.302241e+00	-3.834163e-01
4.440000e-01	-9.310315e+00	-3.783238e-01
4.445000e-01	-9.316697e+00	-3.759360e-01
4.450000e-01	-9.321627e+00	-3.762805e-01
4.455000e-01	-9.325496e+00	-3.794447e-01
4.460000e-01	-9.328798e+00	-3.855272e-01
4.465000e-01	-9.332057e+00	-3.945771e-01
4.470000e-01	-9.335727e+00	-4.065254e-01
4.475000e-01	-9.340115e+00	-4.211418e-01
4.480000e-01	-9.345353e+00	-4.380443e-01
4.485000e-01	-9.351439e+00	-4.567569e-01
4.490000e-01	-9.358311e+00	-4.767966e-01
4.495000e-01	-9.365941e+00	-4.977553e-01
4.500000e-01	-9.374392e+00	-5.193502e-01
4.505000e-01	-9.383816e+00	-5.414197e-01
4.510000e-01	-9.394406e+00	-5.638806e-01
4.515000e-01	-9.406297e+00	-5.866579e-01
4.520000e-01	-9.419476e+00	-6.096237e-01
4.525000e-01	-9.433734e+00	-6.325657e-01
4.530000e-01	-9.448666e+00	-6.552012e-01
4.535000e-01	-9.463741e+00	-6.772333e-01
4.540000e-01	-9.478341e+00	-6.984257e-01
4.545000e-01	-9.491940e+00	-7.186646e-01
4.550000e-01	-9.504207e+00	-7.379746e-01
4.555000e-01	-9.515023e+00	-7.565068e-01
4.560000e-01	-9.524438e+00	-7.744850e-01
4.565000e-01	-9.532592e+00	-7.921365e-01
4.570000e-01	-9.539619e+00	-8.096299e-01
4.575000e-01	-9.545595e+00	-8.270446e-01
4.580000e-01	-9.550531e+00	-8.443815e-01
4.585000e-01	-9.554420e+00	-8.616070e-01
4.586295e-01	-9.555261e+00	-8.660460e-01
4.587679e-01	-9.556089e+00	-8.707849e-01
4.589117e-01	-9.556875e+00	-8.756974e-01
4.590000e-01	-9.557322e+00	-8.787101e-01
4.591592e-01	-9.558067e+00	-8.841353e-01
4.593320e-01	-9.558797e+00	-8.900217e-01
4.595000e-01	-9.559442e+00	-8.957467e-01
4.600000e-01	-9.561173e+00	-9.128534e-01
4.605000e-01	-9.563069e+00	-9.302246e-01
4.610000e-01	-9.565765e+00	-9.480591e-01
4.615000e-01	-9.569855e+00	-9.664984e-01
4.619018e-01	-9.574459e+00	-9.817819e-01
4.620000e-01	-9.575781e+00	-9.855774e-01
4.622172e-01	-9.578990e+00	-9.940459e-01
4.624057e-01	-9.582094e+00	-1.001471e+00
4.625000e-01	-9.583757e+00	-1.005205e+00
4.630000e-01	-9.593762e+00	-1.025182e+00
4.635000e-01	-9.605592e+00	-1.045246e+00
4.640000e-01	-9.618925e+00	-1.065131e+00
4.645000e-01	-9.633443e+00	-1.084607e+00
4.650000e-01	-9.648890e+00	-1.103495e+00
4.655000e-01	-9.665089e+00	-1.121652e+00
4.660000e-01	-9.681894e+00	-1.138921e+00
4.665000e-01	-9.699035e+00	-1.155025e+00
4.670000e-01	-9.716127e+00	-1.169579e+00
4.675000e-01	-9.732788e+00	-1.182182e+00
4.680000e-01	-9.748674e+00	-1.192470e+00
4.685000e-01	-9.763502e+00	-1.200139e+00
4.690000e-01	-9.777055e+00	-1.204959e+00
4.695000e-01	-9.789162e+00	-1.206753e+00
4.700000e-01	-9.799715e+00	-1.205388e+00
4.705000e-01	-9.808692e+00	-1.200769e+00
4.710000e-01	-9.816145e+00	-1.192827e+00
4.715000e-01	-9.822186e+00	-1.181515e+00
4.720000e-01	-9.826958e+00	-1.166805e+00
4.725000e-01	-9.830618e+00	-1.148714e+00
4.726366e-01	-9.831446e+00	-1.143191e+00
4.727771e-01	-9.832226e+00	-1.137255e+00
4.729496e-01	-9.833092e+00	-1.129618e+00
4.730000e-01	-9.833326e+00	-1.127315e+00
4.731587e-01	-9.834014e+00	-1.119852e+00
4.733230e-01	-9.834648e+00	-1.111799e+00
4.735000e-01	-9.835252e+00	-1.102758e+00
4.740000e-01	-9.836592e+00	-1.075274e+00
4.745000e-01	-9.837583e+00	-1.045164e+00
4.750000e-01	-9.838513e+00	-1.012782e+00
4.755000e-01	-9.839718e+00	-9.785074e-01
4.760000e-01	-9.841555e+00	-9.427213e-01
4.765000e-01	-9.844364e+00	-9.057973e-01
4.770000e-01	-9.848408e+00	-8.681138e-01
4.775000e-01	-9.853896e+00	-8.300397e-01
4.780000e-01	-9.860992e+00	-7.919403e-01
4.785000e-01	-9.869824e+00	-7.541846e-01
4.790000e-01	-9.880482e+00	-7.171486e-01
4.791280e-01	-9.883510e+00	-7.078284e-01
4.795000e-01	-9.893006e+00	-6.812108e-01
4.800000e-01	-9.907370e+00	-6.467410e-01
4.805000e-01	-9.923456e+00	-6.140825e-01
4.810000e-01	-9.941039e+00	-5.835353e-01
4.815000e-01	-9.959786e+00	-5.553426e-01
4.820000e-01	-9.979269e+00	-5.296856e-01
4.825000e-01	-9.999002e+00	-5.066859e-01
4.830000e-01	-1.001848e+01	-4.864121e-01
4.835000e-01	-1.003718e+01	-4.688561e-01
4.840000e-01	-1.005461e+01	-4.539484e-01
4.845000e-01	-1.007039e+01	-4.416043e-01
4.850000e-01	-1.008429e+01	-4.317386e-01
4.855000e-01	-1.009624e+01	-4.242713e-01
4.860000e-01	-1.010632e+01	-4.191246e-01
4.865000e-01	-1.011468e+01	-4.162125e-01
4.870000e-01	-1.012156e+01	-4.154230e-01
4.875000e-01	-1.012720e+01	-4.165985e-01
4.880000e-01	-1.013180e+01	-4.195314e-01
4.885000e-01	-1.013558e+01	-4.239794e-01
4.890000e-01	-1.013872e+01	-4.296975e-01
4.895000e-01	-1.014145e+01	-4.364752e-01
4.900000e-01	-1.014405e+01	-4.441676e-01
4.905000e-01	-1.014684e+01	-4.527077e-01
4.910000e-01	-1.015012e+01	-4.620982e-01
4.915000e-01	-1.015419e+01	-4.723858e-01
4.920000e-01	-1.015926e+01	-4.836257e-01
4.925000e-01	-1.016541e+01	-4.958530e-01
4.930000e-01	-1.017262e+01	-5.090695e-01
4.933786e-01	-1.017871e+01	-5.197222e-01
4.935000e-01	-1.018076e+01	-5.232536e-01
4.940000e-01	-1.018962e+01	-5.383741e-01
4.945000e-01	-1.019903e+01	-5.544091e-01
4.950000e-01	-1.020889e+01	-5.713632e-01
4.955000e-01	-1.021916e+01	-5.892738e-01
4.960000e-01	-1.022987e+01	-6.082028e-01
4.965000e-01	-1.024103e+01	-6.282107e-01
4.970000e-01	-1.025257e+01	-6.492981e-01
4.975000e-01	-1.026432e+01	-6.714350e-01
4.980000e-01	-1.027609e+01	-6.945880e-01
4.985000e-01	-1.028770e+01	-7.187210e-01
4.990000e-01	-1.029899e+01	-7.437893e-01
4.995000e-01	-1.030985e+01	-7.697334e-01
5.000000e-01	-1.032025e+01	-7.964753e-01
5.004899e-01	-1.032999e+01	-8.233562e-01
5.005000e-01	-1.033018e+01	-8.239176e-01
5.008829e-01	-1.033752e+01	-8.453291e-01
5.010000e-01	-1.033972e+01	-8.519350e-01
5.015000e-01	-1.034895e+01	-8.803648e-01
5.020000e-01	-1.035799e+01	-9.090014e-01
5.025000e-01	-1.036696e+01	-9.375944e-01
5.030000e-01	-1.037595e+01	-9.658535e-01
5.035000e-01	-1.038503e+01	-9.934618e-01
5.040000e-01	-1.039426e+01	-1.020094e+00
5.045000e-01	-1.040369e+01	-1.045435e+00
5.050000e-01	-1.041333e+01	-1.069199e+00
5.055000e-01	-1.042323e+01	-1.091138e+00
5.060000e-01	-1.043337e+01	-1.111037e+00
5.065000e-01	-1.044368e+01	-1.128711e+00
5.070000e-01	-1.045407e+01	-1.144024e+00
5.075000e-01	-1.046445e+01	-1.156885e+00
5.080000e-01	-1.047467e+01	-1.167249e+00
5.085000e-01	-1.048463e+01	-1.175119e+00
5.090000e-01	-1.049419e+01	-1.180530e+00
5.095000e-01	-1.050327e+01	-1.183550e+00
5.100000e-01	-1.051181e+01	-1.184268e+00
5.105000e-01	-1.051978e+01	-1.182786e+00
5.110000e-01	-1.052720e+01	-1.179213e+00
5.115000e-01	-1.053414e+01	-1.173655e+00
5.120000e-01	-1.054071e+01	-1.166213e+00
5.125000e-01	-1.054706e+01	-1.156981e+00
5.130000e-01	-1.055333e+01	-1.146042e+00
5.135000e-01	-1.055970e+01	-1.133469e+00
5.140000e-01	-1.056630e+01	-1.119329e+00
5.145000e-01	-1.057326e+01	-1.103681e+00
5.150000e-01	-1.058066e+01	-1.086578e+00
5.155000e-01	-1.058855e+01	-1.068073e+00
5.160000e-01	-1.059693e+01	-1.048212e+00
5.165000e-01	-1.060580e+01	-1.027041e+00
5.170000e-01	-1.061514e+01	-1.004605e+00
5.175000e-01	-1.062493e+01	-9.809439e-01
5.180000e-01	-1.063516e+01	-9.560998e-01
5.185000e-01	-1.064583e+01	-9.301151e-01
5.190000e-01	-1.065697e+01	-9.030377e-01
5.195000e-01	-1.066858e+01	-8.749256e-01
5.200000e-01	-1.068068e+01	-8.458532e-01
5.205000e-01	-1.069327e+01	-8.159172e-01
5.210000e-01	-1.070630e+01	-7.852427e-01
5.215000e-01	-1.071969e+01	-7.539877e-01
5.220000e-01	-1.073329e+01	-7.223455e-01
5.225000e-01	-1.074694e+01	-6.905444e-01
5.230000e-01	-1.076043e+01	-6.588444e-01
5.235000e-01	-1.077352e+01	-6.275321e-01
5.240000e-01	-1.078600e+01	-5.969127e-01
5.245000e-01	-1.079765e+01	-5.673013e-01
5.250000e-01	-1.080830e+01	-5.390133e-01
5.255000e-01	-1.081782e+01	-5.123557e-01
5.260000e-01	-1.082616e+01	-4.876189e-01
5.265000e-01	-1.083333e+01	-4.650697e-01
5.270000e-01	-1.083940e+01	-4.449459e-01
5.275000e-01	-1.084455e+01	-4.274514e-01
5.280000e-01	-1.084898e+01	-4.127517e-01
5.285000e-01	-1.085300e+01	-4.009707e-01
5.290000e-01	-1.085691e+01	-3.921885e-01
5.292458e-01	-1.085890e+01	-3.889827e-01
5.295000e-01	-1.086106e+01	-3.864409e-01
5.300000e-01	-1.086578e+01	-3.837229e-01
5.305000e-01	-1.087133e+01	-3.839886e-01
5.310000e-01	-1.087793e+01	-3.871513e-01
5.315000e-01	-1.088573e+01	-3.930851e-01
5.320000e-01	-1.089478e+01	-4.016273e-01
5.325000e-01	-1.090506e+01	-4.125821e-01
5.330000e-01	-1.091646e+01	-4.257243e-01
5.335000e-01	-1.092882e+01	-4.408054e-01
5.340000e-01	-1.094192e+01	-4.575589e-01
5.345000e-01	-1.095554e+01	-4.757078e-01
5.350000e-01	-1.096941e+01	-4.949720e-01
5.355000e-01	-1.098330e+01	-5.150764e-01
5.360000e-01	-1.099698e+01	-5.357598e-01
5.365000e-01	-1.101024e+01	-5.567834e-01
5.370000e-01	-1.102294e+01	-5.779392e-01
5.375000e-01	-1.103493e+01	-5.990583e-01
5.380000e-01	-1.104611e+01	-6.200166e-01
5.385000e-01	-1.105640e+01	-6.407397e-01
5.390000e-01	-1.106576e+01	-6.612041e-01
5.395000e-01	-1.107416e+01	-6.814360e-01
5.400000e-01	-1.108160e+01	-7.015071e-01
5.405000e-01	-1.108811e+01	-7.215260e-01
5.410000e-01	-1.109376e+01	-7.416292e-01
5.415000e-01	-1.109865e+01	-7.619683e-01
5.416576e-01	-1.110005e+01	-7.684547e-01
5.417927e-01	-1.110120e+01	-7.740475e-01
5.419196e-01	-1.110225e+01	-7.793319e-01
5.420000e-01	-1.110290e+01	-7.826984e-01
5.421255e-01	-1.110389e+01	-7.879819e-01
5.422593e-01	-1.110492e+01	-7.936533e-01
5.424039e-01	-1.110600e+01	-7.998311e-01
5.425000e-01	-1.110671e+01	-8.039647e-01
5.426820e-01	-1.110802e+01	-8.118652e-01
5.428289e-01	-1.110907e+01	-8.183096e-01
5.430000e-01	-1.111028e+01	-8.258922e-01
5.431348e-01	-1.111124e+01	-8.319286e-01
5.432857e-01	-1.111231e+01	-8.387571e-01
5.434329e-01	-1.111337e+01	-8.454846e-01
5.435000e-01	-1.111386e+01	-8.485755e-01
5.436468e-01	-1.111496e+01	-8.553890e-01
5.437913e-01	-1.111606e+01	-8.621634e-01
5.440000e-01	-1.111772e+01	-8.720711e-01
5.444537e-01	-1.112169e+01	-8.941088e-01
5.445000e-01	-1.112213e+01	-8.963929e-01
5.450000e-01	-1.112734e+01	-9.215079e-01
5.452469e-01	-1.113029e+01	-9.341805e-01
5.455000e-01	-1.113359e+01	-9.473357e-01
5.460000e-01	-1.114107e+01	-9.737477e-01
5.465000e-01	-1.114989e+01	-1.000569e+00
5.466255e-01	-1.115232e+01	-1.007341e+00
5.467506e-01	-1.115484e+01	-1.014098e+00
5.468776e-01	-1.115748e+01	-1.020966e+00
5.470000e-01	-1.116012e+01	-1.027580e+00
5.473896e-01	-1.116906e+01	-1.048593e+00
5.475000e-01	-1.117174e+01	-1.054519e+00
5.480000e-01	-1.118467e+01	-1.081086e+00
5.485000e-01	-1.119875e+01	-1.106949e+00
5.490000e-01	-1.121375e+01	-1.131743e+00
5.495000e-01	-1.122943e+01	-1.155082e+00
5.500000e-01	-1.124548e+01	-1.176565e+00
5.505000e-01	-1.126159e+01	-1.195784e+00
5.510000e-01	-1.127746e+01	-1.212336e+00
5.515000e-01	-1.129279e+01	-1.225834e+00
5.520000e-01	-1.130729e+01	-1.235922e+00
5.525000e-01	-1.132073e+01	-1.242292e+00
5.530000e-01	-1.133288e+01	-1.244697e+00
5.535000e-01	-1.134359e+01	-1.242961e+00
5.540000e-01	-1.135272e+01	-1.236998e+00
5.545000e-01	-1.136022e+01	-1.226813e+00
5.550000e-01	-1.136607e+01	-1.212508e+00
5.555000e-01	-1.137033e+01	-1.194283e+00
5.558836e-01	-1.137261e+01	-1.177821e+00
5.560000e-01	-1.137314e+01	-1.172427e+00
5.561254e-01	-1.137364e+01	-1.166418e+00
5.562509e-01	-1.137406e+01	-1.160204e+00
5.563772e-01	-1.137441e+01	-1.153759e+00
5.565000e-01	-1.137469e+01	-1.147314e+00
5.566262e-01	-1.137492e+01	-1.140513e+00
5.567528e-01	-1.137509e+01	-1.133516e+00
5.570000e-01	-1.137527e+01	-1.119382e+00
5.575000e-01	-1.137523e+01	-1.089123e+00
5.580000e-01	-1.137497e+01	-1.057067e+00
5.585000e-01	-1.137496e+01	-1.023759e+00
5.590000e-01	-1.137568e+01	-9.897456e-01
5.595000e-01	-1.137759e+01	-9.555543e-01
5.600000e-01	-1.138111e+01	-9.216757e-01
5.605000e-01	-1.138660e+01	-8.885471e-01
5.610000e-01	-1.139430e+01	-8.565455e-01
5.615000e-01	-1.140435e+01	-8.259810e-01
5.618907e-01	-1.141386e+01	-8.032542e-01
5.620000e-01	-1.141678e+01	-7.970917e-01
5.621261e-01	-1.142028e+01	-7.900907e-01
5.625000e-01	-1.143148e+01	-7.700421e-01
5.630000e-01	-1.144826e+01	-7.449222e-01
5.635000e-01	-1.146679e+01	-7.217497e-01
5.640000e-01	-1.148668e+01	-7.004739e-01
5.645000e-01	-1.150748e+01	-6.809809e-01
5.650000e-01	-1.152868e+01	-6.631023e-01
5.655000e-01	-1.154977e+01	-6.466241e-01
5.660000e-01	-1.157027e+01	-6.312995e-01
5.665000e-01	-1.158972e+01	-6.168617e-01
5.670000e-01	-1.160775e+01	-6.030394e-01
5.675000e-01	-1.162403e+01	-5.895716e-01
5.680000e-01	-1.163834e+01	-5.762229e-01
5.685000e-01	-1.165052e+01	-5.627974e-01
5.690000e-01	-1.166051e+01	-5.491502e-01
5.695000e-01	-1.166829e+01	-5.351964e-01
5.700000e-01	-1.167391e+01	-5.209160e-01
5.705000e-01	-1.167746e+01	-5.063563e-01
5.710000e-01	-1.167910e+01	-4.916300e-01
5.715000e-01	-1.167900e+01	-4.769116e-01
5.720000e-01	-1.167743e+01	-4.624326e-01
5.725000e-01	-1.167470e+01	-4.484753e-01
5.730000e-01	-1.167121e+01	-4.353651e-01
5.733190e-01	-1.166879e+01	-4.276069e-01
5.734960e-01	-1.166745e+01	-4.235520e-01
5.735000e-01	-1.166742e+01	-4.234625e-01
5.737248e-01	-1.166576e+01	-4.186058e-01
5.739238e-01	-1.166438e+01	-4.146049e-01
5.740000e-01	-1.166388e+01	-4.131518e-01
5.741639e-01	-1.166287e+01	-4.101846e-01
5.743293e-01	-1.166196e+01	-4.074219e-01
5.745000e-01	-1.166115e+01	-4.048279e-01
5.746598e-01	-1.166055e+01	-4.026494e-01
5.748846e-01	-1.165997e+01	-4.000203e-01
5.750000e-01	-1.165981e+01	-3.988770e-01
5.755000e-01	-1.166038e+01	-3.956650e-01
5.757453e-01	-1.166151e+01	-3.951935e-01
5.758726e-01	-1.166233e+01	-3.952524e-01
5.760000e-01	-1.166332e+01	-3.955252e-01
5.761254e-01	-1.166448e+01	-3.960072e-01
5.762510e-01	-1.166581e+01	-3.967058e-01
5.765000e-01	-1.166900e+01	-3.987439e-01
5.770000e-01	-1.167765e+01	-4.055467e-01
5.775000e-01	-1.168936e+01	-4.160859e-01
5.780000e-01	-1.170408e+01	-4.304295e-01
5.785000e-01	-1.172158e+01	-4.485536e-01
5.790000e-01	-1.174149e+01	-4.703380e-01
5.795000e-01	-1.176332e+01	-4.955667e-01
5.800000e-01	-1.178648e+01	-5.239322e-01
5.805000e-01	-1.181030e+01	-5.550447e-01
5.810000e-01	-1.183410e+01	-5.884459e-01
5.815000e-01	-1.185722e+01	-6.236249e-01
5.820000e-01	-1.187904e+01	-6.600374e-01
5.825000e-01	-1.189905e+01	-6.971261e-01
5.830000e-01	-1.191681e+01	-7.343413e-01
5.835000e-01	-1.193203e+01	-7.711600e-01
5.840000e-01	-1.194452e+01	-8.071038e-01
5.845000e-01	-1.195420e+01	-8.417524e-01
5.850000e-01	-1.196110e+01	-8.747548e-01
5.851739e-01	-1.196287e+01	-8.857952e-01
5.853108e-01	-1.196404e+01	-8.943127e-01
5.854525e-01	-1.196505e+01	-9.029719e-01
5.855000e-01	-1.196535e+01	-9.058345e-01
5.856581e-01	-1.196617e+01	-9.152288e-01
5.858231e-01	-1.196676e+01	-9.247962e-01
5.859598e-01	-1.196707e+01	-9.325478e-01
5.860000e-01	-1.196713e+01	-9.347917e-01
5.865000e-01	-1.196672e+01	-9.615009e-01
5.870000e-01	-1.196446e+01	-9.859048e-01
5.875000e-01	-1.196074e+01	-1.008007e+00
5.880000e-01	-1.195601e+01	-1.027865e+00
5.885000e-01	-1.195077e+01	-1.045574e+00
5.887782e-01	-1.194783e+01	-1.054545e+00
5.889713e-01	-1.194584e+01	-1.060415e+00
5.890000e-01	-1.194555e+01	-1.061265e+00
5.892033e-01	-1.194357e+01	-1.067103e+00
5.895000e-01	-1.194092e+01	-1.075095e+00
5.896374e-01	-1.193983e+01	-1.078590e+00
5.900000e-01	-1.193743e+01	-1.087233e+00
5.905000e-01	-1.193562e+01	-1.097861e+00
5.910000e-01	-1.193596e+01	-1.107162e+00
5.911384e-01	-1.193649e+01	-1.109526e+00
5.915000e-01	-1.193885e+01	-1.115312e+00
5.917129e-01	-1.194092e+01	-1.118473e+00
5.918399e-01	-1.194240e+01	-1.120276e+00
5.919687e-01	-1.194410e+01	-1.122047e+00
5.920000e-01	-1.194454e+01	-1.122469e+00
5.921352e-01	-1.194659e+01	-1.124252e+00
5.922604e-01	-1.194867e+01	-1.125849e+00
5.923857e-01	-1.195095e+01	-1.127398e+00
5.925000e-01	-1.195319e+01	-1.128769e+00
5.926260e-01	-1.195584e+01	-1.130235e+00
5.930000e-01	-1.196481e+01	-1.134322e+00
5.935000e-01	-1.197931e+01	-1.139199e+00
5.940000e-01	-1.199650e+01	-1.143432e+00
5.945000e-01	-1.201607e+01	-1.146999e+00
5.950000e-01	-1.203763e+01	-1.149823e+00
5.955000e-01	-1.206068e+01	-1.151774e+00
5.960000e-01	-1.208467e+01	-1.152667e+00
5.965000e-01	-1.210900e+01	-1.152272e+00
5.970000e-01	-1.213302e+01	-1.150332e+00
5.975000e-01	-1.215610e+01	-1.146578e+00
5.980000e-01	-1.217760e+01	-1.140753e+00
5.985000e-01	-1.219698e+01	-1.132635e+00
5.990000e-01	-1.221379e+01	-1.122057e+00
5.995000e-01	-1.222767e+01	-1.108921e+00
6.000000e-01	-1.223842e+01	-1.093206e+00


