"front angular displacement of -180_-180 rotational motion"

"Time      "	".JOINT_14.Ax_Ay_Az_Projection_Angles.Z"
0.000000e+00	1.193196e-13
5.000000e-04	3.050668e-04
1.000000e-03	1.165783e-03
1.500000e-03	2.498694e-03
2.000000e-03	4.223302e-03
2.500000e-03	6.268824e-03
3.000000e-03	8.578924e-03
3.500000e-03	1.111417e-02
4.000000e-03	1.385234e-02
4.500000e-03	1.678704e-02
5.000000e-03	1.992547e-02
5.500000e-03	2.328578e-02
6.000000e-03	2.689483e-02
6.500000e-03	3.078633e-02
7.000000e-03	3.499937e-02
7.500000e-03	3.957708e-02
8.000000e-03	4.456487e-02
8.500000e-03	5.000806e-02
9.000000e-03	5.594887e-02
9.500000e-03	6.242293e-02
1.000000e-02	6.945598e-02
1.050000e-02	7.706149e-02
1.100000e-02	8.523988e-02
1.150000e-02	9.397952e-02
1.200000e-02	1.032578e-01
1.250000e-02	1.129797e-01
1.300000e-02	1.229707e-01
1.350000e-02	1.330665e-01
1.400000e-02	1.431291e-01
1.450000e-02	1.530537e-01
1.500000e-02	1.627696e-01
1.550000e-02	1.722371e-01
1.600000e-02	1.814474e-01
1.650000e-02	1.904339e-01
1.700000e-02	1.992834e-01
1.750000e-02	2.081342e-01
1.800000e-02	2.171606e-01
1.850000e-02	2.265451e-01
1.900000e-02	2.364481e-01
1.950000e-02	2.469784e-01
2.000000e-02	2.581308e-01
2.050000e-02	2.697755e-01
2.100000e-02	2.816902e-01
2.150000e-02	2.935971e-01
2.200000e-02	3.052178e-01
2.250000e-02	3.163249e-01
2.300000e-02	3.267721e-01
2.350000e-02	3.364932e-01
2.400000e-02	3.454737e-01
2.450000e-02	3.537127e-01
2.500000e-02	3.611904e-01
2.550000e-02	3.678592e-01
2.600000e-02	3.736585e-01
2.650000e-02	3.785464e-01
2.700000e-02	3.825327e-01
2.750000e-02	3.856938e-01
2.800000e-02	3.881652e-01
2.850000e-02	3.901086e-01
2.900000e-02	3.916661e-01
2.950000e-02	3.929250e-01
3.000000e-02	3.938987e-01
3.050000e-02	3.945334e-01
3.100000e-02	3.947367e-01
3.150000e-02	3.944115e-01
3.200000e-02	3.934896e-01
3.250000e-02	3.919386e-01
3.300000e-02	3.897544e-01
3.350000e-02	3.869372e-01
3.400000e-02	3.834693e-01
3.450000e-02	3.793044e-01
3.500000e-02	3.743749e-01
3.550000e-02	3.686117e-01
3.600000e-02	3.619752e-01
3.650000e-02	3.544782e-01
3.700000e-02	3.461934e-01
3.750000e-02	3.372511e-01
3.800000e-02	3.277957e-01
3.850000e-02	3.179750e-01
3.900000e-02	3.079643e-01
3.950000e-02	2.979318e-01
4.000000e-02	2.879887e-01
4.050000e-02	2.781936e-01
4.100000e-02	2.685727e-01
4.150000e-02	2.591420e-01
4.200000e-02	2.499227e-01
4.250000e-02	2.409414e-01
4.300000e-02	2.322169e-01
4.350000e-02	2.237397e-01
4.400000e-02	2.154573e-01
4.450000e-02	2.072715e-01
4.500000e-02	1.990530e-01
4.550000e-02	1.906693e-01
4.600000e-02	1.820169e-01
4.650000e-02	1.730449e-01
4.700000e-02	1.637649e-01
4.750000e-02	1.542418e-01
4.800000e-02	1.445741e-01
4.850000e-02	1.348705e-01
4.900000e-02	1.252322e-01
4.950000e-02	1.157473e-01
5.000000e-02	1.064967e-01
5.050000e-02	9.756702e-02
5.100000e-02	8.906062e-02
5.150000e-02	8.109943e-02
5.200000e-02	7.381307e-02
5.250000e-02	6.731517e-02
5.300000e-02	6.168541e-02
5.350000e-02	5.695330e-02
5.400000e-02	5.309511e-02
5.450000e-02	5.003734e-02
5.500000e-02	4.768151e-02
5.550000e-02	4.592822e-02
5.600000e-02	4.469375e-02
5.650000e-02	4.391801e-02
5.700000e-02	4.356080e-02
5.750000e-02	4.359074e-02
5.800000e-02	4.397392e-02
5.850000e-02	4.466673e-02
5.900000e-02	4.562719e-02
5.950000e-02	4.684874e-02
6.000000e-02	4.839030e-02
6.050000e-02	5.038038e-02
6.100000e-02	5.301248e-02
6.150000e-02	5.647590e-02
6.200000e-02	6.088932e-02
6.250000e-02	6.628663e-02
6.300000e-02	7.262095e-02
6.350000e-02	7.977390e-02
6.400000e-02	8.760165e-02
6.450000e-02	9.597358e-02
6.500000e-02	1.047870e-01
6.550000e-02	1.139570e-01
6.600000e-02	1.233888e-01
6.650000e-02	1.329497e-01
6.700000e-02	1.424554e-01
6.750000e-02	1.516820e-01
6.800000e-02	1.604002e-01
6.850000e-02	1.684201e-01
6.900000e-02	1.756302e-01
6.950000e-02	1.820192e-01
7.000000e-02	1.876688e-01
7.050000e-02	1.927191e-01
7.100000e-02	1.973231e-01
7.150000e-02	2.016076e-01
7.200000e-02	2.056561e-01
7.250000e-02	2.095172e-01
7.300000e-02	2.132311e-01
7.350000e-02	2.168591e-01
7.400000e-02	2.205000e-01
7.450000e-02	2.242848e-01
7.500000e-02	2.283507e-01
7.550000e-02	2.328036e-01
7.600000e-02	2.376887e-01
7.650000e-02	2.429781e-01
7.700000e-02	2.485816e-01
7.750000e-02	2.543795e-01
7.800000e-02	2.602573e-01
7.850000e-02	2.661348e-01
7.900000e-02	2.719763e-01
7.950000e-02	2.777813e-01
8.000000e-02	2.835609e-01
8.050000e-02	2.893132e-01
8.100000e-02	2.950089e-01
8.150000e-02	3.005935e-01
8.200000e-02	3.060035e-01
8.250000e-02	3.111910e-01
8.300000e-02	3.161414e-01
8.350000e-02	3.208762e-01
8.400000e-02	3.254392e-01
8.450000e-02	3.298719e-01
8.500000e-02	3.341871e-01
8.550000e-02	3.383496e-01
8.600000e-02	3.422728e-01
8.650000e-02	3.458319e-01
8.700000e-02	3.488862e-01
8.750000e-02	3.512985e-01
8.800000e-02	3.529555e-01
8.850000e-02	3.537607e-01
8.900000e-02	3.536373e-01
8.950000e-02	3.525020e-01
9.000000e-02	3.502711e-01
9.050000e-02	3.468422e-01
9.100000e-02	3.421302e-01
9.150000e-02	3.360988e-01
9.200000e-02	3.288776e-01
9.250000e-02	3.206568e-01
9.300000e-02	3.116510e-01
9.350000e-02	3.020830e-01
9.400000e-02	2.921704e-01
9.450000e-02	2.821181e-01
9.500000e-02	2.721164e-01
9.550000e-02	2.623423e-01
9.600000e-02	2.529592e-01
9.650000e-02	2.441135e-01
9.700000e-02	2.359256e-01
9.750000e-02	2.284799e-01
9.800000e-02	2.218149e-01
9.850000e-02	2.159202e-01
9.900000e-02	2.107400e-01
9.950000e-02	2.061845e-01
1.000000e-01	2.021477e-01
1.005000e-01	1.985217e-01
1.010000e-01	1.952088e-01
1.015000e-01	1.921267e-01
1.020000e-01	1.892077e-01
1.025000e-01	1.863945e-01
1.030000e-01	1.836359e-01
1.035000e-01	1.808865e-01
1.040000e-01	1.781095e-01
1.045000e-01	1.752844e-01
1.050000e-01	1.724118e-01
1.055000e-01	1.695168e-01
1.060000e-01	1.666449e-01
1.065000e-01	1.638525e-01
1.070000e-01	1.611941e-01
1.075000e-01	1.587108e-01
1.080000e-01	1.564212e-01
1.085000e-01	1.543235e-01
1.090000e-01	1.524012e-01
1.095000e-01	1.506323e-01
1.100000e-01	1.490000e-01
1.105000e-01	1.474994e-01
1.110000e-01	1.461395e-01
1.115000e-01	1.449412e-01
1.120000e-01	1.439316e-01
1.125000e-01	1.431431e-01
1.130000e-01	1.426098e-01
1.135000e-01	1.423762e-01
1.140000e-01	1.424960e-01
1.145000e-01	1.430498e-01
1.150000e-01	1.441286e-01
1.155000e-01	1.458529e-01
1.160000e-01	1.483322e-01
1.165000e-01	1.516916e-01
1.170000e-01	1.560204e-01
1.175000e-01	1.613810e-01
1.180000e-01	1.677939e-01
1.185000e-01	1.752373e-01
1.190000e-01	1.836587e-01
1.195000e-01	1.929769e-01
1.200000e-01	2.030848e-01
1.205000e-01	2.138522e-01
1.210000e-01	2.251273e-01
1.215000e-01	2.367365e-01
1.220000e-01	2.484868e-01
1.225000e-01	2.601700e-01
1.230000e-01	2.715721e-01
1.235000e-01	2.824840e-01
1.240000e-01	2.927151e-01
1.245000e-01	3.021048e-01
1.250000e-01	3.105248e-01
1.255000e-01	3.176203e-01
1.260000e-01	3.228915e-01
1.265000e-01	3.259456e-01
1.270000e-01	3.265384e-01
1.275000e-01	3.245956e-01
1.280000e-01	3.202216e-01
1.285000e-01	3.136950e-01
1.290000e-01	3.054506e-01
1.295000e-01	2.960488e-01
1.300000e-01	2.861345e-01
1.305000e-01	2.763877e-01
1.310000e-01	2.674704e-01
1.315000e-01	2.599365e-01
1.320000e-01	2.540769e-01
1.325000e-01	2.497783e-01
1.330000e-01	2.465320e-01
1.335000e-01	2.436083e-01
1.340000e-01	2.403232e-01
1.345000e-01	2.362849e-01
1.350000e-01	2.315185e-01
1.355000e-01	2.264174e-01
1.360000e-01	2.215539e-01
1.365000e-01	2.174306e-01
1.370000e-01	2.142781e-01
1.375000e-01	2.119954e-01
1.380000e-01	2.102430e-01
1.385000e-01	2.086479e-01
1.390000e-01	2.070330e-01
1.395000e-01	2.055495e-01
1.400000e-01	2.046695e-01
1.405000e-01	2.050556e-01
1.410000e-01	2.072363e-01
1.415000e-01	2.113143e-01
1.420000e-01	2.170777e-01
1.425000e-01	2.240823e-01
1.430000e-01	2.316549e-01
1.435000e-01	2.390748e-01
1.440000e-01	2.457358e-01
1.445000e-01	2.512418e-01
1.450000e-01	2.554099e-01
1.455000e-01	2.581904e-01
1.460000e-01	2.595474e-01
1.465000e-01	2.593575e-01
1.470000e-01	2.573763e-01
1.475000e-01	2.532884e-01
1.480000e-01	2.468228e-01
1.485000e-01	2.378780e-01
1.490000e-01	2.266081e-01
1.495000e-01	2.134226e-01
1.500000e-01	1.989043e-01
1.505000e-01	1.836704e-01
1.510000e-01	1.682319e-01
1.515000e-01	1.528996e-01
1.520000e-01	1.377857e-01
1.525000e-01	1.228718e-01
1.530000e-01	1.081213e-01
1.535000e-01	9.358575e-02
1.540000e-01	7.945427e-02
1.545000e-01	6.602885e-02
1.550000e-01	5.364376e-02
1.555000e-01	4.255064e-02
1.560000e-01	3.283865e-02
1.565000e-01	2.442817e-02
1.570000e-01	1.712402e-02
1.575000e-01	1.072023e-02
1.580000e-01	5.113709e-03
1.585000e-01	3.798417e-04
1.590000e-01	-3.218065e-03
1.595000e-01	-5.304154e-03
1.600000e-01	-5.473399e-03
1.605000e-01	-3.434427e-03
1.610000e-01	9.470209e-04
1.615000e-01	7.625678e-03
1.620000e-01	1.641866e-02
1.625000e-01	2.712670e-02
1.630000e-01	3.956758e-02
1.635000e-01	5.365266e-02
1.640000e-01	6.933835e-02
1.645000e-01	8.657851e-02
1.650000e-01	1.052137e-01
1.655000e-01	1.249398e-01
1.660000e-01	1.451975e-01
1.665000e-01	1.653986e-01
1.670000e-01	1.848932e-01
1.675000e-01	2.030835e-01
1.680000e-01	2.195082e-01
1.685000e-01	2.338788e-01
1.690000e-01	2.460662e-01
1.695000e-01	2.560474e-01
1.700000e-01	2.638372e-01
1.705000e-01	2.694492e-01
1.710000e-01	2.729186e-01
1.715000e-01	2.743599e-01
1.720000e-01	2.739605e-01
1.725000e-01	2.721049e-01
1.730000e-01	2.692503e-01
1.735000e-01	2.657212e-01
1.740000e-01	2.618713e-01
1.745000e-01	2.578916e-01
1.750000e-01	2.539149e-01
1.755000e-01	2.500319e-01
1.760000e-01	2.463223e-01
1.765000e-01	2.428865e-01
1.770000e-01	2.398434e-01
1.775000e-01	2.372955e-01
1.780000e-01	2.352817e-01
1.785000e-01	2.337404e-01
1.790000e-01	2.325060e-01
1.795000e-01	2.313411e-01
1.800000e-01	2.299955e-01
1.805000e-01	2.282667e-01
1.810000e-01	2.260423e-01
1.815000e-01	2.233057e-01
1.820000e-01	2.201078e-01
1.825000e-01	2.165259e-01
1.830000e-01	2.126417e-01
1.835000e-01	2.085355e-01
1.840000e-01	2.042861e-01
1.845000e-01	1.999714e-01
1.850000e-01	1.956627e-01
1.855000e-01	1.914086e-01
1.860000e-01	1.872124e-01
1.865000e-01	1.830078e-01
1.870000e-01	1.786467e-01
1.875000e-01	1.739024e-01
1.880000e-01	1.684968e-01
1.885000e-01	1.622483e-01
1.890000e-01	1.551787e-01
1.895000e-01	1.473363e-01
1.900000e-01	1.387220e-01
1.905000e-01	1.292638e-01
1.910000e-01	1.188351e-01
1.915000e-01	1.073123e-01
1.920000e-01	9.464880e-02
1.925000e-01	8.093600e-02
1.930000e-01	6.642630e-02
1.935000e-01	5.150867e-02
1.940000e-01	3.664426e-02
1.945000e-01	2.229074e-02
1.950000e-01	8.836975e-03
1.955000e-01	-3.430466e-03
1.960000e-01	-1.431700e-02
1.965000e-01	-2.368471e-02
1.970000e-01	-3.140844e-02
1.975000e-01	-3.734972e-02
1.980000e-01	-4.135678e-02
1.985000e-01	-4.329591e-02
1.990000e-01	-4.309824e-02
1.995000e-01	-4.080171e-02
2.000000e-01	-3.656917e-02
2.005000e-01	-3.067171e-02
2.010000e-01	-2.344264e-02
2.015000e-01	-1.521672e-02
2.020000e-01	-6.275269e-03
2.025000e-01	3.182089e-03
2.030000e-01	1.304012e-02
2.035000e-01	2.323773e-02
2.040000e-01	3.373090e-02
2.045000e-01	4.445896e-02
2.050000e-01	5.533086e-02
2.055000e-01	6.623423e-02
2.060000e-01	7.705939e-02
2.065000e-01	8.773129e-02
2.070000e-01	9.821759e-02
2.075000e-01	1.085234e-01
2.080000e-01	1.186654e-01
2.085000e-01	1.286348e-01
2.090000e-01	1.383639e-01
2.095000e-01	1.477082e-01
2.100000e-01	1.564547e-01
2.105000e-01	1.643487e-01
2.110000e-01	1.711271e-01
2.115000e-01	1.765625e-01
2.120000e-01	1.804748e-01
2.125000e-01	1.827526e-01
2.130000e-01	1.833305e-01
2.135000e-01	1.821846e-01
2.140000e-01	1.793163e-01
2.145000e-01	1.747507e-01
2.150000e-01	1.685548e-01
2.155000e-01	1.608301e-01
2.160000e-01	1.517747e-01
2.165000e-01	1.416445e-01
2.170000e-01	1.307839e-01
2.175000e-01	1.195405e-01
2.180000e-01	1.082975e-01
2.185000e-01	9.730488e-02
2.190000e-01	8.686339e-02
2.195000e-01	7.719030e-02
2.200000e-01	6.844261e-02
2.205000e-01	6.072957e-02
2.210000e-01	5.412436e-02
2.215000e-01	4.866944e-02
2.220000e-01	4.437407e-02
2.225000e-01	4.120692e-02
2.230000e-01	3.908937e-02
2.235000e-01	3.789611e-02
2.240000e-01	3.746640e-02
2.245000e-01	3.762362e-02
2.250000e-01	3.819927e-02
2.255000e-01	3.905503e-02
2.260000e-01	4.009305e-02
2.265000e-01	4.125654e-02
2.270000e-01	4.251963e-02
2.275000e-01	4.387299e-02
2.280000e-01	4.531054e-02
2.285000e-01	4.682257e-02
2.290000e-01	4.839547e-02
2.295000e-01	5.001591e-02
2.300000e-01	5.167468e-02
2.305000e-01	5.336596e-02
2.310000e-01	5.508026e-02
2.315000e-01	5.679215e-02
2.320000e-01	5.844887e-02
2.325000e-01	5.996197e-02
2.330000e-01	6.121001e-02
2.335000e-01	6.205007e-02
2.340000e-01	6.233675e-02
2.345000e-01	6.194261e-02
2.350000e-01	6.077385e-02
2.355000e-01	5.878174e-02
2.360000e-01	5.595802e-02
2.365000e-01	5.233107e-02
2.370000e-01	4.795977e-02
2.375000e-01	4.293006e-02
2.380000e-01	3.735622e-02
2.385000e-01	3.138647e-02
2.390000e-01	2.520464e-02
2.395000e-01	1.902949e-02
2.400000e-01	1.310964e-02
2.405000e-01	7.696280e-03
2.410000e-01	3.038640e-03
2.415000e-01	-6.649260e-04
2.420000e-01	-3.255991e-03
2.425000e-01	-4.647783e-03
2.430000e-01	-4.805610e-03
2.435000e-01	-3.747313e-03
2.440000e-01	-1.535025e-03
2.445000e-01	1.750709e-03
2.450000e-01	5.984038e-03
2.455000e-01	1.102585e-02
2.460000e-01	1.669575e-02
2.465000e-01	2.280151e-02
2.470000e-01	2.909790e-02
2.475000e-01	3.537427e-02
2.480000e-01	4.141741e-02
2.485000e-01	4.703962e-02
2.490000e-01	5.210337e-02
2.495000e-01	5.649108e-02
2.500000e-01	6.011410e-02
2.505000e-01	6.264666e-02
2.510000e-01	6.372102e-02
2.515000e-01	6.309411e-02
2.520000e-01	6.068486e-02
2.525000e-01	5.659315e-02
2.530000e-01	5.109579e-02
2.535000e-01	4.461779e-02
2.540000e-01	3.768458e-02
2.545000e-01	3.085818e-02
2.550000e-01	2.466192e-02
2.555000e-01	1.946800e-02
2.560000e-01	1.537669e-02
2.565000e-01	1.218620e-02
2.570000e-01	9.477577e-03
2.575000e-01	6.781277e-03
2.580000e-01	3.753708e-03
2.585000e-01	2.975267e-04
2.590000e-01	-3.424726e-03
2.595000e-01	-7.079203e-03
2.600000e-01	-1.030980e-02
2.605000e-01	-1.288442e-02
2.610000e-01	-1.476756e-02
2.615000e-01	-1.609890e-02
2.620000e-01	-1.708708e-02
2.625000e-01	-1.786463e-02
2.630000e-01	-1.838212e-02
2.635000e-01	-1.837748e-02
2.640000e-01	-1.744238e-02
2.645000e-01	-1.516265e-02
2.650000e-01	-1.127167e-02
2.655000e-01	-5.756128e-03
2.660000e-01	1.109536e-03
2.665000e-01	8.842498e-03
2.670000e-01	1.689408e-02
2.675000e-01	2.479560e-02
2.680000e-01	3.225295e-02
2.685000e-01	3.915250e-02
2.690000e-01	4.548621e-02
2.695000e-01	5.123414e-02
2.700000e-01	5.626374e-02
2.705000e-01	6.029266e-02
2.710000e-01	6.293462e-02
2.715000e-01	6.381318e-02
2.720000e-01	6.269957e-02
2.725000e-01	5.960327e-02
2.730000e-01	5.479561e-02
2.735000e-01	4.874608e-02
2.740000e-01	4.199787e-02
2.745000e-01	3.502916e-02
2.750000e-01	2.815705e-02
2.755000e-01	2.151404e-02
2.760000e-01	1.510058e-02
2.765000e-01	8.884086e-03
2.770000e-01	2.896371e-03
2.775000e-01	-2.713219e-03
2.780000e-01	-7.694805e-03
2.785000e-01	-1.177740e-02
2.790000e-01	-1.477558e-02
2.795000e-01	-1.668137e-02
2.800000e-01	-1.768393e-02
2.805000e-01	-1.812391e-02
2.810000e-01	-1.839685e-02
2.815000e-01	-1.883658e-02
2.820000e-01	-1.962462e-02
2.825000e-01	-2.075904e-02
2.830000e-01	-2.209122e-02
2.835000e-01	-2.341073e-02
2.840000e-01	-2.454762e-02
2.845000e-01	-2.543366e-02
2.850000e-01	-2.611850e-02
2.855000e-01	-2.673463e-02
2.860000e-01	-2.740343e-02
2.865000e-01	-2.817256e-02
2.870000e-01	-2.897231e-02
2.875000e-01	-2.961467e-02
2.880000e-01	-2.989715e-02
2.885000e-01	-2.962353e-02
2.890000e-01	-2.874603e-02
2.895000e-01	-2.738262e-02
2.900000e-01	-2.577431e-02
2.905000e-01	-2.427184e-02
2.910000e-01	-2.313970e-02
2.915000e-01	-2.257060e-02
2.920000e-01	-2.263501e-02
2.925000e-01	-2.328371e-02
2.930000e-01	-2.439073e-02
2.935000e-01	-2.581317e-02
2.940000e-01	-2.744265e-02
2.945000e-01	-2.922781e-02
2.950000e-01	-3.115982e-02
2.955000e-01	-3.322826e-02
2.960000e-01	-3.536681e-02
2.965000e-01	-3.741258e-02
2.970000e-01	-3.909786e-02
2.975000e-01	-4.008073e-02
2.980000e-01	-4.000628e-02
2.985000e-01	-3.857867e-02
2.990000e-01	-3.562026e-02
2.995000e-01	-3.109893e-02
3.000000e-01	-2.511653e-02
3.005000e-01	-1.786552e-02
3.010000e-01	-9.571392e-03
3.015000e-01	-4.429146e-04
3.020000e-01	9.352975e-03
3.025000e-01	1.968502e-02
3.030000e-01	3.042667e-02
3.035000e-01	4.141648e-02
3.040000e-01	5.242927e-02
3.045000e-01	6.317270e-02
3.050000e-01	7.331382e-02
3.055000e-01	8.252793e-02
3.060000e-01	9.055315e-02
3.065000e-01	9.723153e-02
3.070000e-01	1.025224e-01
3.075000e-01	1.064836e-01
3.080000e-01	1.092276e-01
3.085000e-01	1.108681e-01
3.090000e-01	1.114768e-01
3.095000e-01	1.110617e-01
3.100000e-01	1.095751e-01
3.105000e-01	1.069425e-01
3.110000e-01	1.031003e-01
3.115000e-01	9.802604e-02
3.120000e-01	9.174914e-02
3.125000e-01	8.433819e-02
3.130000e-01	7.587185e-02
3.135000e-01	6.640438e-02
3.140000e-01	5.594980e-02
3.145000e-01	4.445842e-02
3.150000e-01	3.185116e-02
3.155000e-01	1.807033e-02
3.160000e-01	3.132729e-03
3.165000e-01	-1.283484e-02
3.170000e-01	-2.959048e-02
3.175000e-01	-4.680388e-02
3.180000e-01	-6.410107e-02
3.185000e-01	-8.111425e-02
3.190000e-01	-9.751263e-02
3.195000e-01	-1.130107e-01
3.200000e-01	-1.273557e-01
3.205000e-01	-1.402981e-01
3.210000e-01	-1.515859e-01
3.215000e-01	-1.610647e-01
3.220000e-01	-1.686774e-01
3.225000e-01	-1.743705e-01
3.230000e-01	-1.780854e-01
3.235000e-01	-1.797597e-01
3.240000e-01	-1.793329e-01
3.245000e-01	-1.767555e-01
3.250000e-01	-1.719990e-01
3.255000e-01	-1.650656e-01
3.260000e-01	-1.559991e-01
3.265000e-01	-1.449052e-01
3.270000e-01	-1.319906e-01
3.275000e-01	-1.175838e-01
3.280000e-01	-1.021128e-01
3.285000e-01	-8.604316e-02
3.290000e-01	-6.980077e-02
3.295000e-01	-5.370925e-02
3.300000e-01	-3.796418e-02
3.305000e-01	-2.265354e-02
3.310000e-01	-7.813106e-03
3.315000e-01	6.508393e-03
3.320000e-01	2.020119e-02
3.325000e-01	3.308199e-02
3.330000e-01	4.492257e-02
3.335000e-01	5.549952e-02
3.340000e-01	6.464629e-02
3.345000e-01	7.228254e-02
3.350000e-01	7.840627e-02
3.355000e-01	8.305483e-02
3.360000e-01	8.625074e-02
3.365000e-01	8.795744e-02
3.370000e-01	8.806598e-02
3.375000e-01	8.641807e-02
3.380000e-01	8.285490e-02
3.385000e-01	7.728644e-02
3.390000e-01	6.972717e-02
3.395000e-01	6.031430e-02
3.400000e-01	4.928380e-02
3.405000e-01	3.691731e-02
3.410000e-01	2.351134e-02
3.415000e-01	9.325463e-03
3.420000e-01	-5.424304e-03
3.425000e-01	-2.054415e-02
3.430000e-01	-3.582480e-02
3.435000e-01	-5.100831e-02
3.440000e-01	-6.577829e-02
3.445000e-01	-7.978127e-02
3.450000e-01	-9.267438e-02
3.455000e-01	-1.041821e-01
3.460000e-01	-1.141400e-01
3.465000e-01	-1.225103e-01
3.470000e-01	-1.293638e-01
3.475000e-01	-1.348369e-01
3.480000e-01	-1.390800e-01
3.485000e-01	-1.422200e-01
3.490000e-01	-1.443472e-01
3.495000e-01	-1.455286e-01
3.500000e-01	-1.458392e-01
3.505000e-01	-1.453911e-01
3.510000e-01	-1.443467e-01
3.515000e-01	-1.429056e-01
3.520000e-01	-1.412704e-01
3.525000e-01	-1.396014e-01
3.530000e-01	-1.379798e-01
3.535000e-01	-1.363944e-01
3.540000e-01	-1.347542e-01
3.545000e-01	-1.329329e-01
3.550000e-01	-1.308105e-01
3.555000e-01	-1.283102e-01
3.560000e-01	-1.254159e-01
3.565000e-01	-1.221625e-01
3.570000e-01	-1.186097e-01
3.575000e-01	-1.148087e-01
3.580000e-01	-1.107810e-01
3.585000e-01	-1.065156e-01
3.590000e-01	-1.019851e-01
3.595000e-01	-9.717791e-02
3.600000e-01	-9.212314e-02
3.605000e-01	-8.690398e-02
3.610000e-01	-8.155314e-02
3.615000e-01	-7.602746e-02
3.620000e-01	-7.030273e-02
3.625000e-01	-6.436232e-02
3.630000e-01	-5.818686e-02
3.635000e-01	-5.175811e-02
3.640000e-01	-4.509810e-02
3.645000e-01	-3.840329e-02
3.650000e-01	-3.195105e-02
3.655000e-01	-2.601544e-02
3.660000e-01	-2.083858e-02
3.665000e-01	-1.660865e-02
3.670000e-01	-1.344746e-02
3.675000e-01	-1.140363e-02
3.680000e-01	-1.042991e-02
3.685000e-01	-1.036361e-02
3.690000e-01	-1.096308e-02
3.695000e-01	-1.199928e-02
3.700000e-01	-1.334802e-02
3.705000e-01	-1.504179e-02
3.710000e-01	-1.726227e-02
3.715000e-01	-2.027796e-02
3.720000e-01	-2.435351e-02
3.725000e-01	-2.966582e-02
3.730000e-01	-3.625781e-02
3.735000e-01	-4.404254e-02
3.740000e-01	-5.285128e-02
3.745000e-01	-6.249867e-02
3.750000e-01	-7.283719e-02
3.755000e-01	-8.377822e-02
3.760000e-01	-9.527048e-02
3.765000e-01	-1.072502e-01
3.770000e-01	-1.195833e-01
3.775000e-01	-1.320314e-01
3.780000e-01	-1.442490e-01
3.785000e-01	-1.558212e-01
3.790000e-01	-1.663264e-01
3.795000e-01	-1.754021e-01
3.800000e-01	-1.827937e-01
3.805000e-01	-1.883698e-01
3.810000e-01	-1.921043e-01
3.815000e-01	-1.940389e-01
3.820000e-01	-1.942402e-01
3.825000e-01	-1.927736e-01
3.830000e-01	-1.896980e-01
3.835000e-01	-1.850826e-01
3.840000e-01	-1.790343e-01
3.845000e-01	-1.717202e-01
3.850000e-01	-1.633777e-01
3.855000e-01	-1.542834e-01
3.860000e-01	-1.447304e-01
3.865000e-01	-1.349879e-01
3.870000e-01	-1.252693e-01
3.875000e-01	-1.157175e-01
3.880000e-01	-1.064110e-01
3.885000e-01	-9.738482e-02
3.890000e-01	-8.865809e-02
3.895000e-01	-8.025609e-02
3.900000e-01	-7.222482e-02
3.905000e-01	-6.462532e-02
3.910000e-01	-5.752919e-02
3.915000e-01	-5.100998e-02
3.920000e-01	-4.513667e-02
3.925000e-01	-4.007170e-02
3.930000e-01	-3.602321e-02
3.935000e-01	-3.313137e-02
3.940000e-01	-3.145286e-02
3.945000e-01	-3.097449e-02
3.950000e-01	-3.164590e-02
3.955000e-01	-3.341695e-02
3.960000e-01	-3.626514e-02
3.965000e-01	-4.020792e-02
3.970000e-01	-4.530352e-02
3.975000e-01	-5.163061e-02
3.980000e-01	-5.924782e-02
3.985000e-01	-6.814756e-02
3.990000e-01	-7.822314e-02
3.995000e-01	-8.926113e-02
4.000000e-01	-1.009673e-01
4.005000e-01	-1.130102e-01
4.010000e-01	-1.250728e-01
4.015000e-01	-1.368911e-01
4.020000e-01	-1.482699e-01
4.025000e-01	-1.590652e-01
4.030000e-01	-1.691547e-01
4.035000e-01	-1.784038e-01
4.040000e-01	-1.866472e-01
4.045000e-01	-1.936944e-01
4.050000e-01	-1.993594e-01
4.055000e-01	-2.035022e-01
4.060000e-01	-2.060662e-01
4.065000e-01	-2.070956e-01
4.070000e-01	-2.067248e-01
4.075000e-01	-2.051343e-01
4.080000e-01	-2.025069e-01
4.085000e-01	-1.989844e-01
4.090000e-01	-1.946444e-01
4.095000e-01	-1.895039e-01
4.100000e-01	-1.835469e-01
4.105000e-01	-1.767641e-01
4.110000e-01	-1.691856e-01
4.115000e-01	-1.608931e-01
4.120000e-01	-1.520272e-01
4.125000e-01	-1.428139e-01
4.130000e-01	-1.334564e-01
4.135000e-01	-1.240926e-01
4.140000e-01	-1.147871e-01
4.145000e-01	-1.055477e-01
4.150000e-01	-9.635699e-02
4.155000e-01	-8.720742e-02
4.160000e-01	-7.812807e-02
4.165000e-01	-6.919651e-02
4.170000e-01	-6.054019e-02
4.175000e-01	-5.234092e-02
4.180000e-01	-4.483244e-02
4.185000e-01	-3.827889e-02
4.190000e-01	-3.293908e-02
4.195000e-01	-2.902859e-02
4.200000e-01	-2.669401e-02
4.205000e-01	-2.600565e-02
4.210000e-01	-2.697092e-02
4.215000e-01	-2.955870e-02
4.220000e-01	-3.372354e-02
4.225000e-01	-3.941707e-02
4.230000e-01	-4.658272e-02
4.235000e-01	-5.513519e-02
4.240000e-01	-6.493917e-02
4.245000e-01	-7.579368e-02
4.250000e-01	-8.743570e-02
4.255000e-01	-9.956548e-02
4.260000e-01	-1.118844e-01
4.265000e-01	-1.241305e-01
4.270000e-01	-1.361083e-01
4.275000e-01	-1.476948e-01
4.280000e-01	-1.588165e-01
4.285000e-01	-1.694220e-01
4.290000e-01	-1.794518e-01
4.295000e-01	-1.888195e-01
4.300000e-01	-1.974115e-01
4.305000e-01	-2.051043e-01
4.310000e-01	-2.117904e-01
4.315000e-01	-2.174000e-01
4.320000e-01	-2.219087e-01
4.325000e-01	-2.253263e-01
4.330000e-01	-2.276696e-01
4.335000e-01	-2.289309e-01
4.340000e-01	-2.290589e-01
4.345000e-01	-2.279416e-01
4.350000e-01	-2.254476e-01
4.355000e-01	-2.214312e-01
4.360000e-01	-2.157997e-01
4.365000e-01	-2.085131e-01
4.370000e-01	-1.996247e-01
4.375000e-01	-1.892643e-01
4.380000e-01	-1.776082e-01
4.385000e-01	-1.648481e-01
4.390000e-01	-1.511722e-01
4.395000e-01	-1.367559e-01
4.400000e-01	-1.217750e-01
4.405000e-01	-1.064291e-01
4.410000e-01	-9.097319e-02
4.415000e-01	-7.570865e-02
4.420000e-01	-6.098390e-02
4.425000e-01	-4.716022e-02
4.430000e-01	-3.456934e-02
4.435000e-01	-2.347473e-02
4.440000e-01	-1.404862e-02
4.445000e-01	-6.374192e-03
4.450000e-01	-5.316527e-04
4.455000e-01	3.313448e-03
4.460000e-01	5.064822e-03
4.465000e-01	4.795689e-03
4.470000e-01	2.697219e-03
4.475000e-01	-1.006695e-03
4.480000e-01	-6.083522e-03
4.485000e-01	-1.228943e-02
4.490000e-01	-1.941188e-02
4.495000e-01	-2.730120e-02
4.500000e-01	-3.587705e-02
4.505000e-01	-4.510971e-02
4.510000e-01	-5.498596e-02
4.515000e-01	-6.547489e-02
4.520000e-01	-7.650722e-02
4.525000e-01	-8.797521e-02
4.530000e-01	-9.974994e-02
4.535000e-01	-1.117075e-01
4.540000e-01	-1.237490e-01
4.545000e-01	-1.358060e-01
4.550000e-01	-1.478283e-01
4.555000e-01	-1.597584e-01
4.560000e-01	-1.715039e-01
4.565000e-01	-1.829193e-01
4.570000e-01	-1.938089e-01
4.575000e-01	-2.039421e-01
4.580000e-01	-2.130832e-01
4.585000e-01	-2.210228e-01
4.590000e-01	-2.275984e-01
4.595000e-01	-2.327016e-01
4.600000e-01	-2.362691e-01
4.605000e-01	-2.382681e-01
4.610000e-01	-2.386806e-01
4.615000e-01	-2.374969e-01
4.620000e-01	-2.347206e-01
4.625000e-01	-2.303819e-01
4.630000e-01	-2.245521e-01
4.635000e-01	-2.173529e-01
4.640000e-01	-2.089543e-01
4.645000e-01	-1.995599e-01
4.650000e-01	-1.893804e-01
4.655000e-01	-1.786131e-01
4.660000e-01	-1.674773e-01
4.665000e-01	-1.562203e-01
4.670000e-01	-1.450504e-01
4.675000e-01	-1.341090e-01
4.680000e-01	-1.234604e-01
4.685000e-01	-1.130975e-01
4.690000e-01	-1.029620e-01
4.695000e-01	-9.297730e-02
4.700000e-01	-8.309410e-02
4.705000e-01	-7.333802e-02
4.710000e-01	-6.383208e-02
4.715000e-01	-5.478224e-02
4.720000e-01	-4.643393e-02
4.725000e-01	-3.901800e-02
4.730000e-01	-3.270893e-02
4.735000e-01	-2.761083e-02
4.740000e-01	-2.377505e-02
4.745000e-01	-2.123911e-02
4.750000e-01	-2.006702e-02
4.755000e-01	-2.037245e-02
4.760000e-01	-2.231006e-02
4.765000e-01	-2.604014e-02
4.770000e-01	-3.167651e-02
4.775000e-01	-3.923837e-02
4.780000e-01	-4.862422e-02
4.785000e-01	-5.962232e-02
4.790000e-01	-7.194436e-02
4.795000e-01	-8.527506e-02
4.800000e-01	-9.931952e-02
4.805000e-01	-1.138256e-01
4.810000e-01	-1.285771e-01
4.815000e-01	-1.433827e-01
4.820000e-01	-1.580377e-01
4.825000e-01	-1.723040e-01
4.830000e-01	-1.859072e-01
4.835000e-01	-1.985568e-01
4.840000e-01	-2.099855e-01
4.845000e-01	-2.199957e-01
4.850000e-01	-2.284754e-01
4.855000e-01	-2.354046e-01
4.860000e-01	-2.408347e-01
4.865000e-01	-2.448511e-01
4.870000e-01	-2.475369e-01
4.875000e-01	-2.489460e-01
4.880000e-01	-2.490904e-01
4.885000e-01	-2.479581e-01
4.890000e-01	-2.455423e-01
4.895000e-01	-2.418710e-01
4.900000e-01	-2.370224e-01
4.905000e-01	-2.311201e-01
4.910000e-01	-2.243109e-01
4.915000e-01	-2.167341e-01
4.920000e-01	-2.084983e-01
4.925000e-01	-1.996727e-01
4.930000e-01	-1.903007e-01
4.935000e-01	-1.804297e-01
4.940000e-01	-1.702049e-01
4.945000e-01	-1.598630e-01
4.950000e-01	-1.496418e-01
4.955000e-01	-1.397025e-01
4.960000e-01	-1.300732e-01
4.965000e-01	-1.207447e-01
4.970000e-01	-1.117230e-01
4.975000e-01	-1.030539e-01
4.980000e-01	-9.484423e-02
4.985000e-01	-8.728120e-02
4.990000e-01	-8.064558e-02
4.995000e-01	-7.530061e-02
5.000000e-01	-7.165023e-02
5.005000e-01	-7.007533e-02
5.010000e-01	-7.086424e-02
5.015000e-01	-7.414546e-02
5.020000e-01	-7.983359e-02
5.025000e-01	-8.762959e-02
5.030000e-01	-9.708253e-02
5.035000e-01	-1.076944e-01
5.040000e-01	-1.190219e-01
5.045000e-01	-1.307448e-01
5.050000e-01	-1.426789e-01
5.055000e-01	-1.547294e-01
5.060000e-01	-1.668172e-01
5.065000e-01	-1.788046e-01
5.070000e-01	-1.904612e-01
5.075000e-01	-2.014741e-01
5.080000e-01	-2.115044e-01
5.085000e-01	-2.202647e-01
5.090000e-01	-2.275866e-01
5.095000e-01	-2.334486e-01
5.100000e-01	-2.379564e-01
5.105000e-01	-2.412787e-01
5.110000e-01	-2.435714e-01
5.115000e-01	-2.449039e-01
5.120000e-01	-2.452335e-01
5.125000e-01	-2.444232e-01
5.130000e-01	-2.422926e-01
5.135000e-01	-2.386854e-01
5.140000e-01	-2.335267e-01
5.145000e-01	-2.268510e-01
5.150000e-01	-2.187875e-01
5.155000e-01	-2.095249e-01
5.160000e-01	-1.992511e-01
5.165000e-01	-1.881269e-01
5.170000e-01	-1.762581e-01
5.175000e-01	-1.637330e-01
5.180000e-01	-1.506411e-01
5.185000e-01	-1.371829e-01
5.190000e-01	-1.236938e-01
5.195000e-01	-1.105802e-01
5.200000e-01	-9.830503e-02
5.205000e-01	-8.733735e-02
5.210000e-01	-7.809104e-02
5.215000e-01	-7.087283e-02
5.220000e-01	-6.585369e-02
5.225000e-01	-6.307400e-02
5.230000e-01	-6.248826e-02
5.235000e-01	-6.403515e-02
5.240000e-01	-6.769292e-02
5.245000e-01	-7.349224e-02
5.250000e-01	-8.148258e-02
5.255000e-01	-9.166783e-02
5.260000e-01	-1.039401e-01
5.265000e-01	-1.180424e-01
5.270000e-01	-1.335742e-01
5.275000e-01	-1.500422e-01
5.280000e-01	-1.669420e-01
5.285000e-01	-1.838293e-01
5.290000e-01	-2.003684e-01
5.295000e-01	-2.163375e-01
5.300000e-01	-2.315952e-01
5.305000e-01	-2.460217e-01
5.310000e-01	-2.594686e-01
5.315000e-01	-2.717321e-01
5.320000e-01	-2.825617e-01
5.325000e-01	-2.916998e-01
5.330000e-01	-2.989350e-01
5.335000e-01	-3.041452e-01
5.340000e-01	-3.073125e-01
5.345000e-01	-3.085065e-01
5.350000e-01	-3.078381e-01
5.355000e-01	-3.054107e-01
5.360000e-01	-3.012752e-01
5.365000e-01	-2.954259e-01
5.370000e-01	-2.878190e-01
5.375000e-01	-2.784146e-01
5.380000e-01	-2.672245e-01
5.385000e-01	-2.543487e-01
5.390000e-01	-2.399838e-01
5.395000e-01	-2.244033e-01
5.400000e-01	-2.079235e-01
5.405000e-01	-1.908794e-01
5.410000e-01	-1.735766e-01
5.415000e-01	-1.562859e-01
5.420000e-01	-1.392591e-01
5.425000e-01	-1.227582e-01
5.430000e-01	-1.070809e-01
5.435000e-01	-9.257224e-02
5.440000e-01	-7.961033e-02
5.445000e-01	-6.858102e-02
5.450000e-01	-5.986753e-02
5.455000e-01	-5.377951e-02
5.460000e-01	-5.050433e-02
5.465000e-01	-5.008459e-02
5.470000e-01	-5.241959e-02
5.475000e-01	-5.729107e-02
5.480000e-01	-6.440876e-02
5.485000e-01	-7.347443e-02
5.490000e-01	-8.424107e-02
5.495000e-01	-9.653176e-02
5.500000e-01	-1.102170e-01
5.505000e-01	-1.251621e-01
5.510000e-01	-1.411739e-01
5.515000e-01	-1.579684e-01
5.520000e-01	-1.751768e-01
5.525000e-01	-1.923908e-01
5.530000e-01	-2.091539e-01
5.535000e-01	-2.249659e-01
5.540000e-01	-2.394603e-01
5.545000e-01	-2.524369e-01
5.550000e-01	-2.638441e-01
5.555000e-01	-2.737361e-01
5.560000e-01	-2.822211e-01
5.565000e-01	-2.894224e-01
5.570000e-01	-2.954579e-01
5.575000e-01	-3.004372e-01
5.580000e-01	-3.044431e-01
5.585000e-01	-3.074901e-01
5.590000e-01	-3.094987e-01
5.595000e-01	-3.103035e-01
5.600000e-01	-3.096919e-01
5.605000e-01	-3.074639e-01
5.610000e-01	-3.034881e-01
5.615000e-01	-2.977398e-01
5.620000e-01	-2.903084e-01
5.625000e-01	-2.813697e-01
5.630000e-01	-2.711420e-01
5.635000e-01	-2.598401e-01
5.640000e-01	-2.476434e-01
5.645000e-01	-2.346922e-01
5.650000e-01	-2.211109e-01
5.655000e-01	-2.070497e-01
5.660000e-01	-1.927239e-01
5.665000e-01	-1.784322e-01
5.670000e-01	-1.646033e-01
5.675000e-01	-1.517600e-01
5.680000e-01	-1.403493e-01
5.685000e-01	-1.306578e-01
5.690000e-01	-1.227777e-01
5.695000e-01	-1.166308e-01
5.700000e-01	-1.120399e-01
5.705000e-01	-1.088204e-01
5.707496e-01	-1.076869e-01
5.708895e-01	-1.071861e-01
5.710000e-01	-1.068590e-01
5.711412e-01	-1.065294e-01
5.712924e-01	-1.062878e-01
5.714291e-01	-1.061706e-01
5.715000e-01	-1.061483e-01
5.720000e-01	-1.067668e-01
5.721454e-01	-1.072115e-01
5.722982e-01	-1.078118e-01
5.724502e-01	-1.085457e-01
5.725000e-01	-1.088160e-01
5.726761e-01	-1.098894e-01
5.730000e-01	-1.123387e-01
5.735000e-01	-1.172545e-01
5.740000e-01	-1.233379e-01
5.745000e-01	-1.302516e-01
5.746977e-01	-1.331318e-01
5.750000e-01	-1.376238e-01
5.755000e-01	-1.451423e-01
5.760000e-01	-1.526245e-01
5.765000e-01	-1.600396e-01
5.770000e-01	-1.674708e-01
5.775000e-01	-1.750382e-01
5.780000e-01	-1.828137e-01
5.785000e-01	-1.907573e-01
5.790000e-01	-1.987060e-01
5.795000e-01	-2.064086e-01
5.800000e-01	-2.135951e-01
5.805000e-01	-2.200530e-01
5.810000e-01	-2.256772e-01
5.815000e-01	-2.304767e-01
5.820000e-01	-2.345370e-01
5.825000e-01	-2.379514e-01
5.830000e-01	-2.407520e-01
5.833807e-01	-2.424382e-01
5.835000e-01	-2.428778e-01
5.836293e-01	-2.433017e-01
5.837640e-01	-2.436830e-01
5.838972e-01	-2.439962e-01
5.840000e-01	-2.441924e-01
5.841262e-01	-2.443771e-01
5.845000e-01	-2.445353e-01
5.850000e-01	-2.437558e-01
5.855000e-01	-2.417613e-01
5.860000e-01	-2.385558e-01
5.865000e-01	-2.342460e-01
5.870000e-01	-2.290169e-01
5.875000e-01	-2.230851e-01
5.880000e-01	-2.166511e-01
5.885000e-01	-2.098697e-01
5.890000e-01	-2.028488e-01
5.895000e-01	-1.956729e-01
5.900000e-01	-1.884372e-01
5.904445e-01	-1.820643e-01
5.905000e-01	-1.812783e-01
5.906290e-01	-1.794662e-01
5.907622e-01	-1.776162e-01
5.909434e-01	-1.751452e-01
5.910000e-01	-1.743855e-01
5.911417e-01	-1.725111e-01
5.915000e-01	-1.679877e-01
5.920000e-01	-1.623208e-01
5.925000e-01	-1.575994e-01
5.930000e-01	-1.539607e-01
5.935000e-01	-1.514306e-01
5.940000e-01	-1.499270e-01
5.945000e-01	-1.492919e-01
5.950000e-01	-1.493410e-01
5.955000e-01	-1.499120e-01
5.960000e-01	-1.508935e-01
5.965000e-01	-1.522265e-01
5.970000e-01	-1.538803e-01
5.975000e-01	-1.558135e-01
5.980000e-01	-1.579387e-01
5.985000e-01	-1.601057e-01
5.990000e-01	-1.621113e-01
5.995000e-01	-1.637325e-01
6.000000e-01	-1.647713e-01


