"     ankle"

"Time      "	".JOINT_14.Ax_Ay_Az_Projection_Angles.Z"
0.000000e+00	1.193196e-13
5.000000e-04	2.681428e-04
1.000000e-03	8.777096e-04
1.500000e-03	1.536783e-03
2.000000e-03	1.980493e-03
2.500000e-03	2.004898e-03
3.000000e-03	1.489732e-03
3.500000e-03	4.053265e-04
4.000000e-03	-1.196519e-03
4.500000e-03	-3.202915e-03
5.000000e-03	-5.464398e-03
5.500000e-03	-7.816077e-03
6.000000e-03	-1.009179e-02
6.500000e-03	-1.213020e-02
7.000000e-03	-1.377618e-02
7.500000e-03	-1.488401e-02
8.000000e-03	-1.533440e-02
8.500000e-03	-1.506880e-02
9.000000e-03	-1.410981e-02
9.500000e-03	-1.255160e-02
1.000000e-02	-1.052403e-02
1.050000e-02	-8.145945e-03
1.100000e-02	-5.486618e-03
1.150000e-02	-2.550768e-03
1.200000e-02	7.088900e-04
1.250000e-02	4.360162e-03
1.300000e-02	8.454589e-03
1.350000e-02	1.300395e-02
1.400000e-02	1.797950e-02
1.450000e-02	2.333302e-02
1.500000e-02	2.902817e-02
1.550000e-02	3.506650e-02
1.600000e-02	4.149316e-02
1.650000e-02	4.831666e-02
1.700000e-02	5.545083e-02
1.750000e-02	6.279602e-02
1.800000e-02	7.025071e-02
1.850000e-02	7.771290e-02
1.900000e-02	8.507851e-02
1.950000e-02	9.223972e-02
2.000000e-02	9.908589e-02
2.050000e-02	1.055098e-01
2.100000e-02	1.114177e-01
2.150000e-02	1.167430e-01
2.200000e-02	1.214559e-01
2.250000e-02	1.255714e-01
2.300000e-02	1.291473e-01
2.350000e-02	1.322777e-01
2.400000e-02	1.350815e-01
2.450000e-02	1.376889e-01
2.500000e-02	1.402267e-01
2.550000e-02	1.427990e-01
2.600000e-02	1.454589e-01
2.650000e-02	1.482000e-01
2.700000e-02	1.509756e-01
2.750000e-02	1.537353e-01
2.800000e-02	1.564613e-01
2.850000e-02	1.591887e-01
2.900000e-02	1.619994e-01
2.950000e-02	1.649872e-01
3.000000e-02	1.682212e-01
3.050000e-02	1.717108e-01
3.100000e-02	1.753926e-01
3.150000e-02	1.791420e-01
3.200000e-02	1.828051e-01
3.250000e-02	1.862370e-01
3.300000e-02	1.893328e-01
3.350000e-02	1.920321e-01
3.400000e-02	1.943104e-01
3.450000e-02	1.961467e-01
3.500000e-02	1.974991e-01
3.550000e-02	1.982801e-01
3.600000e-02	1.983780e-01
3.650000e-02	1.976533e-01
3.700000e-02	1.960011e-01
3.750000e-02	1.933454e-01
3.800000e-02	1.896805e-01
3.850000e-02	1.850539e-01
3.900000e-02	1.795348e-01
3.950000e-02	1.731958e-01
4.000000e-02	1.660691e-01
4.050000e-02	1.581579e-01
4.100000e-02	1.494396e-01
4.150000e-02	1.398837e-01
4.200000e-02	1.294741e-01
4.250000e-02	1.182260e-01
4.300000e-02	1.061903e-01
4.350000e-02	9.344523e-02
4.400000e-02	8.007730e-02
4.450000e-02	6.615848e-02
4.500000e-02	5.174908e-02
4.550000e-02	3.686637e-02
4.600000e-02	2.150919e-02
4.650000e-02	5.683810e-03
4.700000e-02	-1.057065e-02
4.750000e-02	-2.716844e-02
4.800000e-02	-4.397882e-02
4.850000e-02	-6.084668e-02
4.900000e-02	-7.761644e-02
4.950000e-02	-9.415520e-02
5.000000e-02	-1.103642e-01
5.050000e-02	-1.261746e-01
5.100000e-02	-1.415326e-01
5.150000e-02	-1.563802e-01
5.200000e-02	-1.706435e-01
5.250000e-02	-1.842313e-01
5.300000e-02	-1.970493e-01
5.350000e-02	-2.090195e-01
5.400000e-02	-2.201003e-01
5.450000e-02	-2.302974e-01
5.500000e-02	-2.396613e-01
5.550000e-02	-2.482698e-01
5.600000e-02	-2.562089e-01
5.650000e-02	-2.635543e-01
5.700000e-02	-2.703610e-01
5.750000e-02	-2.766641e-01
5.800000e-02	-2.824893e-01
5.850000e-02	-2.878656e-01
5.900000e-02	-2.928339e-01
5.950000e-02	-2.974512e-01
6.000000e-02	-3.017760e-01
6.050000e-02	-3.059499e-01
6.100000e-02	-3.102400e-01
6.150000e-02	-3.148988e-01
6.200000e-02	-3.201419e-01
6.250000e-02	-3.261456e-01
6.300000e-02	-3.330465e-01
6.350000e-02	-3.409423e-01
6.400000e-02	-3.498897e-01
6.450000e-02	-3.599025e-01
6.500000e-02	-3.709486e-01
6.550000e-02	-3.829489e-01
6.600000e-02	-3.957802e-01
6.650000e-02	-4.092829e-01
6.700000e-02	-4.232755e-01
6.750000e-02	-4.376018e-01
6.800000e-02	-4.521864e-01
6.850000e-02	-4.670561e-01
6.900000e-02	-4.823120e-01
6.950000e-02	-4.980621e-01
7.000000e-02	-5.143432e-01
7.050000e-02	-5.310658e-01
7.100000e-02	-5.480002e-01
7.150000e-02	-5.648098e-01
7.200000e-02	-5.811208e-01
7.250000e-02	-5.965982e-01
7.300000e-02	-6.109970e-01
7.350000e-02	-6.241787e-01
7.400000e-02	-6.360810e-01
7.450000e-02	-6.466587e-01
7.500000e-02	-6.558292e-01
7.550000e-02	-6.634421e-01
7.600000e-02	-6.693004e-01
7.650000e-02	-6.732290e-01
7.700000e-02	-6.751423e-01
7.750000e-02	-6.750728e-01
7.800000e-02	-6.731455e-01
7.850000e-02	-6.695292e-01
7.900000e-02	-6.643543e-01
7.950000e-02	-6.576733e-01
8.000000e-02	-6.494541e-01
8.050000e-02	-6.397142e-01
8.100000e-02	-6.285484e-01
8.150000e-02	-6.160361e-01
8.200000e-02	-6.022783e-01
8.250000e-02	-5.874418e-01
8.300000e-02	-5.719204e-01
8.350000e-02	-5.563218e-01
8.400000e-02	-5.412386e-01
8.450000e-02	-5.272149e-01
8.500000e-02	-5.147278e-01
8.550000e-02	-5.041791e-01
8.600000e-02	-4.958935e-01
8.650000e-02	-4.901121e-01
8.700000e-02	-4.869829e-01
8.750000e-02	-4.865543e-01
8.800000e-02	-4.887719e-01
8.850000e-02	-4.934828e-01
8.900000e-02	-5.004481e-01
8.950000e-02	-5.093627e-01
9.000000e-02	-5.198840e-01
9.050000e-02	-5.316551e-01
9.100000e-02	-5.443269e-01
9.150000e-02	-5.575705e-01
9.200000e-02	-5.710869e-01
9.250000e-02	-5.846018e-01
9.300000e-02	-5.978628e-01
9.350000e-02	-6.106383e-01
9.400000e-02	-6.227183e-01
9.450000e-02	-6.339156e-01
9.500000e-02	-6.440731e-01
9.550000e-02	-6.530727e-01
9.600000e-02	-6.608387e-01
9.650000e-02	-6.673571e-01
9.700000e-02	-6.726653e-01
9.750000e-02	-6.768113e-01
9.800000e-02	-6.798107e-01
9.850000e-02	-6.816140e-01
9.900000e-02	-6.821283e-01
9.950000e-02	-6.813929e-01
1.000000e-01	-6.795514e-01
1.005000e-01	-6.768141e-01
1.010000e-01	-6.734581e-01
1.015000e-01	-6.698213e-01
1.020000e-01	-6.662904e-01
1.025000e-01	-6.632857e-01
1.030000e-01	-6.612454e-01
1.035000e-01	-6.606080e-01
1.040000e-01	-6.617959e-01
1.045000e-01	-6.652009e-01
1.050000e-01	-6.711586e-01
1.055000e-01	-6.799310e-01
1.060000e-01	-6.916874e-01
1.065000e-01	-7.064852e-01
1.070000e-01	-7.242566e-01
1.075000e-01	-7.448073e-01
1.080000e-01	-7.678199e-01
1.085000e-01	-7.928682e-01
1.090000e-01	-8.194387e-01
1.095000e-01	-8.469580e-01
1.100000e-01	-8.748594e-01
1.105000e-01	-9.026980e-01
1.110000e-01	-9.302278e-01
1.115000e-01	-9.573946e-01
1.120000e-01	-9.842334e-01
1.125000e-01	-1.010721e+00
1.130000e-01	-1.036658e+00
1.135000e-01	-1.061639e+00
1.140000e-01	-1.085115e+00
1.145000e-01	-1.106530e+00
1.150000e-01	-1.125468e+00
1.155000e-01	-1.141749e+00
1.160000e-01	-1.155431e+00
1.165000e-01	-1.166727e+00
1.170000e-01	-1.175871e+00
1.175000e-01	-1.182994e+00
1.180000e-01	-1.188068e+00
1.185000e-01	-1.190936e+00
1.190000e-01	-1.191419e+00
1.195000e-01	-1.189443e+00
1.200000e-01	-1.185132e+00
1.205000e-01	-1.178825e+00
1.210000e-01	-1.171007e+00
1.215000e-01	-1.162186e+00
1.220000e-01	-1.152766e+00
1.225000e-01	-1.142981e+00
1.230000e-01	-1.132897e+00
1.235000e-01	-1.122633e+00
1.240000e-01	-1.112772e+00
1.245000e-01	-1.103977e+00
1.250000e-01	-1.096852e+00
1.255000e-01	-1.091894e+00
1.260000e-01	-1.089450e+00
1.265000e-01	-1.089709e+00
1.270000e-01	-1.092702e+00
1.275000e-01	-1.098322e+00
1.280000e-01	-1.106356e+00
1.285000e-01	-1.116509e+00
1.290000e-01	-1.128426e+00
1.295000e-01	-1.141700e+00
1.300000e-01	-1.155880e+00
1.305000e-01	-1.170484e+00
1.310000e-01	-1.185014e+00
1.315000e-01	-1.198981e+00
1.320000e-01	-1.211939e+00
1.325000e-01	-1.223509e+00
1.330000e-01	-1.233412e+00
1.335000e-01	-1.241472e+00
1.340000e-01	-1.247609e+00
1.345000e-01	-1.251820e+00
1.350000e-01	-1.254154e+00
1.355000e-01	-1.254691e+00
1.360000e-01	-1.253531e+00
1.365000e-01	-1.250794e+00
1.370000e-01	-1.246629e+00
1.375000e-01	-1.241219e+00
1.380000e-01	-1.234791e+00
1.385000e-01	-1.227609e+00
1.390000e-01	-1.219963e+00
1.395000e-01	-1.212157e+00
1.400000e-01	-1.204493e+00
1.405000e-01	-1.197266e+00
1.410000e-01	-1.190767e+00
1.415000e-01	-1.185285e+00
1.420000e-01	-1.181120e+00
1.425000e-01	-1.178584e+00
1.430000e-01	-1.177993e+00
1.435000e-01	-1.179652e+00
1.440000e-01	-1.183834e+00
1.445000e-01	-1.190755e+00
1.450000e-01	-1.200549e+00
1.455000e-01	-1.213261e+00
1.460000e-01	-1.228841e+00
1.465000e-01	-1.247149e+00
1.470000e-01	-1.267960e+00
1.475000e-01	-1.290975e+00
1.480000e-01	-1.315825e+00
1.485000e-01	-1.342076e+00
1.490000e-01	-1.369236e+00
1.495000e-01	-1.396766e+00
1.500000e-01	-1.424093e+00
1.505000e-01	-1.450645e+00
1.510000e-01	-1.475867e+00
1.515000e-01	-1.499261e+00
1.520000e-01	-1.520409e+00
1.525000e-01	-1.539019e+00
1.530000e-01	-1.555008e+00
1.535000e-01	-1.568538e+00
1.540000e-01	-1.579945e+00
1.545000e-01	-1.589630e+00
1.550000e-01	-1.597936e+00
1.555000e-01	-1.605054e+00
1.560000e-01	-1.611003e+00
1.565000e-01	-1.615679e+00
1.570000e-01	-1.618957e+00
1.575000e-01	-1.620802e+00
1.580000e-01	-1.621324e+00
1.585000e-01	-1.620805e+00
1.590000e-01	-1.619599e+00
1.595000e-01	-1.618075e+00
1.600000e-01	-1.616468e+00
1.605000e-01	-1.614855e+00
1.610000e-01	-1.613171e+00
1.615000e-01	-1.611473e+00
1.620000e-01	-1.609980e+00
1.625000e-01	-1.608912e+00
1.630000e-01	-1.608461e+00
1.635000e-01	-1.608774e+00
1.640000e-01	-1.609936e+00
1.645000e-01	-1.611975e+00
1.650000e-01	-1.614865e+00
1.655000e-01	-1.618548e+00
1.660000e-01	-1.622950e+00
1.665000e-01	-1.627987e+00
1.670000e-01	-1.633574e+00
1.675000e-01	-1.639615e+00
1.680000e-01	-1.645997e+00
1.685000e-01	-1.652586e+00
1.690000e-01	-1.659224e+00
1.695000e-01	-1.665746e+00
1.700000e-01	-1.671992e+00
1.705000e-01	-1.677829e+00
1.710000e-01	-1.683163e+00
1.715000e-01	-1.687947e+00
1.720000e-01	-1.692177e+00
1.725000e-01	-1.695885e+00
1.730000e-01	-1.699125e+00
1.735000e-01	-1.701969e+00
1.740000e-01	-1.704499e+00
1.745000e-01	-1.706815e+00
1.750000e-01	-1.709041e+00
1.755000e-01	-1.711328e+00
1.760000e-01	-1.713852e+00
1.765000e-01	-1.716810e+00
1.770000e-01	-1.720410e+00
1.775000e-01	-1.724849e+00
1.780000e-01	-1.730308e+00
1.785000e-01	-1.736930e+00
1.790000e-01	-1.744825e+00
1.795000e-01	-1.754066e+00
1.800000e-01	-1.764690e+00
1.805000e-01	-1.776708e+00
1.810000e-01	-1.790100e+00
1.815000e-01	-1.804813e+00
1.820000e-01	-1.820761e+00
1.825000e-01	-1.837805e+00
1.830000e-01	-1.855781e+00
1.835000e-01	-1.874457e+00
1.840000e-01	-1.893612e+00
1.845000e-01	-1.912953e+00
1.850000e-01	-1.932219e+00
1.855000e-01	-1.951132e+00
1.860000e-01	-1.969455e+00
1.865000e-01	-1.986948e+00
1.870000e-01	-2.003425e+00
1.875000e-01	-2.018688e+00
1.880000e-01	-2.032593e+00
1.885000e-01	-2.045012e+00
1.890000e-01	-2.055865e+00
1.895000e-01	-2.065108e+00
1.900000e-01	-2.072748e+00
1.905000e-01	-2.078835e+00
1.910000e-01	-2.083463e+00
1.915000e-01	-2.086760e+00
1.920000e-01	-2.088885e+00
1.925000e-01	-2.090017e+00
1.930000e-01	-2.090349e+00
1.935000e-01	-2.090079e+00
1.940000e-01	-2.089407e+00
1.945000e-01	-2.088533e+00
1.950000e-01	-2.087650e+00
1.955000e-01	-2.086939e+00
1.960000e-01	-2.086568e+00
1.965000e-01	-2.086680e+00
1.970000e-01	-2.087387e+00
1.975000e-01	-2.088771e+00
1.980000e-01	-2.090873e+00
1.985000e-01	-2.093699e+00
1.990000e-01	-2.097223e+00
1.995000e-01	-2.101386e+00
2.000000e-01	-2.106104e+00
2.005000e-01	-2.111274e+00
2.010000e-01	-2.116775e+00
2.015000e-01	-2.122473e+00
2.020000e-01	-2.128225e+00
2.025000e-01	-2.133884e+00
2.030000e-01	-2.139303e+00
2.035000e-01	-2.144344e+00
2.040000e-01	-2.148884e+00
2.045000e-01	-2.152820e+00
2.050000e-01	-2.156081e+00
2.055000e-01	-2.158622e+00
2.060000e-01	-2.160438e+00
2.065000e-01	-2.161556e+00
2.070000e-01	-2.162039e+00
2.075000e-01	-2.161984e+00
2.080000e-01	-2.161520e+00
2.085000e-01	-2.160809e+00
2.090000e-01	-2.160037e+00
2.095000e-01	-2.159418e+00
2.100000e-01	-2.159180e+00
2.105000e-01	-2.159563e+00
2.110000e-01	-2.160810e+00
2.115000e-01	-2.163154e+00
2.120000e-01	-2.166811e+00
2.125000e-01	-2.171973e+00
2.130000e-01	-2.178800e+00
2.135000e-01	-2.187413e+00
2.140000e-01	-2.197891e+00
2.145000e-01	-2.210266e+00
2.150000e-01	-2.224522e+00
2.155000e-01	-2.240589e+00
2.160000e-01	-2.258350e+00
2.165000e-01	-2.277633e+00
2.170000e-01	-2.298223e+00
2.175000e-01	-2.319859e+00
2.180000e-01	-2.342288e+00
2.185000e-01	-2.365156e+00
2.190000e-01	-2.388127e+00
2.195000e-01	-2.410853e+00
2.200000e-01	-2.433037e+00
2.205000e-01	-2.454334e+00
2.210000e-01	-2.474462e+00
2.215000e-01	-2.493143e+00
2.220000e-01	-2.510152e+00
2.225000e-01	-2.525284e+00
2.230000e-01	-2.538401e+00
2.235000e-01	-2.549392e+00
2.240000e-01	-2.558210e+00
2.245000e-01	-2.564858e+00
2.250000e-01	-2.569387e+00
2.255000e-01	-2.571907e+00
2.260000e-01	-2.572546e+00
2.265000e-01	-2.571467e+00
2.270000e-01	-2.568864e+00
2.275000e-01	-2.564954e+00
2.280000e-01	-2.559973e+00
2.285000e-01	-2.554171e+00
2.290000e-01	-2.547810e+00
2.295000e-01	-2.541155e+00
2.300000e-01	-2.534468e+00
2.305000e-01	-2.528003e+00
2.310000e-01	-2.521999e+00
2.315000e-01	-2.516672e+00
2.320000e-01	-2.512214e+00
2.325000e-01	-2.508789e+00
2.330000e-01	-2.506535e+00
2.335000e-01	-2.505558e+00
2.340000e-01	-2.505933e+00
2.345000e-01	-2.507707e+00
2.350000e-01	-2.510890e+00
2.355000e-01	-2.515457e+00
2.360000e-01	-2.521355e+00
2.365000e-01	-2.528496e+00
2.370000e-01	-2.536744e+00
2.375000e-01	-2.545955e+00
2.380000e-01	-2.555952e+00
2.385000e-01	-2.566567e+00
2.390000e-01	-2.577600e+00
2.395000e-01	-2.588891e+00
2.400000e-01	-2.600275e+00
2.405000e-01	-2.611602e+00
2.410000e-01	-2.622739e+00
2.415000e-01	-2.633577e+00
2.420000e-01	-2.644039e+00
2.425000e-01	-2.654079e+00
2.430000e-01	-2.663689e+00
2.435000e-01	-2.672902e+00
2.440000e-01	-2.681786e+00
2.445000e-01	-2.690441e+00
2.450000e-01	-2.698996e+00
2.455000e-01	-2.707592e+00
2.460000e-01	-2.716379e+00
2.465000e-01	-2.725506e+00
2.470000e-01	-2.735107e+00
2.475000e-01	-2.745300e+00
2.480000e-01	-2.756177e+00
2.485000e-01	-2.767799e+00
2.490000e-01	-2.780192e+00
2.495000e-01	-2.793343e+00
2.500000e-01	-2.807195e+00
2.505000e-01	-2.821649e+00
2.510000e-01	-2.836567e+00
2.515000e-01	-2.851770e+00
2.520000e-01	-2.867053e+00
2.525000e-01	-2.882192e+00
2.530000e-01	-2.896951e+00
2.535000e-01	-2.911099e+00
2.540000e-01	-2.924417e+00
2.545000e-01	-2.936704e+00
2.550000e-01	-2.947784e+00
2.555000e-01	-2.957514e+00
2.560000e-01	-2.965779e+00
2.565000e-01	-2.972500e+00
2.570000e-01	-2.977634e+00
2.575000e-01	-2.981174e+00
2.580000e-01	-2.983149e+00
2.585000e-01	-2.983625e+00
2.590000e-01	-2.982701e+00
2.595000e-01	-2.980502e+00
2.600000e-01	-2.977178e+00
2.605000e-01	-2.972897e+00
2.610000e-01	-2.967838e+00
2.615000e-01	-2.962189e+00
2.620000e-01	-2.956146e+00
2.625000e-01	-2.949908e+00
2.630000e-01	-2.943680e+00
2.635000e-01	-2.937670e+00
2.640000e-01	-2.932089e+00
2.645000e-01	-2.927147e+00
2.650000e-01	-2.923050e+00
2.655000e-01	-2.919995e+00
2.660000e-01	-2.918165e+00
2.665000e-01	-2.917727e+00
2.670000e-01	-2.918821e+00
2.675000e-01	-2.921567e+00
2.680000e-01	-2.926054e+00
2.685000e-01	-2.932341e+00
2.690000e-01	-2.940454e+00
2.695000e-01	-2.950382e+00
2.700000e-01	-2.962076e+00
2.705000e-01	-2.975447e+00
2.710000e-01	-2.990363e+00
2.715000e-01	-3.006656e+00
2.720000e-01	-3.024123e+00
2.725000e-01	-3.042552e+00
2.730000e-01	-3.061686e+00
2.735000e-01	-3.081242e+00
2.740000e-01	-3.100939e+00
2.745000e-01	-3.120541e+00
2.750000e-01	-3.139808e+00
2.755000e-01	-3.158515e+00
2.760000e-01	-3.176462e+00
2.765000e-01	-3.193479e+00
2.770000e-01	-3.209428e+00
2.775000e-01	-3.224208e+00
2.780000e-01	-3.237754e+00
2.785000e-01	-3.250039e+00
2.790000e-01	-3.261069e+00
2.795000e-01	-3.270880e+00
2.800000e-01	-3.279529e+00
2.805000e-01	-3.287091e+00
2.810000e-01	-3.293649e+00
2.815000e-01	-3.299287e+00
2.820000e-01	-3.304088e+00
2.825000e-01	-3.308129e+00
2.830000e-01	-3.311479e+00
2.835000e-01	-3.314198e+00
2.840000e-01	-3.316338e+00
2.845000e-01	-3.317942e+00
2.850000e-01	-3.319047e+00
2.855000e-01	-3.319686e+00
2.860000e-01	-3.319889e+00
2.865000e-01	-3.319686e+00
2.870000e-01	-3.319113e+00
2.875000e-01	-3.318214e+00
2.880000e-01	-3.317044e+00
2.885000e-01	-3.315672e+00
2.890000e-01	-3.314181e+00
2.895000e-01	-3.312669e+00
2.900000e-01	-3.311243e+00
2.905000e-01	-3.310019e+00
2.910000e-01	-3.309114e+00
2.915000e-01	-3.308646e+00
2.920000e-01	-3.308726e+00
2.925000e-01	-3.309460e+00
2.930000e-01	-3.310942e+00
2.935000e-01	-3.313253e+00
2.940000e-01	-3.316462e+00
2.945000e-01	-3.320621e+00
2.950000e-01	-3.325770e+00
2.955000e-01	-3.331930e+00
2.960000e-01	-3.339109e+00
2.965000e-01	-3.347304e+00
2.970000e-01	-3.356427e+00
2.975000e-01	-3.366259e+00
2.980000e-01	-3.376592e+00
2.985000e-01	-3.387278e+00
2.990000e-01	-3.398248e+00
2.995000e-01	-3.409520e+00
3.000000e-01	-3.421194e+00
3.005000e-01	-3.433437e+00
3.010000e-01	-3.446452e+00
3.015000e-01	-3.460445e+00
3.020000e-01	-3.475590e+00
3.025000e-01	-3.491975e+00
3.030000e-01	-3.509539e+00
3.035000e-01	-3.528034e+00
3.040000e-01	-3.547038e+00
3.045000e-01	-3.566033e+00
3.050000e-01	-3.584496e+00
3.055000e-01	-3.601995e+00
3.060000e-01	-3.618237e+00
3.065000e-01	-3.633069e+00
3.070000e-01	-3.646434e+00
3.075000e-01	-3.658302e+00
3.080000e-01	-3.668608e+00
3.085000e-01	-3.677232e+00
3.090000e-01	-3.684016e+00
3.095000e-01	-3.688818e+00
3.100000e-01	-3.691588e+00
3.105000e-01	-3.692414e+00
3.110000e-01	-3.691545e+00
3.115000e-01	-3.689351e+00
3.120000e-01	-3.686255e+00
3.125000e-01	-3.682655e+00
3.130000e-01	-3.678851e+00
3.135000e-01	-3.675013e+00
3.140000e-01	-3.671212e+00
3.145000e-01	-3.667465e+00
3.150000e-01	-3.663801e+00
3.155000e-01	-3.660311e+00
3.160000e-01	-3.657166e+00
3.165000e-01	-3.654597e+00
3.170000e-01	-3.652847e+00
3.175000e-01	-3.652114e+00
3.180000e-01	-3.652510e+00
3.185000e-01	-3.654053e+00
3.190000e-01	-3.656685e+00
3.195000e-01	-3.660330e+00
3.200000e-01	-3.664944e+00
3.205000e-01	-3.670555e+00
3.210000e-01	-3.677260e+00
3.215000e-01	-3.685225e+00
3.220000e-01	-3.694597e+00
3.225000e-01	-3.705454e+00
3.230000e-01	-3.717776e+00
3.235000e-01	-3.731240e+00
3.240000e-01	-3.745289e+00
3.245000e-01	-3.759386e+00
3.250000e-01	-3.773131e+00
3.255000e-01	-3.786329e+00
3.260000e-01	-3.799012e+00
3.265000e-01	-3.811400e+00
3.270000e-01	-3.823811e+00
3.275000e-01	-3.836564e+00
3.280000e-01	-3.849869e+00
3.285000e-01	-3.863716e+00
3.290000e-01	-3.877812e+00
3.295000e-01	-3.891640e+00
3.300000e-01	-3.904603e+00
3.305000e-01	-3.916220e+00
3.310000e-01	-3.926263e+00
3.315000e-01	-3.934812e+00
3.320000e-01	-3.942189e+00
3.325000e-01	-3.948798e+00
3.330000e-01	-3.954964e+00
3.335000e-01	-3.960812e+00
3.340000e-01	-3.966245e+00
3.345000e-01	-3.971022e+00
3.350000e-01	-3.974909e+00
3.355000e-01	-3.977820e+00
3.360000e-01	-3.979904e+00
3.365000e-01	-3.981521e+00
3.370000e-01	-3.983139e+00
3.375000e-01	-3.985163e+00
3.380000e-01	-3.987801e+00
3.385000e-01	-3.990994e+00
3.390000e-01	-3.994452e+00
3.395000e-01	-3.997779e+00
3.400000e-01	-4.000637e+00
3.405000e-01	-4.002882e+00
3.410000e-01	-4.004615e+00
3.415000e-01	-4.006131e+00
3.420000e-01	-4.007802e+00
3.425000e-01	-4.009939e+00
3.430000e-01	-4.012687e+00
3.435000e-01	-4.016000e+00
3.440000e-01	-4.019698e+00
3.445000e-01	-4.023596e+00
3.450000e-01	-4.027620e+00
3.455000e-01	-4.031892e+00
3.460000e-01	-4.036719e+00
3.465000e-01	-4.042528e+00
3.470000e-01	-4.049694e+00
3.475000e-01	-4.058447e+00
3.480000e-01	-4.068776e+00
3.485000e-01	-4.080425e+00
3.490000e-01	-4.093024e+00
3.495000e-01	-4.106127e+00
3.500000e-01	-4.119433e+00
3.505000e-01	-4.132749e+00
3.510000e-01	-4.146066e+00
3.515000e-01	-4.159449e+00
3.520000e-01	-4.172932e+00
3.525000e-01	-4.186409e+00
3.530000e-01	-4.199652e+00
3.535000e-01	-4.212329e+00
3.540000e-01	-4.224083e+00
3.545000e-01	-4.234636e+00
3.550000e-01	-4.243863e+00
3.555000e-01	-4.251830e+00
3.560000e-01	-4.258766e+00
3.565000e-01	-4.264981e+00
3.570000e-01	-4.270773e+00
3.575000e-01	-4.276337e+00
3.580000e-01	-4.281728e+00
3.585000e-01	-4.286870e+00
3.590000e-01	-4.291621e+00
3.595000e-01	-4.295854e+00
3.600000e-01	-4.299526e+00
3.605000e-01	-4.302716e+00
3.610000e-01	-4.305601e+00
3.615000e-01	-4.308401e+00
3.620000e-01	-4.311304e+00
3.625000e-01	-4.314400e+00
3.630000e-01	-4.317657e+00
3.635000e-01	-4.320948e+00
3.640000e-01	-4.324109e+00
3.645000e-01	-4.327022e+00
3.650000e-01	-4.329682e+00
3.655000e-01	-4.332221e+00
3.660000e-01	-4.334891e+00
3.665000e-01	-4.338004e+00
3.670000e-01	-4.341850e+00
3.675000e-01	-4.346632e+00
3.680000e-01	-4.352428e+00
3.685000e-01	-4.359199e+00
3.690000e-01	-4.366832e+00
3.695000e-01	-4.375202e+00
3.700000e-01	-4.384227e+00
3.705000e-01	-4.393890e+00
3.710000e-01	-4.404224e+00
3.715000e-01	-4.415269e+00
3.720000e-01	-4.427016e+00
3.725000e-01	-4.439352e+00
3.730000e-01	-4.452055e+00
3.735000e-01	-4.464847e+00
3.740000e-01	-4.477255e+00
3.745000e-01	-4.488734e+00
3.750000e-01	-4.498859e+00
3.755000e-01	-4.507408e+00
3.760000e-01	-4.514367e+00
3.765000e-01	-4.519903e+00
3.770000e-01	-4.524304e+00
3.775000e-01	-4.527918e+00
3.780000e-01	-4.531108e+00
3.785000e-01	-4.534224e+00
3.790000e-01	-4.537575e+00
3.795000e-01	-4.541371e+00
3.800000e-01	-4.545683e+00
3.805000e-01	-4.550445e+00
3.810000e-01	-4.555497e+00
3.815000e-01	-4.560657e+00
3.820000e-01	-4.565783e+00
3.825000e-01	-4.570818e+00
3.830000e-01	-4.575794e+00
3.835000e-01	-4.580797e+00
3.840000e-01	-4.585914e+00
3.845000e-01	-4.591183e+00
3.850000e-01	-4.596565e+00
3.855000e-01	-4.601955e+00
3.860000e-01	-4.607226e+00
3.865000e-01	-4.612283e+00
3.870000e-01	-4.617123e+00
3.875000e-01	-4.621858e+00
3.880000e-01	-4.626707e+00
3.885000e-01	-4.631945e+00
3.890000e-01	-4.637837e+00
3.895000e-01	-4.644568e+00
3.900000e-01	-4.652202e+00
3.905000e-01	-4.660682e+00
3.910000e-01	-4.669865e+00
3.915000e-01	-4.679574e+00
3.920000e-01	-4.689656e+00
3.925000e-01	-4.700018e+00
3.930000e-01	-4.710631e+00
3.935000e-01	-4.721499e+00
3.940000e-01	-4.732617e+00
3.945000e-01	-4.743928e+00
3.950000e-01	-4.755288e+00
3.955000e-01	-4.766499e+00
3.960000e-01	-4.777317e+00
3.965000e-01	-4.787555e+00
3.970000e-01	-4.797093e+00
3.975000e-01	-4.805930e+00
3.980000e-01	-4.814191e+00
3.985000e-01	-4.822069e+00
3.990000e-01	-4.829779e+00
3.995000e-01	-4.837479e+00
4.000000e-01	-4.845242e+00
4.005000e-01	-4.853039e+00
4.010000e-01	-4.860787e+00
4.015000e-01	-4.868374e+00
4.020000e-01	-4.875708e+00
4.025000e-01	-4.882740e+00
4.030000e-01	-4.889476e+00
4.035000e-01	-4.895950e+00
4.040000e-01	-4.902194e+00
4.045000e-01	-4.908196e+00
4.050000e-01	-4.913873e+00
4.055000e-01	-4.919083e+00
4.060000e-01	-4.923641e+00
4.065000e-01	-4.927380e+00
4.070000e-01	-4.930196e+00
4.075000e-01	-4.932089e+00
4.080000e-01	-4.933178e+00
4.085000e-01	-4.933680e+00
4.090000e-01	-4.933874e+00
4.095000e-01	-4.934041e+00
4.100000e-01	-4.934427e+00
4.105000e-01	-4.935214e+00
4.110000e-01	-4.936523e+00
4.115000e-01	-4.938436e+00
4.120000e-01	-4.941036e+00
4.125000e-01	-4.944429e+00
4.130000e-01	-4.948760e+00
4.135000e-01	-4.954196e+00
4.140000e-01	-4.960894e+00
4.145000e-01	-4.968955e+00
4.150000e-01	-4.978390e+00
4.155000e-01	-4.989102e+00
4.160000e-01	-5.000898e+00
4.165000e-01	-5.013524e+00
4.170000e-01	-5.026715e+00
4.175000e-01	-5.040239e+00
4.180000e-01	-5.053928e+00
4.185000e-01	-5.067683e+00
4.190000e-01	-5.081452e+00
4.195000e-01	-5.095195e+00
4.200000e-01	-5.108845e+00
4.205000e-01	-5.122288e+00
4.210000e-01	-5.135360e+00
4.215000e-01	-5.147867e+00
4.220000e-01	-5.159621e+00
4.225000e-01	-5.170475e+00
4.230000e-01	-5.180349e+00
4.235000e-01	-5.189230e+00
4.240000e-01	-5.197153e+00
4.245000e-01	-5.204168e+00
4.250000e-01	-5.210302e+00
4.255000e-01	-5.215538e+00
4.260000e-01	-5.219809e+00
4.265000e-01	-5.223022e+00
4.270000e-01	-5.225097e+00
4.275000e-01	-5.226003e+00
4.280000e-01	-5.225791e+00
4.285000e-01	-5.224609e+00
4.290000e-01	-5.222684e+00
4.295000e-01	-5.220294e+00
4.300000e-01	-5.217728e+00
4.305000e-01	-5.215253e+00
4.310000e-01	-5.213098e+00
4.315000e-01	-5.211457e+00
4.320000e-01	-5.210502e+00
4.325000e-01	-5.210387e+00
4.330000e-01	-5.211318e+00
4.335000e-01	-5.213402e+00
4.340000e-01	-5.216675e+00
4.345000e-01	-5.221201e+00
4.350000e-01	-5.227068e+00
4.355000e-01	-5.234369e+00
4.360000e-01	-5.243187e+00
4.365000e-01	-5.253588e+00
4.370000e-01	-5.265616e+00
4.375000e-01	-5.279280e+00
4.380000e-01	-5.294526e+00
4.385000e-01	-5.311171e+00
4.390000e-01	-5.328878e+00
4.395000e-01	-5.347179e+00
4.400000e-01	-5.365539e+00
4.405000e-01	-5.383453e+00
4.410000e-01	-5.400522e+00
4.415000e-01	-5.416492e+00
4.420000e-01	-5.431242e+00
4.425000e-01	-5.444740e+00
4.430000e-01	-5.456970e+00
4.435000e-01	-5.467892e+00
4.440000e-01	-5.477429e+00
4.445000e-01	-5.485488e+00
4.450000e-01	-5.492018e+00
4.455000e-01	-5.497051e+00
4.460000e-01	-5.500728e+00
4.465000e-01	-5.503288e+00
4.470000e-01	-5.505010e+00
4.475000e-01	-5.506155e+00
4.480000e-01	-5.506910e+00
4.485000e-01	-5.507363e+00
4.490000e-01	-5.507519e+00
4.495000e-01	-5.507348e+00
4.500000e-01	-5.506847e+00
4.505000e-01	-5.506073e+00
4.510000e-01	-5.505161e+00
4.515000e-01	-5.504300e+00
4.520000e-01	-5.503689e+00
4.525000e-01	-5.503497e+00
4.530000e-01	-5.503835e+00
4.535000e-01	-5.504757e+00
4.540000e-01	-5.506297e+00
4.545000e-01	-5.508505e+00
4.550000e-01	-5.511489e+00
4.555000e-01	-5.515410e+00
4.560000e-01	-5.520485e+00
4.565000e-01	-5.526906e+00
4.570000e-01	-5.534821e+00
4.575000e-01	-5.544267e+00
4.580000e-01	-5.555162e+00
4.585000e-01	-5.567352e+00
4.590000e-01	-5.580591e+00
4.595000e-01	-5.594649e+00
4.600000e-01	-5.609308e+00
4.605000e-01	-5.624402e+00
4.610000e-01	-5.639758e+00
4.615000e-01	-5.655218e+00
4.620000e-01	-5.670580e+00
4.625000e-01	-5.685596e+00
4.630000e-01	-5.699994e+00
4.635000e-01	-5.713507e+00
4.640000e-01	-5.725917e+00
4.645000e-01	-5.737094e+00
4.650000e-01	-5.747012e+00
4.655000e-01	-5.755744e+00
4.660000e-01	-5.763429e+00
4.665000e-01	-5.770228e+00
4.670000e-01	-5.776286e+00
4.675000e-01	-5.781703e+00
4.680000e-01	-5.786533e+00
4.685000e-01	-5.790801e+00
4.690000e-01	-5.794534e+00
4.695000e-01	-5.797784e+00
4.700000e-01	-5.800642e+00
4.705000e-01	-5.803225e+00
4.710000e-01	-5.805656e+00
4.715000e-01	-5.808024e+00
4.720000e-01	-5.810364e+00
4.725000e-01	-5.812648e+00
4.730000e-01	-5.814802e+00
4.735000e-01	-5.816738e+00
4.740000e-01	-5.818401e+00
4.745000e-01	-5.819804e+00
4.750000e-01	-5.821038e+00
4.755000e-01	-5.822272e+00
4.760000e-01	-5.823717e+00
4.765000e-01	-5.825593e+00
4.770000e-01	-5.828086e+00
4.775000e-01	-5.831335e+00
4.780000e-01	-5.835429e+00
4.785000e-01	-5.840426e+00
4.790000e-01	-5.846379e+00
4.795000e-01	-5.853351e+00
4.800000e-01	-5.861425e+00
4.805000e-01	-5.870683e+00
4.810000e-01	-5.881179e+00
4.815000e-01	-5.892897e+00
4.820000e-01	-5.905760e+00
4.825000e-01	-5.919534e+00
4.830000e-01	-5.933945e+00
4.835000e-01	-5.948443e+00
4.840000e-01	-5.962328e+00
4.845000e-01	-5.975052e+00
4.850000e-01	-5.986285e+00
4.855000e-01	-5.995878e+00
4.860000e-01	-6.003898e+00
4.865000e-01	-6.010658e+00
4.870000e-01	-6.016658e+00
4.875000e-01	-6.022483e+00
4.880000e-01	-6.028653e+00
4.885000e-01	-6.035453e+00
4.890000e-01	-6.042852e+00
4.895000e-01	-6.050520e+00
4.900000e-01	-6.057958e+00
4.905000e-01	-6.064673e+00
4.910000e-01	-6.070356e+00
4.915000e-01	-6.074970e+00
4.920000e-01	-6.078737e+00
4.925000e-01	-6.082017e+00
4.930000e-01	-6.085146e+00
4.935000e-01	-6.088289e+00
4.940000e-01	-6.091376e+00
4.945000e-01	-6.094146e+00
4.950000e-01	-6.096278e+00
4.955000e-01	-6.097562e+00
4.960000e-01	-6.098024e+00
4.965000e-01	-6.097983e+00
4.970000e-01	-6.097986e+00
4.975000e-01	-6.098656e+00
4.980000e-01	-6.100527e+00
4.985000e-01	-6.103901e+00
4.990000e-01	-6.108799e+00
4.995000e-01	-6.115003e+00
5.000000e-01	-6.122189e+00
5.005000e-01	-6.130076e+00
5.010000e-01	-6.138541e+00
5.015000e-01	-6.147651e+00
5.020000e-01	-6.157600e+00
5.025000e-01	-6.168591e+00
5.030000e-01	-6.180703e+00
5.035000e-01	-6.193799e+00
5.040000e-01	-6.207530e+00
5.045000e-01	-6.221300e+00
5.050000e-01	-6.234499e+00
5.055000e-01	-6.246683e+00
5.060000e-01	-6.257677e+00
5.065000e-01	-6.267588e+00
5.070000e-01	-6.276731e+00
5.075000e-01	-6.285495e+00
5.080000e-01	-6.294197e+00
5.085000e-01	-6.302980e+00
5.090000e-01	-6.311773e+00
5.095000e-01	-6.320332e+00
5.100000e-01	-6.328347e+00
5.105000e-01	-6.335575e+00
5.110000e-01	-6.341940e+00
5.115000e-01	-6.347566e+00
5.120000e-01	-6.352716e+00
5.125000e-01	-6.357688e+00
5.130000e-01	-6.362679e+00
5.135000e-01	-6.367708e+00
5.140000e-01	-6.372600e+00
5.145000e-01	-6.377060e+00
5.150000e-01	-6.380799e+00
5.155000e-01	-6.383661e+00
5.159934e-01	-6.385684e+00
5.160000e-01	-6.385707e+00
5.165000e-01	-6.387215e+00
5.166708e-01	-6.387682e+00
5.168153e-01	-6.388082e+00
5.169502e-01	-6.388468e+00
5.170000e-01	-6.388616e+00
5.171538e-01	-6.389094e+00
5.172895e-01	-6.389550e+00
5.175000e-01	-6.390335e+00
5.180000e-01	-6.392669e+00
5.184095e-01	-6.395117e+00
5.185000e-01	-6.395723e+00
5.186811e-01	-6.396997e+00
5.189349e-01	-6.398916e+00
5.190000e-01	-6.399431e+00
5.195000e-01	-6.403631e+00
5.200000e-01	-6.408178e+00
5.202657e-01	-6.410716e+00
5.204219e-01	-6.412251e+00
5.205000e-01	-6.413033e+00
5.206979e-01	-6.415060e+00
5.208993e-01	-6.417205e+00
5.210000e-01	-6.418313e+00
5.215000e-01	-6.424262e+00
5.217374e-01	-6.427408e+00
5.219125e-01	-6.429883e+00
5.220000e-01	-6.431174e+00
5.221254e-01	-6.433087e+00
5.225000e-01	-6.439272e+00
5.230000e-01	-6.448614e+00
5.235000e-01	-6.459045e+00
5.240000e-01	-6.470226e+00
5.245000e-01	-6.481721e+00
5.250000e-01	-6.493128e+00
5.255000e-01	-6.504164e+00
5.260000e-01	-6.514716e+00
5.265000e-01	-6.524814e+00
5.270000e-01	-6.534557e+00
5.275000e-01	-6.544012e+00
5.280000e-01	-6.553143e+00
5.282179e-01	-6.556983e+00
5.283590e-01	-6.559410e+00
5.285000e-01	-6.561786e+00
5.290000e-01	-6.569692e+00
5.295000e-01	-6.576615e+00
5.300000e-01	-6.582407e+00
5.305000e-01	-6.587094e+00
5.310000e-01	-6.590876e+00
5.315000e-01	-6.594082e+00
5.320000e-01	-6.597082e+00
5.325000e-01	-6.600187e+00
5.330000e-01	-6.603582e+00
5.335000e-01	-6.607306e+00
5.340000e-01	-6.611294e+00
5.345000e-01	-6.615443e+00
5.350000e-01	-6.619697e+00
5.355000e-01	-6.624096e+00
5.360000e-01	-6.628786e+00
5.365000e-01	-6.633954e+00
5.370000e-01	-6.639796e+00
5.375000e-01	-6.646359e+00
5.380000e-01	-6.653557e+00
5.384809e-01	-6.660903e+00
5.385000e-01	-6.661200e+00
5.386274e-01	-6.663190e+00
5.387697e-01	-6.665422e+00
5.389035e-01	-6.667528e+00
5.390000e-01	-6.669045e+00
5.391549e-01	-6.671480e+00
5.395000e-01	-6.676868e+00
5.400000e-01	-6.684535e+00
5.405000e-01	-6.692040e+00
5.410000e-01	-6.699500e+00
5.415000e-01	-6.707108e+00
5.420000e-01	-6.715051e+00
5.425000e-01	-6.723428e+00
5.430000e-01	-6.732196e+00
5.435000e-01	-6.741178e+00
5.440000e-01	-6.750120e+00
5.445000e-01	-6.758781e+00
5.450000e-01	-6.767012e+00
5.455000e-01	-6.774795e+00
5.460000e-01	-6.782231e+00
5.465000e-01	-6.789476e+00
5.470000e-01	-6.796662e+00
5.475000e-01	-6.803825e+00
5.480000e-01	-6.810887e+00
5.485000e-01	-6.817671e+00
5.490000e-01	-6.823974e+00
5.495000e-01	-6.829642e+00
5.500000e-01	-6.834628e+00
5.505000e-01	-6.838991e+00
5.510000e-01	-6.842852e+00
5.515000e-01	-6.846389e+00
5.520000e-01	-6.849788e+00
5.525000e-01	-6.853193e+00
5.530000e-01	-6.856679e+00
5.535000e-01	-6.860250e+00
5.540000e-01	-6.863860e+00
5.545000e-01	-6.867459e+00
5.550000e-01	-6.871028e+00
5.555000e-01	-6.874597e+00
5.560000e-01	-6.878242e+00
5.565000e-01	-6.882052e+00
5.570000e-01	-6.886093e+00
5.575000e-01	-6.890379e+00
5.580000e-01	-6.894857e+00
5.585000e-01	-6.899427e+00
5.590000e-01	-6.903976e+00
5.595000e-01	-6.908423e+00
5.600000e-01	-6.912754e+00
5.605000e-01	-6.917037e+00
5.610000e-01	-6.921405e+00
5.615000e-01	-6.926023e+00
5.620000e-01	-6.931038e+00
5.625000e-01	-6.936553e+00
5.630000e-01	-6.942609e+00
5.635000e-01	-6.949206e+00
5.640000e-01	-6.956329e+00
5.645000e-01	-6.963971e+00
5.650000e-01	-6.972147e+00
5.655000e-01	-6.980915e+00
5.660000e-01	-6.990350e+00
5.665000e-01	-7.000513e+00
5.670000e-01	-7.011412e+00
5.675000e-01	-7.022973e+00
5.680000e-01	-7.035026e+00
5.685000e-01	-7.047328e+00
5.690000e-01	-7.059592e+00
5.695000e-01	-7.071529e+00
5.700000e-01	-7.082885e+00
5.705000e-01	-7.093455e+00
5.710000e-01	-7.103082e+00
5.715000e-01	-7.111642e+00
5.720000e-01	-7.119025e+00
5.725000e-01	-7.125123e+00
5.726364e-01	-7.126550e+00
5.727842e-01	-7.127979e+00
5.729281e-01	-7.129249e+00
5.730000e-01	-7.129839e+00
5.731559e-01	-7.131013e+00
5.733172e-01	-7.132078e+00
5.735000e-01	-7.133098e+00
5.740000e-01	-7.134882e+00
5.745000e-01	-7.135256e+00
5.750000e-01	-7.134375e+00
5.755000e-01	-7.132487e+00
5.760000e-01	-7.129907e+00
5.765000e-01	-7.126981e+00
5.770000e-01	-7.124051e+00
5.775000e-01	-7.121430e+00
5.780000e-01	-7.119390e+00
5.785000e-01	-7.118158e+00
5.790000e-01	-7.117938e+00
5.795000e-01	-7.118920e+00
5.800000e-01	-7.121281e+00
5.805000e-01	-7.125166e+00
5.809079e-01	-7.129535e+00
5.810000e-01	-7.130676e+00
5.811258e-01	-7.132324e+00
5.812527e-01	-7.134089e+00
5.813837e-01	-7.136011e+00
5.815000e-01	-7.137796e+00
5.816285e-01	-7.139851e+00
5.820000e-01	-7.146210e+00
5.825000e-01	-7.155561e+00
5.830000e-01	-7.165588e+00
5.835000e-01	-7.176163e+00
5.840000e-01	-7.187302e+00
5.845000e-01	-7.199094e+00
5.850000e-01	-7.211606e+00
5.855000e-01	-7.224869e+00
5.860000e-01	-7.238838e+00
5.865000e-01	-7.253305e+00
5.870000e-01	-7.267843e+00
5.871720e-01	-7.272753e+00
5.873516e-01	-7.277785e+00
5.875000e-01	-7.281841e+00
5.880000e-01	-7.294615e+00
5.885000e-01	-7.305568e+00
5.890000e-01	-7.314325e+00
5.895000e-01	-7.320799e+00
5.900000e-01	-7.325150e+00
5.905000e-01	-7.327711e+00
5.910000e-01	-7.328871e+00
5.914021e-01	-7.329019e+00
5.915000e-01	-7.328967e+00
5.916546e-01	-7.328819e+00
5.918199e-01	-7.328578e+00
5.919596e-01	-7.328311e+00
5.920000e-01	-7.328223e+00
5.921863e-01	-7.327758e+00
5.925000e-01	-7.326761e+00
5.930000e-01	-7.324671e+00
5.935000e-01	-7.322102e+00
5.940000e-01	-7.319344e+00
5.945000e-01	-7.316843e+00
5.949050e-01	-7.315385e+00
5.950000e-01	-7.315154e+00
5.952417e-01	-7.314801e+00
5.954139e-01	-7.314779e+00
5.955000e-01	-7.314847e+00
5.960000e-01	-7.316378e+00
5.965000e-01	-7.320001e+00
5.970000e-01	-7.325718e+00
5.971746e-01	-7.328170e+00
5.975000e-01	-7.333300e+00
5.980000e-01	-7.342333e+00
5.985000e-01	-7.352345e+00
5.990000e-01	-7.362941e+00
5.995000e-01	-7.373874e+00
6.000000e-01	-7.385038e+00


