"     ankle"

"Time      "	".JOINT_15.Ax_Ay_Az_Projection_Angles.Z"	".JOINT_14.Ax_Ay_Az_Projection_Angles.Z"
0.000000e+00	0.000000e+00	1.193196e-13
5.000000e-04	-1.139107e-05	2.991471e-04
1.000000e-03	-9.108580e-05	1.113672e-03
1.500000e-03	-3.108779e-04	2.307244e-03
2.000000e-03	-7.398329e-04	3.739924e-03
2.500000e-03	-1.434007e-03	5.285240e-03
3.000000e-03	-2.429577e-03	6.843675e-03
3.500000e-03	-3.742957e-03	8.350889e-03
4.000000e-03	-5.378484e-03	9.779931e-03
4.500000e-03	-7.338602e-03	1.113655e-02
5.000000e-03	-9.631710e-03	1.244952e-02
5.500000e-03	-1.227449e-02	1.375972e-02
6.000000e-03	-1.528795e-02	1.511152e-02
6.500000e-03	-1.868896e-02	1.654872e-02
7.000000e-03	-2.248095e-02	1.811498e-02
7.500000e-03	-2.664739e-02	1.985667e-02
8.000000e-03	-3.115107e-02	2.182503e-02
8.500000e-03	-3.593819e-02	2.407600e-02
9.000000e-03	-4.094773e-02	2.666445e-02
9.500000e-03	-4.612099e-02	2.963606e-02
1.000000e-02	-5.140855e-02	3.301866e-02
1.050000e-02	-5.677238e-02	3.681656e-02
1.100000e-02	-6.218332e-02	4.101045e-02
1.150000e-02	-6.761512e-02	4.556376e-02
1.200000e-02	-7.303835e-02	5.043383e-02
1.250000e-02	-7.841683e-02	5.558415e-02
1.300000e-02	-8.370845e-02	6.099413e-02
1.350000e-02	-8.887007e-02	6.666312e-02
1.400000e-02	-9.386532e-02	7.260708e-02
1.450000e-02	-9.867328e-02	7.884785e-02
1.500000e-02	-1.032933e-01	8.540252e-02
1.550000e-02	-1.077427e-01	9.227971e-02
1.600000e-02	-1.120480e-01	9.948390e-02
1.650000e-02	-1.162343e-01	1.070238e-01
1.700000e-02	-1.203279e-01	1.149002e-01
1.750000e-02	-1.243598e-01	1.230966e-01
1.800000e-02	-1.283578e-01	1.315935e-01
1.850000e-02	-1.323493e-01	1.403678e-01
1.900000e-02	-1.363654e-01	1.493874e-01
1.950000e-02	-1.404446e-01	1.586052e-01
2.000000e-02	-1.446348e-01	1.679539e-01
2.050000e-02	-1.489919e-01	1.773459e-01
2.100000e-02	-1.535759e-01	1.866782e-01
2.150000e-02	-1.584458e-01	1.958432e-01
2.200000e-02	-1.636542e-01	2.047417e-01
2.250000e-02	-1.692441e-01	2.132949e-01
2.300000e-02	-1.752477e-01	2.214504e-01
2.350000e-02	-1.816836e-01	2.291761e-01
2.400000e-02	-1.885547e-01	2.364466e-01
2.450000e-02	-1.958500e-01	2.432353e-01
2.500000e-02	-2.035498e-01	2.495136e-01
2.550000e-02	-2.116324e-01	2.552604e-01
2.600000e-02	-2.200789e-01	2.604751e-01
2.650000e-02	-2.288754e-01	2.651881e-01
2.700000e-02	-2.380105e-01	2.694642e-01
2.750000e-02	-2.474701e-01	2.733943e-01
2.800000e-02	-2.572328e-01	2.770802e-01
2.850000e-02	-2.672668e-01	2.806146e-01
2.900000e-02	-2.775317e-01	2.840671e-01
2.950000e-02	-2.879846e-01	2.874762e-01
3.000000e-02	-2.985881e-01	2.908527e-01
3.050000e-02	-3.093174e-01	2.941893e-01
3.100000e-02	-3.201632e-01	2.974715e-01
3.150000e-02	-3.311304e-01	3.006861e-01
3.200000e-02	-3.422319e-01	3.038217e-01
3.250000e-02	-3.534803e-01	3.068640e-01
3.300000e-02	-3.648820e-01	3.097874e-01
3.350000e-02	-3.764343e-01	3.125486e-01
3.400000e-02	-3.881285e-01	3.150856e-01
3.450000e-02	-3.999553e-01	3.173245e-01
3.500000e-02	-4.119128e-01	3.191905e-01
3.550000e-02	-4.240111e-01	3.206206e-01
3.600000e-02	-4.362723e-01	3.215731e-01
3.650000e-02	-4.487270e-01	3.220294e-01
3.700000e-02	-4.614060e-01	3.219900e-01
3.750000e-02	-4.743324e-01	3.214643e-01
3.800000e-02	-4.875186e-01	3.204605e-01
3.850000e-02	-5.009667e-01	3.189793e-01
3.900000e-02	-5.146731e-01	3.170117e-01
3.950000e-02	-5.286365e-01	3.145422e-01
4.000000e-02	-5.428646e-01	3.115536e-01
4.050000e-02	-5.573770e-01	3.080321e-01
4.100000e-02	-5.722042e-01	3.039678e-01
4.150000e-02	-5.873814e-01	2.993519e-01
4.200000e-02	-6.029411e-01	2.941701e-01
4.250000e-02	-6.189062e-01	2.883970e-01
4.300000e-02	-6.352873e-01	2.819925e-01
4.350000e-02	-6.520839e-01	2.749051e-01
4.400000e-02	-6.692890e-01	2.670746e-01
4.450000e-02	-6.868963e-01	2.584488e-01
4.500000e-02	-7.049038e-01	2.489852e-01
4.550000e-02	-7.233149e-01	2.386637e-01
4.600000e-02	-7.421362e-01	2.274843e-01
4.650000e-02	-7.613702e-01	2.154682e-01
4.700000e-02	-7.810084e-01	2.026544e-01
4.750000e-02	-8.010302e-01	1.890884e-01
4.800000e-02	-8.213959e-01	1.748335e-01
4.850000e-02	-8.420542e-01	1.599619e-01
4.900000e-02	-8.629496e-01	1.445600e-01
4.950000e-02	-8.840296e-01	1.287312e-01
5.000000e-02	-9.052490e-01	1.125958e-01
5.050000e-02	-9.265706e-01	9.628726e-02
5.100000e-02	-9.479618e-01	7.994369e-02
5.150000e-02	-9.693892e-01	6.369862e-02
5.200000e-02	-9.908140e-01	4.767250e-02
5.250000e-02	-1.012191e+00	3.196630e-02
5.300000e-02	-1.033470e+00	1.666107e-02
5.350000e-02	-1.054602e+00	1.820044e-03
5.400000e-02	-1.075546e+00	-1.250671e-02
5.450000e-02	-1.096273e+00	-2.627926e-02
5.500000e-02	-1.116768e+00	-3.946632e-02
5.550000e-02	-1.137027e+00	-5.204672e-02
5.600000e-02	-1.157052e+00	-6.401222e-02
5.650000e-02	-1.176848e+00	-7.536963e-02
5.700000e-02	-1.196415e+00	-8.613987e-02
5.750000e-02	-1.215750e+00	-9.635429e-02
5.800000e-02	-1.234850e+00	-1.060483e-01
5.850000e-02	-1.253711e+00	-1.152546e-01
5.900000e-02	-1.272339e+00	-1.239973e-01
5.950000e-02	-1.290749e+00	-1.322909e-01
6.000000e-02	-1.308961e+00	-1.401413e-01
6.050000e-02	-1.327003e+00	-1.475510e-01
6.100000e-02	-1.344902e+00	-1.545234e-01
6.150000e-02	-1.362680e+00	-1.610668e-01
6.200000e-02	-1.380354e+00	-1.671942e-01
6.250000e-02	-1.397934e+00	-1.729217e-01
6.300000e-02	-1.415429e+00	-1.782644e-01
6.350000e-02	-1.432844e+00	-1.832344e-01
6.400000e-02	-1.450188e+00	-1.878386e-01
6.450000e-02	-1.467473e+00	-1.920808e-01
6.500000e-02	-1.484711e+00	-1.959646e-01
6.550000e-02	-1.501912e+00	-1.994969e-01
6.600000e-02	-1.519076e+00	-2.026846e-01
6.650000e-02	-1.536183e+00	-2.055314e-01
6.700000e-02	-1.553210e+00	-2.080458e-01
6.750000e-02	-1.570137e+00	-2.102411e-01
6.800000e-02	-1.586953e+00	-2.121272e-01
6.850000e-02	-1.603649e+00	-2.137026e-01
6.900000e-02	-1.620213e+00	-2.149475e-01
6.950000e-02	-1.636627e+00	-2.158209e-01
7.000000e-02	-1.652857e+00	-2.162625e-01
7.050000e-02	-1.668858e+00	-2.162023e-01
7.100000e-02	-1.684578e+00	-2.155664e-01
7.150000e-02	-1.699962e+00	-2.142844e-01
7.200000e-02	-1.714966e+00	-2.122942e-01
7.250000e-02	-1.729554e+00	-2.095424e-01
7.300000e-02	-1.743710e+00	-2.059839e-01
7.350000e-02	-1.757425e+00	-2.015794e-01
7.400000e-02	-1.770701e+00	-1.962955e-01
7.450000e-02	-1.783538e+00	-1.901069e-01
7.500000e-02	-1.795934e+00	-1.830013e-01
7.550000e-02	-1.807885e+00	-1.749845e-01
7.600000e-02	-1.819387e+00	-1.660855e-01
7.650000e-02	-1.830441e+00	-1.563578e-01
7.700000e-02	-1.841063e+00	-1.458792e-01
7.750000e-02	-1.851282e+00	-1.347437e-01
7.800000e-02	-1.861143e+00	-1.230619e-01
7.850000e-02	-1.870697e+00	-1.109416e-01
7.900000e-02	-1.880000e+00	-9.849977e-02
7.950000e-02	-1.889095e+00	-8.583376e-02
8.000000e-02	-1.898023e+00	-7.305443e-02
8.050000e-02	-1.906810e+00	-6.025473e-02
8.100000e-02	-1.915474e+00	-4.752662e-02
8.150000e-02	-1.924031e+00	-3.495077e-02
8.200000e-02	-1.932501e+00	-2.260512e-02
8.250000e-02	-1.940905e+00	-1.054600e-02
8.300000e-02	-1.949272e+00	1.174501e-03
8.350000e-02	-1.957629e+00	1.252566e-02
8.400000e-02	-1.966000e+00	2.348886e-02
8.450000e-02	-1.974395e+00	3.405761e-02
8.500000e-02	-1.982813e+00	4.423249e-02
8.550000e-02	-1.991242e+00	5.401667e-02
8.600000e-02	-1.999668e+00	6.341291e-02
8.650000e-02	-2.008073e+00	7.242157e-02
8.700000e-02	-2.016447e+00	8.103946e-02
8.750000e-02	-2.024784e+00	8.925974e-02
8.800000e-02	-2.033088e+00	9.707228e-02
8.850000e-02	-2.041365e+00	1.044641e-01
8.900000e-02	-2.049620e+00	1.114197e-01
8.950000e-02	-2.057857e+00	1.179214e-01
9.000000e-02	-2.066070e+00	1.239494e-01
9.050000e-02	-2.074248e+00	1.294824e-01
9.100000e-02	-2.082380e+00	1.344986e-01
9.150000e-02	-2.090453e+00	1.389769e-01
9.200000e-02	-2.098460e+00	1.428983e-01
9.250000e-02	-2.106404e+00	1.462468e-01
9.300000e-02	-2.114292e+00	1.490107e-01
9.350000e-02	-2.122138e+00	1.511823e-01
9.400000e-02	-2.129956e+00	1.527573e-01
9.450000e-02	-2.137759e+00	1.537344e-01
9.500000e-02	-2.145555e+00	1.541133e-01
9.550000e-02	-2.153347e+00	1.538936e-01
9.600000e-02	-2.161138e+00	1.530728e-01
9.650000e-02	-2.168934e+00	1.516454e-01
9.700000e-02	-2.176745e+00	1.496019e-01
9.750000e-02	-2.184591e+00	1.469274e-01
9.800000e-02	-2.192498e+00	1.436012e-01
9.850000e-02	-2.200499e+00	1.395962e-01
9.900000e-02	-2.208629e+00	1.348795e-01
9.950000e-02	-2.216920e+00	1.294133e-01
1.000000e-01	-2.225399e+00	1.231574e-01
1.005000e-01	-2.234087e+00	1.160715e-01
1.010000e-01	-2.243000e+00	1.081189e-01
1.015000e-01	-2.252149e+00	9.926881e-02
1.020000e-01	-2.261545e+00	8.950010e-02
1.025000e-01	-2.271194e+00	7.880306e-02
1.030000e-01	-2.281105e+00	6.718150e-02
1.035000e-01	-2.291280e+00	5.465411e-02
1.040000e-01	-2.301714e+00	4.125557e-02
1.045000e-01	-2.312393e+00	2.703734e-02
1.050000e-01	-2.323290e+00	1.206821e-02
1.055000e-01	-2.334364e+00	-3.565883e-03
1.060000e-01	-2.345567e+00	-1.976275e-02
1.065000e-01	-2.356839e+00	-3.640607e-02
1.070000e-01	-2.368119e+00	-5.336857e-02
1.075000e-01	-2.379343e+00	-7.051624e-02
1.080000e-01	-2.390450e+00	-8.771300e-02
1.085000e-01	-2.401379e+00	-1.048254e-01
1.090000e-01	-2.412074e+00	-1.217267e-01
1.095000e-01	-2.422476e+00	-1.383000e-01
1.100000e-01	-2.432530e+00	-1.544405e-01
1.105000e-01	-2.442183e+00	-1.700568e-01
1.110000e-01	-2.451384e+00	-1.850715e-01
1.115000e-01	-2.460092e+00	-1.994222e-01
1.120000e-01	-2.468272e+00	-2.130614e-01
1.125000e-01	-2.475902e+00	-2.259578e-01
1.130000e-01	-2.482975e+00	-2.380960e-01
1.135000e-01	-2.489494e+00	-2.494764e-01
1.140000e-01	-2.495474e+00	-2.601141e-01
1.145000e-01	-2.500936e+00	-2.700362e-01
1.150000e-01	-2.505912e+00	-2.792795e-01
1.155000e-01	-2.510433e+00	-2.878867e-01
1.160000e-01	-2.514539e+00	-2.959037e-01
1.165000e-01	-2.518271e+00	-3.033774e-01
1.170000e-01	-2.521675e+00	-3.103543e-01
1.175000e-01	-2.524799e+00	-3.168802e-01
1.180000e-01	-2.527696e+00	-3.230000e-01
1.185000e-01	-2.530421e+00	-3.287584e-01
1.190000e-01	-2.533028e+00	-3.341993e-01
1.195000e-01	-2.535566e+00	-3.393649e-01
1.200000e-01	-2.538080e+00	-3.442943e-01
1.205000e-01	-2.540607e+00	-3.490216e-01
1.210000e-01	-2.543174e+00	-3.535743e-01
1.215000e-01	-2.545799e+00	-3.579718e-01
1.220000e-01	-2.548493e+00	-3.622255e-01
1.225000e-01	-2.551257e+00	-3.663386e-01
1.230000e-01	-2.554086e+00	-3.703066e-01
1.235000e-01	-2.556967e+00	-3.741184e-01
1.240000e-01	-2.559881e+00	-3.777558e-01
1.245000e-01	-2.562803e+00	-3.811934e-01
1.250000e-01	-2.565696e+00	-3.843978e-01
1.255000e-01	-2.568522e+00	-3.873264e-01
1.260000e-01	-2.571232e+00	-3.899276e-01
1.265000e-01	-2.573778e+00	-3.921412e-01
1.270000e-01	-2.576105e+00	-3.939002e-01
1.275000e-01	-2.578163e+00	-3.951336e-01
1.280000e-01	-2.579902e+00	-3.957702e-01
1.285000e-01	-2.581279e+00	-3.957421e-01
1.290000e-01	-2.582257e+00	-3.949880e-01
1.295000e-01	-2.582806e+00	-3.934559e-01
1.300000e-01	-2.582904e+00	-3.911082e-01
1.305000e-01	-2.582490e+00	-3.880351e-01
1.310000e-01	-2.581422e+00	-3.845963e-01
1.315000e-01	-2.579563e+00	-3.811557e-01
1.320000e-01	-2.576795e+00	-3.780167e-01
1.325000e-01	-2.573027e+00	-3.753959e-01
1.330000e-01	-2.568199e+00	-3.734075e-01
1.335000e-01	-2.562280e+00	-3.720574e-01
1.340000e-01	-2.555276e+00	-3.712455e-01
1.345000e-01	-2.547223e+00	-3.707762e-01
1.350000e-01	-2.538193e+00	-3.703747e-01
1.355000e-01	-2.528286e+00	-3.697102e-01
1.360000e-01	-2.517630e+00	-3.684233e-01
1.365000e-01	-2.506374e+00	-3.661591e-01
1.370000e-01	-2.494681e+00	-3.626039e-01
1.375000e-01	-2.482710e+00	-3.575598e-01
1.380000e-01	-2.470571e+00	-3.510634e-01
1.385000e-01	-2.458307e+00	-3.434406e-01
1.390000e-01	-2.445902e+00	-3.352476e-01
1.395000e-01	-2.433323e+00	-3.271209e-01
1.400000e-01	-2.420567e+00	-3.195969e-01
1.405000e-01	-2.407695e+00	-3.129764e-01
1.410000e-01	-2.394840e+00	-3.072859e-01
1.415000e-01	-2.382181e+00	-3.023491e-01
1.420000e-01	-2.369896e+00	-2.979287e-01
1.425000e-01	-2.358116e+00	-2.938782e-01
1.430000e-01	-2.346892e+00	-2.902366e-01
1.435000e-01	-2.336203e+00	-2.872252e-01
1.440000e-01	-2.325986e+00	-2.851547e-01
1.445000e-01	-2.316178e+00	-2.842861e-01
1.450000e-01	-2.306768e+00	-2.847056e-01
1.455000e-01	-2.297807e+00	-2.862832e-01
1.460000e-01	-2.289438e+00	-2.886861e-01
1.465000e-01	-2.281912e+00	-2.914605e-01
1.470000e-01	-2.275472e+00	-2.942447e-01
1.475000e-01	-2.270310e+00	-2.968972e-01
1.480000e-01	-2.266542e+00	-2.995357e-01
1.485000e-01	-2.264216e+00	-3.024768e-01
1.490000e-01	-2.263344e+00	-3.061040e-01
1.495000e-01	-2.263944e+00	-3.107193e-01
1.500000e-01	-2.266080e+00	-3.164412e-01
1.505000e-01	-2.269864e+00	-3.231876e-01
1.510000e-01	-2.275450e+00	-3.307461e-01
1.515000e-01	-2.282988e+00	-3.388954e-01
1.520000e-01	-2.292587e+00	-3.475217e-01
1.525000e-01	-2.304283e+00	-3.566764e-01
1.530000e-01	-2.318033e+00	-3.665512e-01
1.535000e-01	-2.333736e+00	-3.773761e-01
1.540000e-01	-2.351268e+00	-3.892939e-01
1.545000e-01	-2.370522e+00	-4.022571e-01
1.550000e-01	-2.391433e+00	-4.159896e-01
1.555000e-01	-2.413977e+00	-4.300457e-01
1.560000e-01	-2.438150e+00	-4.439330e-01
1.565000e-01	-2.463927e+00	-4.572503e-01
1.570000e-01	-2.491237e+00	-4.697849e-01
1.575000e-01	-2.519943e+00	-4.815345e-01
1.580000e-01	-2.549848e+00	-4.926474e-01
1.585000e-01	-2.580726e+00	-5.033108e-01
1.590000e-01	-2.612354e+00	-5.136407e-01
1.595000e-01	-2.644541e+00	-5.236176e-01
1.600000e-01	-2.677139e+00	-5.330947e-01
1.605000e-01	-2.710034e+00	-5.418767e-01
1.610000e-01	-2.743118e+00	-5.498292e-01
1.615000e-01	-2.776259e+00	-5.569675e-01
1.620000e-01	-2.809285e+00	-5.634828e-01
1.625000e-01	-2.842012e+00	-5.696680e-01
1.630000e-01	-2.874303e+00	-5.757799e-01
1.635000e-01	-2.906105e+00	-5.819150e-01
1.640000e-01	-2.937447e+00	-5.879518e-01
1.645000e-01	-2.968401e+00	-5.935831e-01
1.650000e-01	-2.999026e+00	-5.984207e-01
1.655000e-01	-3.029321e+00	-6.021274e-01
1.660000e-01	-3.059201e+00	-6.045188e-01
1.665000e-01	-3.088515e+00	-6.055935e-01
1.670000e-01	-3.117101e+00	-6.054838e-01
1.675000e-01	-3.144836e+00	-6.043526e-01
1.680000e-01	-3.171683e+00	-6.022843e-01
1.685000e-01	-3.197698e+00	-5.992217e-01
1.690000e-01	-3.223000e+00	-5.949764e-01
1.695000e-01	-3.247724e+00	-5.893069e-01
1.700000e-01	-3.271966e+00	-5.820333e-01
1.705000e-01	-3.295751e+00	-5.731404e-01
1.710000e-01	-3.319044e+00	-5.628156e-01
1.715000e-01	-3.341781e+00	-5.514185e-01
1.720000e-01	-3.363925e+00	-5.393796e-01
1.725000e-01	-3.385506e+00	-5.270921e-01
1.730000e-01	-3.406631e+00	-5.148208e-01
1.735000e-01	-3.427465e+00	-5.026723e-01
1.740000e-01	-3.448184e+00	-4.906315e-01
1.745000e-01	-3.468921e+00	-4.786462e-01
1.750000e-01	-3.489730e+00	-4.667170e-01
1.755000e-01	-3.510582e+00	-4.549519e-01
1.760000e-01	-3.531393e+00	-4.435642e-01
1.765000e-01	-3.552075e+00	-4.328069e-01
1.770000e-01	-3.572579e+00	-4.228876e-01
1.775000e-01	-3.592924e+00	-4.138781e-01
1.780000e-01	-3.613185e+00	-4.056950e-01
1.785000e-01	-3.633462e+00	-3.981234e-01
1.790000e-01	-3.653828e+00	-3.908917e-01
1.795000e-01	-3.674297e+00	-3.837659e-01
1.800000e-01	-3.694808e+00	-3.766243e-01
1.805000e-01	-3.715246e+00	-3.694836e-01
1.810000e-01	-3.735486e+00	-3.624705e-01
1.815000e-01	-3.755440e+00	-3.557539e-01
1.820000e-01	-3.775088e+00	-3.494686e-01
1.825000e-01	-3.794482e+00	-3.436625e-01
1.830000e-01	-3.813726e+00	-3.382891e-01
1.835000e-01	-3.832923e+00	-3.332467e-01
1.840000e-01	-3.852137e+00	-3.284441e-01
1.845000e-01	-3.871365e+00	-3.238638e-01
1.850000e-01	-3.890541e+00	-3.195973e-01
1.855000e-01	-3.909568e+00	-3.158178e-01
1.860000e-01	-3.928358e+00	-3.127518e-01
1.865000e-01	-3.946879e+00	-3.105669e-01
1.870000e-01	-3.965164e+00	-3.093489e-01
1.875000e-01	-3.983292e+00	-3.090660e-01
1.880000e-01	-4.001377e+00	-3.095704e-01
1.885000e-01	-4.019493e+00	-3.106822e-01
1.890000e-01	-4.037667e+00	-3.122337e-01
1.895000e-01	-4.055847e+00	-3.141306e-01
1.900000e-01	-4.073934e+00	-3.163794e-01
1.905000e-01	-4.091822e+00	-3.190577e-01
1.910000e-01	-4.109449e+00	-3.222595e-01
1.915000e-01	-4.126823e+00	-3.260387e-01
1.920000e-01	-4.144027e+00	-3.303768e-01
1.925000e-01	-4.161181e+00	-3.351894e-01
1.930000e-01	-4.178403e+00	-3.403676e-01
1.935000e-01	-4.195761e+00	-3.458376e-01
1.940000e-01	-4.213254e+00	-3.516080e-01
1.945000e-01	-4.230821e+00	-3.577788e-01
1.950000e-01	-4.248377e+00	-3.645170e-01
1.955000e-01	-4.265859e+00	-3.720046e-01
1.960000e-01	-4.283255e+00	-3.803779e-01
1.965000e-01	-4.300613e+00	-3.896877e-01
1.970000e-01	-4.318017e+00	-3.998882e-01
1.975000e-01	-4.335547e+00	-4.108578e-01
1.980000e-01	-4.353234e+00	-4.224424e-01
1.985000e-01	-4.371034e+00	-4.344987e-01
1.990000e-01	-4.388825e+00	-4.469188e-01
1.995000e-01	-4.406439e+00	-4.596270e-01
2.000000e-01	-4.423703e+00	-4.725523e-01
2.005000e-01	-4.440483e+00	-4.855906e-01
2.010000e-01	-4.456699e+00	-4.985749e-01
2.015000e-01	-4.472243e+00	-5.112120e-01
2.020000e-01	-4.486965e+00	-5.231265e-01
2.025000e-01	-4.500728e+00	-5.339701e-01
2.030000e-01	-4.513384e+00	-5.434790e-01
2.035000e-01	-4.524764e+00	-5.515079e-01
2.040000e-01	-4.534698e+00	-5.580337e-01
2.045000e-01	-4.543054e+00	-5.631280e-01
2.050000e-01	-4.549773e+00	-5.669156e-01
2.055000e-01	-4.554900e+00	-5.695353e-01
2.060000e-01	-4.558588e+00	-5.711191e-01
2.065000e-01	-4.561069e+00	-5.717947e-01
2.070000e-01	-4.562613e+00	-5.717053e-01
2.075000e-01	-4.563483e+00	-5.710332e-01
2.080000e-01	-4.563898e+00	-5.700094e-01
2.085000e-01	-4.564026e+00	-5.688974e-01
2.090000e-01	-4.563962e+00	-5.679408e-01
2.095000e-01	-4.563726e+00	-5.672957e-01
2.100000e-01	-4.563277e+00	-5.669883e-01
2.105000e-01	-4.562547e+00	-5.669182e-01
2.110000e-01	-4.561482e+00	-5.669051e-01
2.115000e-01	-4.560068e+00	-5.667618e-01
2.120000e-01	-4.558342e+00	-5.663627e-01
2.125000e-01	-4.556377e+00	-5.656823e-01
2.130000e-01	-4.554258e+00	-5.647899e-01
2.135000e-01	-4.552049e+00	-5.638067e-01
2.140000e-01	-4.549774e+00	-5.628432e-01
2.145000e-01	-4.547412e+00	-5.619502e-01
2.150000e-01	-4.544906e+00	-5.610992e-01
2.155000e-01	-4.542189e+00	-5.602039e-01
2.160000e-01	-4.539206e+00	-5.591736e-01
2.165000e-01	-4.535933e+00	-5.579685e-01
2.170000e-01	-4.532387e+00	-5.566403e-01
2.175000e-01	-4.528612e+00	-5.553344e-01
2.180000e-01	-4.524672e+00	-5.542552e-01
2.185000e-01	-4.520620e+00	-5.536041e-01
2.190000e-01	-4.516487e+00	-5.535160e-01
2.195000e-01	-4.512269e+00	-5.540200e-01
2.200000e-01	-4.507926e+00	-5.550497e-01
2.205000e-01	-4.503364e+00	-5.565598e-01
2.210000e-01	-4.498474e+00	-5.585252e-01
2.215000e-01	-4.493168e+00	-5.609317e-01
2.220000e-01	-4.487393e+00	-5.638066e-01
2.225000e-01	-4.481130e+00	-5.672216e-01
2.230000e-01	-4.474386e+00	-5.712656e-01
2.235000e-01	-4.467176e+00	-5.760004e-01
2.240000e-01	-4.459508e+00	-5.814192e-01
2.245000e-01	-4.451376e+00	-5.874281e-01
2.250000e-01	-4.442755e+00	-5.938595e-01
2.255000e-01	-4.433617e+00	-6.005135e-01
2.260000e-01	-4.423943e+00	-6.072152e-01
2.265000e-01	-4.413743e+00	-6.138629e-01
2.270000e-01	-4.403065e+00	-6.204525e-01
2.275000e-01	-4.392001e+00	-6.270681e-01
2.280000e-01	-4.380673e+00	-6.338454e-01
2.285000e-01	-4.369219e+00	-6.409221e-01
2.290000e-01	-4.357773e+00	-6.483958e-01
2.295000e-01	-4.346437e+00	-6.563181e-01
2.300000e-01	-4.335269e+00	-6.647351e-01
2.305000e-01	-4.324279e+00	-6.737332e-01
2.310000e-01	-4.313440e+00	-6.834599e-01
2.315000e-01	-4.302723e+00	-6.941078e-01
2.320000e-01	-4.292123e+00	-7.058666e-01
2.325000e-01	-4.281677e+00	-7.188626e-01
2.330000e-01	-4.271455e+00	-7.331116e-01
2.335000e-01	-4.261548e+00	-7.485064e-01
2.340000e-01	-4.252043e+00	-7.648185e-01
2.345000e-01	-4.243069e+00	-7.816923e-01
2.350000e-01	-4.234714e+00	-7.987645e-01
2.355000e-01	-4.227057e+00	-8.156968e-01
2.360000e-01	-4.220249e+00	-8.321437e-01
2.365000e-01	-4.214442e+00	-8.478395e-01
2.370000e-01	-4.209777e+00	-8.625952e-01
2.375000e-01	-4.206380e+00	-8.762800e-01
2.380000e-01	-4.204331e+00	-8.888146e-01
2.385000e-01	-4.203625e+00	-9.001807e-01
2.390000e-01	-4.204143e+00	-9.104413e-01
2.395000e-01	-4.205638e+00	-9.197588e-01
2.400000e-01	-4.207748e+00	-9.283959e-01
2.405000e-01	-4.210046e+00	-9.366908e-01
2.410000e-01	-4.212090e+00	-9.450074e-01
2.415000e-01	-4.213507e+00	-9.536484e-01
2.420000e-01	-4.214110e+00	-9.627366e-01
2.425000e-01	-4.213955e+00	-9.721394e-01
2.430000e-01	-4.213295e+00	-9.814973e-01
2.435000e-01	-4.212456e+00	-9.903341e-01
2.440000e-01	-4.211678e+00	-9.982059e-01
2.445000e-01	-4.210998e+00	-1.004823e+00
2.450000e-01	-4.210226e+00	-1.010097e+00
2.455000e-01	-4.209011e+00	-1.014093e+00
2.460000e-01	-4.206982e+00	-1.016923e+00
2.465000e-01	-4.203892e+00	-1.018639e+00
2.470000e-01	-4.199713e+00	-1.019154e+00
2.475000e-01	-4.194641e+00	-1.018260e+00
2.480000e-01	-4.189010e+00	-1.015707e+00
2.485000e-01	-4.183156e+00	-1.011328e+00
2.490000e-01	-4.177289e+00	-1.005142e+00
2.495000e-01	-4.171423e+00	-9.973998e-01
2.500000e-01	-4.165398e+00	-9.885445e-01
2.505000e-01	-4.158985e+00	-9.790862e-01
2.510000e-01	-4.152009e+00	-9.694948e-01
2.515000e-01	-4.144456e+00	-9.601064e-01
2.520000e-01	-4.136513e+00	-9.510919e-01
2.525000e-01	-4.128525e+00	-9.425003e-01
2.530000e-01	-4.120896e+00	-9.343479e-01
2.535000e-01	-4.113953e+00	-9.267110e-01
2.540000e-01	-4.107853e+00	-9.198988e-01
2.545000e-01	-4.102536e+00	-9.143431e-01
2.550000e-01	-4.097814e+00	-9.104649e-01
2.555000e-01	-4.093455e+00	-9.086211e-01
2.560000e-01	-4.089306e+00	-9.090205e-01
2.565000e-01	-4.085367e+00	-9.116818e-01
2.570000e-01	-4.081804e+00	-9.164444e-01
2.575000e-01	-4.078887e+00	-9.230258e-01
2.580000e-01	-4.076892e+00	-9.311038e-01
2.585000e-01	-4.075997e+00	-9.403924e-01
2.590000e-01	-4.076225e+00	-9.506852e-01
2.595000e-01	-4.077452e+00	-9.618519e-01
2.600000e-01	-4.079471e+00	-9.737997e-01
2.605000e-01	-4.082096e+00	-9.864202e-01
2.610000e-01	-4.085236e+00	-9.995615e-01
2.615000e-01	-4.088924e+00	-1.013071e+00
2.620000e-01	-4.093277e+00	-1.026867e+00
2.625000e-01	-4.098417e+00	-1.040983e+00
2.630000e-01	-4.104401e+00	-1.055558e+00
2.635000e-01	-4.111170e+00	-1.070777e+00
2.640000e-01	-4.118547e+00	-1.086786e+00
2.645000e-01	-4.126281e+00	-1.103604e+00
2.650000e-01	-4.134122e+00	-1.121081e+00
2.655000e-01	-4.141881e+00	-1.138904e+00
2.660000e-01	-4.149473e+00	-1.156669e+00
2.665000e-01	-4.156904e+00	-1.173955e+00
2.670000e-01	-4.164228e+00	-1.190408e+00
2.675000e-01	-4.171480e+00	-1.205784e+00
2.680000e-01	-4.178632e+00	-1.219922e+00
2.685000e-01	-4.185576e+00	-1.232704e+00
2.690000e-01	-4.192143e+00	-1.243991e+00
2.695000e-01	-4.198155e+00	-1.253593e+00
2.700000e-01	-4.203483e+00	-1.261271e+00
2.705000e-01	-4.208089e+00	-1.266789e+00
2.710000e-01	-4.212038e+00	-1.269984e+00
2.715000e-01	-4.215472e+00	-1.270832e+00
2.720000e-01	-4.218572e+00	-1.269497e+00
2.725000e-01	-4.221489e+00	-1.266288e+00
2.730000e-01	-4.224332e+00	-1.261651e+00
2.735000e-01	-4.227143e+00	-1.256006e+00
2.740000e-01	-4.229928e+00	-1.249756e+00
2.745000e-01	-4.232694e+00	-1.243161e+00
2.750000e-01	-4.235487e+00	-1.236422e+00
2.755000e-01	-4.238411e+00	-1.229650e+00
2.760000e-01	-4.241624e+00	-1.222954e+00
2.765000e-01	-4.245306e+00	-1.216474e+00
2.770000e-01	-4.249628e+00	-1.210406e+00
2.775000e-01	-4.254694e+00	-1.204941e+00
2.780000e-01	-4.260550e+00	-1.200250e+00
2.785000e-01	-4.267181e+00	-1.196395e+00
2.790000e-01	-4.274527e+00	-1.193316e+00
2.795000e-01	-4.282539e+00	-1.190833e+00
2.800000e-01	-4.291195e+00	-1.188681e+00
2.805000e-01	-4.300515e+00	-1.186619e+00
2.810000e-01	-4.310556e+00	-1.184459e+00
2.815000e-01	-4.321378e+00	-1.182135e+00
2.820000e-01	-4.333033e+00	-1.179695e+00
2.825000e-01	-4.345528e+00	-1.177264e+00
2.830000e-01	-4.358822e+00	-1.174991e+00
2.835000e-01	-4.372851e+00	-1.172986e+00
2.840000e-01	-4.387528e+00	-1.171304e+00
2.845000e-01	-4.402800e+00	-1.169945e+00
2.850000e-01	-4.418635e+00	-1.168904e+00
2.855000e-01	-4.435030e+00	-1.168197e+00
2.860000e-01	-4.452000e+00	-1.167895e+00
2.865000e-01	-4.469558e+00	-1.168121e+00
2.870000e-01	-4.487703e+00	-1.169029e+00
2.875000e-01	-4.506400e+00	-1.170759e+00
2.880000e-01	-4.525589e+00	-1.173387e+00
2.885000e-01	-4.545196e+00	-1.176907e+00
2.890000e-01	-4.565123e+00	-1.181189e+00
2.895000e-01	-4.585270e+00	-1.186057e+00
2.900000e-01	-4.605538e+00	-1.191389e+00
2.905000e-01	-4.625886e+00	-1.197008e+00
2.910000e-01	-4.646326e+00	-1.202711e+00
2.915000e-01	-4.666897e+00	-1.208317e+00
2.920000e-01	-4.687636e+00	-1.213692e+00
2.925000e-01	-4.708548e+00	-1.218765e+00
2.930000e-01	-4.729602e+00	-1.223534e+00
2.935000e-01	-4.750731e+00	-1.228050e+00
2.940000e-01	-4.771862e+00	-1.232396e+00
2.945000e-01	-4.792939e+00	-1.236664e+00
2.950000e-01	-4.813947e+00	-1.240945e+00
2.955000e-01	-4.834914e+00	-1.245327e+00
2.960000e-01	-4.855893e+00	-1.249903e+00
2.965000e-01	-4.876942e+00	-1.254776e+00
2.970000e-01	-4.898091e+00	-1.260059e+00
2.975000e-01	-4.919333e+00	-1.265861e+00
2.980000e-01	-4.940616e+00	-1.272263e+00
2.985000e-01	-4.961863e+00	-1.279289e+00
2.990000e-01	-4.982991e+00	-1.286883e+00
2.995000e-01	-5.003939e+00	-1.294900e+00
3.000000e-01	-5.024673e+00	-1.303114e+00
3.005000e-01	-5.045187e+00	-1.311243e+00
3.010000e-01	-5.065485e+00	-1.318985e+00
3.015000e-01	-5.085562e+00	-1.326049e+00
3.020000e-01	-5.105384e+00	-1.332195e+00
3.025000e-01	-5.124872e+00	-1.337256e+00
3.030000e-01	-5.143916e+00	-1.341131e+00
3.035000e-01	-5.162395e+00	-1.343761e+00
3.040000e-01	-5.180213e+00	-1.345088e+00
3.045000e-01	-5.197318e+00	-1.345033e+00
3.050000e-01	-5.213717e+00	-1.343496e+00
3.055000e-01	-5.229460e+00	-1.340381e+00
3.060000e-01	-5.244600e+00	-1.335685e+00
3.065000e-01	-5.259145e+00	-1.329595e+00
3.070000e-01	-5.273075e+00	-1.322393e+00
3.075000e-01	-5.286351e+00	-1.314413e+00
3.080000e-01	-5.298924e+00	-1.305999e+00
3.085000e-01	-5.310749e+00	-1.297472e+00
3.090000e-01	-5.321801e+00	-1.289104e+00
3.095000e-01	-5.332079e+00	-1.281106e+00
3.100000e-01	-5.341602e+00	-1.273636e+00
3.105000e-01	-5.350401e+00	-1.266808e+00
3.110000e-01	-5.358505e+00	-1.260706e+00
3.115000e-01	-5.365931e+00	-1.255386e+00
3.120000e-01	-5.372688e+00	-1.250872e+00
3.125000e-01	-5.378777e+00	-1.247144e+00
3.130000e-01	-5.384208e+00	-1.244134e+00
3.135000e-01	-5.389009e+00	-1.241724e+00
3.140000e-01	-5.393236e+00	-1.239759e+00
3.145000e-01	-5.396968e+00	-1.238073e+00
3.150000e-01	-5.400305e+00	-1.236520e+00
3.155000e-01	-5.403354e+00	-1.234999e+00
3.160000e-01	-5.406225e+00	-1.233476e+00
3.165000e-01	-5.409022e+00	-1.231979e+00
3.170000e-01	-5.411846e+00	-1.230585e+00
3.175000e-01	-5.414801e+00	-1.229399e+00
3.180000e-01	-5.418004e+00	-1.228529e+00
3.185000e-01	-5.421582e+00	-1.228073e+00
3.190000e-01	-5.425659e+00	-1.228139e+00
3.195000e-01	-5.430342e+00	-1.228879e+00
3.200000e-01	-5.435696e+00	-1.230504e+00
3.205000e-01	-5.441751e+00	-1.233256e+00
3.210000e-01	-5.448508e+00	-1.237360e+00
3.215000e-01	-5.455962e+00	-1.242960e+00
3.220000e-01	-5.464115e+00	-1.250078e+00
3.225000e-01	-5.472983e+00	-1.258593e+00
3.230000e-01	-5.482588e+00	-1.268276e+00
3.235000e-01	-5.492944e+00	-1.278839e+00
3.240000e-01	-5.504032e+00	-1.290002e+00
3.245000e-01	-5.515796e+00	-1.301530e+00
3.250000e-01	-5.528140e+00	-1.313258e+00
3.255000e-01	-5.540945e+00	-1.325063e+00
3.260000e-01	-5.554087e+00	-1.336832e+00
3.265000e-01	-5.567464e+00	-1.348428e+00
3.270000e-01	-5.581006e+00	-1.359674e+00
3.275000e-01	-5.594670e+00	-1.370367e+00
3.280000e-01	-5.608432e+00	-1.380316e+00
3.285000e-01	-5.622262e+00	-1.389395e+00
3.290000e-01	-5.636114e+00	-1.397562e+00
3.295000e-01	-5.649914e+00	-1.404869e+00
3.300000e-01	-5.663573e+00	-1.411429e+00
3.305000e-01	-5.677000e+00	-1.417372e+00
3.310000e-01	-5.690120e+00	-1.422792e+00
3.315000e-01	-5.702889e+00	-1.427711e+00
3.320000e-01	-5.715292e+00	-1.432072e+00
3.325000e-01	-5.727333e+00	-1.435764e+00
3.330000e-01	-5.739020e+00	-1.438652e+00
3.335000e-01	-5.750343e+00	-1.440625e+00
3.340000e-01	-5.761272e+00	-1.441605e+00
3.345000e-01	-5.771756e+00	-1.441560e+00
3.350000e-01	-5.781738e+00	-1.440472e+00
3.355000e-01	-5.791180e+00	-1.438319e+00
3.360000e-01	-5.800072e+00	-1.435041e+00
3.365000e-01	-5.808441e+00	-1.430566e+00
3.370000e-01	-5.816360e+00	-1.424797e+00
3.375000e-01	-5.823914e+00	-1.417681e+00
3.380000e-01	-5.831204e+00	-1.409240e+00
3.385000e-01	-5.838313e+00	-1.399587e+00
3.390000e-01	-5.845323e+00	-1.388969e+00
3.395000e-01	-5.852299e+00	-1.377660e+00
3.400000e-01	-5.859317e+00	-1.365984e+00
3.405000e-01	-5.866468e+00	-1.354264e+00
3.410000e-01	-5.873867e+00	-1.342797e+00
3.415000e-01	-5.881646e+00	-1.331845e+00
3.420000e-01	-5.889944e+00	-1.321622e+00
3.425000e-01	-5.898898e+00	-1.312334e+00
3.430000e-01	-5.908636e+00	-1.304201e+00
3.435000e-01	-5.919233e+00	-1.297421e+00
3.440000e-01	-5.930730e+00	-1.292198e+00
3.445000e-01	-5.943137e+00	-1.288685e+00
3.450000e-01	-5.956448e+00	-1.286977e+00
3.455000e-01	-5.970656e+00	-1.287066e+00
3.460000e-01	-5.985756e+00	-1.288867e+00
3.465000e-01	-6.001745e+00	-1.292228e+00
3.470000e-01	-6.018613e+00	-1.296955e+00
3.475000e-01	-6.036345e+00	-1.302866e+00
3.480000e-01	-6.054891e+00	-1.309754e+00
3.485000e-01	-6.074173e+00	-1.317481e+00
3.490000e-01	-6.094072e+00	-1.325930e+00
3.495000e-01	-6.114285e+00	-1.334887e+00
3.500000e-01	-6.134468e+00	-1.344099e+00
3.505000e-01	-6.154320e+00	-1.353331e+00
3.510000e-01	-6.173608e+00	-1.362370e+00
3.515000e-01	-6.192172e+00	-1.371057e+00
3.520000e-01	-6.209920e+00	-1.379312e+00
3.525000e-01	-6.226823e+00	-1.387149e+00
3.530000e-01	-6.242910e+00	-1.394682e+00
3.535000e-01	-6.258259e+00	-1.402096e+00
3.540000e-01	-6.272997e+00	-1.409614e+00
3.545000e-01	-6.287292e+00	-1.417442e+00
3.550000e-01	-6.301347e+00	-1.425736e+00
3.555000e-01	-6.315376e+00	-1.434570e+00
3.560000e-01	-6.329566e+00	-1.443923e+00
3.565000e-01	-6.344001e+00	-1.453652e+00
3.570000e-01	-6.358605e+00	-1.463486e+00
3.575000e-01	-6.373147e+00	-1.473061e+00
3.580000e-01	-6.387303e+00	-1.481977e+00
3.585000e-01	-6.400758e+00	-1.489868e+00
3.590000e-01	-6.413298e+00	-1.496458e+00
3.595000e-01	-6.424867e+00	-1.501579e+00
3.600000e-01	-6.435562e+00	-1.505170e+00
3.605000e-01	-6.445572e+00	-1.507237e+00
3.610000e-01	-6.455092e+00	-1.507821e+00
3.615000e-01	-6.464240e+00	-1.506966e+00
3.620000e-01	-6.473011e+00	-1.504708e+00
3.625000e-01	-6.481287e+00	-1.501097e+00
3.630000e-01	-6.488900e+00	-1.496220e+00
3.635000e-01	-6.495714e+00	-1.490231e+00
3.640000e-01	-6.501698e+00	-1.483364e+00
3.645000e-01	-6.506967e+00	-1.475922e+00
3.650000e-01	-6.511758e+00	-1.468246e+00
3.655000e-01	-6.516371e+00	-1.460666e+00
3.660000e-01	-6.521017e+00	-1.453566e+00
3.665000e-01	-6.525712e+00	-1.447414e+00
3.670000e-01	-6.530349e+00	-1.442529e+00
3.675000e-01	-6.534742e+00	-1.439048e+00
3.680000e-01	-6.538683e+00	-1.436971e+00
3.685000e-01	-6.542017e+00	-1.436208e+00
3.690000e-01	-6.544692e+00	-1.436643e+00
3.695000e-01	-6.546780e+00	-1.438161e+00
3.700000e-01	-6.548460e+00	-1.440658e+00
3.705000e-01	-6.549956e+00	-1.444019e+00
3.710000e-01	-6.551479e+00	-1.448084e+00
3.715000e-01	-6.553174e+00	-1.452628e+00
3.720000e-01	-6.555104e+00	-1.457367e+00
3.725000e-01	-6.557268e+00	-1.461996e+00
3.730000e-01	-6.559647e+00	-1.466248e+00
3.735000e-01	-6.562246e+00	-1.469981e+00
3.740000e-01	-6.565101e+00	-1.473268e+00
3.745000e-01	-6.568273e+00	-1.476428e+00
3.750000e-01	-6.571836e+00	-1.479953e+00
3.755000e-01	-6.575865e+00	-1.484373e+00
3.760000e-01	-6.580419e+00	-1.490104e+00
3.765000e-01	-6.585537e+00	-1.497336e+00
3.770000e-01	-6.591223e+00	-1.506006e+00
3.775000e-01	-6.597448e+00	-1.515867e+00
3.780000e-01	-6.604146e+00	-1.526593e+00
3.785000e-01	-6.611235e+00	-1.537906e+00
3.790000e-01	-6.618627e+00	-1.549636e+00
3.795000e-01	-6.626245e+00	-1.561723e+00
3.800000e-01	-6.634037e+00	-1.574141e+00
3.805000e-01	-6.641996e+00	-1.586779e+00
3.810000e-01	-6.650247e+00	-1.599276e+00
3.815000e-01	-6.658998e+00	-1.611034e+00
3.820000e-01	-6.668401e+00	-1.621381e+00
3.825000e-01	-6.678520e+00	-1.629707e+00
3.830000e-01	-6.689330e+00	-1.635601e+00
3.835000e-01	-6.700732e+00	-1.638944e+00
3.840000e-01	-6.712584e+00	-1.639920e+00
3.845000e-01	-6.724728e+00	-1.638959e+00
3.850000e-01	-6.737015e+00	-1.636612e+00
3.855000e-01	-6.749301e+00	-1.633431e+00
3.860000e-01	-6.761447e+00	-1.629873e+00
3.865000e-01	-6.773319e+00	-1.626252e+00
3.870000e-01	-6.784840e+00	-1.622709e+00
3.875000e-01	-6.796041e+00	-1.619244e+00
3.880000e-01	-6.807061e+00	-1.615791e+00
3.885000e-01	-6.818097e+00	-1.612318e+00
3.890000e-01	-6.829338e+00	-1.608883e+00
3.895000e-01	-6.840899e+00	-1.605642e+00
3.900000e-01	-6.852789e+00	-1.602789e+00
3.905000e-01	-6.864925e+00	-1.600461e+00
3.910000e-01	-6.877183e+00	-1.598653e+00
3.915000e-01	-6.889459e+00	-1.597190e+00
3.920000e-01	-6.901719e+00	-1.595752e+00
3.925000e-01	-6.914013e+00	-1.593970e+00
3.930000e-01	-6.926453e+00	-1.591542e+00
3.935000e-01	-6.939161e+00	-1.588327e+00
3.940000e-01	-6.952222e+00	-1.584384e+00
3.945000e-01	-6.965652e+00	-1.579936e+00
3.950000e-01	-6.979404e+00	-1.575287e+00
3.955000e-01	-6.993401e+00	-1.570731e+00
3.960000e-01	-7.007580e+00	-1.566470e+00
3.965000e-01	-7.021935e+00	-1.562602e+00
3.970000e-01	-7.036526e+00	-1.559155e+00
3.975000e-01	-7.051464e+00	-1.556164e+00
3.980000e-01	-7.066872e+00	-1.553741e+00
3.985000e-01	-7.082834e+00	-1.552101e+00
3.990000e-01	-7.099373e+00	-1.551541e+00
3.995000e-01	-7.116450e+00	-1.552366e+00
4.000000e-01	-7.133980e+00	-1.554797e+00
4.005000e-01	-7.151872e+00	-1.558892e+00
4.010000e-01	-7.170062e+00	-1.564520e+00
4.015000e-01	-7.188526e+00	-1.571382e+00
4.020000e-01	-7.207278e+00	-1.579096e+00
4.025000e-01	-7.226337e+00	-1.587292e+00
4.030000e-01	-7.245696e+00	-1.595653e+00
4.035000e-01	-7.265303e+00	-1.604004e+00
4.040000e-01	-7.285042e+00	-1.612244e+00
4.045000e-01	-7.304778e+00	-1.620315e+00
4.050000e-01	-7.324363e+00	-1.628127e+00
4.055000e-01	-7.343699e+00	-1.635548e+00
4.060000e-01	-7.362722e+00	-1.642357e+00
4.065000e-01	-7.381431e+00	-1.648340e+00
4.070000e-01	-7.399849e+00	-1.653328e+00
4.075000e-01	-7.417999e+00	-1.657265e+00
4.080000e-01	-7.435863e+00	-1.660258e+00
4.085000e-01	-7.453391e+00	-1.662497e+00
4.090000e-01	-7.470487e+00	-1.664278e+00
4.095000e-01	-7.487060e+00	-1.665845e+00
4.100000e-01	-7.503042e+00	-1.667368e+00
4.105000e-01	-7.518414e+00	-1.668885e+00
4.110000e-01	-7.533208e+00	-1.670327e+00
4.115000e-01	-7.547478e+00	-1.671574e+00
4.120000e-01	-7.561289e+00	-1.672483e+00
4.125000e-01	-7.574669e+00	-1.672970e+00
4.130000e-01	-7.587597e+00	-1.673008e+00
4.135000e-01	-7.600017e+00	-1.672608e+00
4.140000e-01	-7.611849e+00	-1.671771e+00
4.145000e-01	-7.623049e+00	-1.670449e+00
4.150000e-01	-7.633608e+00	-1.668535e+00
4.155000e-01	-7.643568e+00	-1.665872e+00
4.160000e-01	-7.653016e+00	-1.662293e+00
4.165000e-01	-7.662063e+00	-1.657678e+00
4.170000e-01	-7.670814e+00	-1.651999e+00
4.175000e-01	-7.679349e+00	-1.645349e+00
4.180000e-01	-7.687715e+00	-1.637940e+00
4.185000e-01	-7.695935e+00	-1.630066e+00
4.190000e-01	-7.704024e+00	-1.622044e+00
4.195000e-01	-7.712014e+00	-1.614190e+00
4.200000e-01	-7.719984e+00	-1.606793e+00
4.205000e-01	-7.728065e+00	-1.600058e+00
4.210000e-01	-7.736419e+00	-1.594143e+00
4.215000e-01	-7.745207e+00	-1.589203e+00
4.220000e-01	-7.754552e+00	-1.585418e+00
4.225000e-01	-7.764515e+00	-1.582993e+00
4.230000e-01	-7.775099e+00	-1.582126e+00
4.235000e-01	-7.786263e+00	-1.582966e+00
4.240000e-01	-7.797959e+00	-1.585561e+00
4.245000e-01	-7.810161e+00	-1.589832e+00
4.250000e-01	-7.822877e+00	-1.595584e+00
4.255000e-01	-7.836144e+00	-1.602547e+00
4.260000e-01	-7.850003e+00	-1.610429e+00
4.265000e-01	-7.864470e+00	-1.618972e+00
4.270000e-01	-7.879509e+00	-1.627983e+00
4.275000e-01	-7.895029e+00	-1.637329e+00
4.280000e-01	-7.910897e+00	-1.646911e+00
4.285000e-01	-7.926972e+00	-1.656635e+00
4.290000e-01	-7.943132e+00	-1.666380e+00
4.295000e-01	-7.959301e+00	-1.676000e+00
4.300000e-01	-7.975446e+00	-1.685345e+00
4.305000e-01	-7.991560e+00	-1.694294e+00
4.310000e-01	-8.007640e+00	-1.702788e+00
4.315000e-01	-8.023652e+00	-1.710845e+00
4.320000e-01	-8.039519e+00	-1.718542e+00
4.325000e-01	-8.055123e+00	-1.725980e+00
4.330000e-01	-8.070330e+00	-1.733225e+00
4.335000e-01	-8.085014e+00	-1.740283e+00
4.340000e-01	-8.099082e+00	-1.747077e+00
4.345000e-01	-8.112483e+00	-1.753466e+00
4.350000e-01	-8.125205e+00	-1.759268e+00
4.355000e-01	-8.137254e+00	-1.764310e+00
4.360000e-01	-8.148632e+00	-1.768446e+00
4.365000e-01	-8.159320e+00	-1.771580e+00
4.370000e-01	-8.169270e+00	-1.773643e+00
4.375000e-01	-8.178426e+00	-1.774585e+00
4.380000e-01	-8.186726e+00	-1.774334e+00
4.385000e-01	-8.194152e+00	-1.772809e+00
4.390000e-01	-8.200728e+00	-1.769928e+00
4.395000e-01	-8.206531e+00	-1.765633e+00
4.400000e-01	-8.211682e+00	-1.759937e+00
4.405000e-01	-8.216311e+00	-1.752945e+00
4.410000e-01	-8.220555e+00	-1.744879e+00
4.415000e-01	-8.224517e+00	-1.736002e+00
4.420000e-01	-8.228294e+00	-1.726681e+00
4.425000e-01	-8.231962e+00	-1.717271e+00
4.430000e-01	-8.235589e+00	-1.708056e+00
4.435000e-01	-8.239272e+00	-1.699325e+00
4.440000e-01	-8.243115e+00	-1.691281e+00
4.445000e-01	-8.247249e+00	-1.684128e+00
4.450000e-01	-8.251805e+00	-1.678051e+00
4.455000e-01	-8.256897e+00	-1.673239e+00
4.460000e-01	-8.262604e+00	-1.669873e+00
4.465000e-01	-8.268963e+00	-1.668102e+00
4.470000e-01	-8.275967e+00	-1.668017e+00
4.475000e-01	-8.283582e+00	-1.669615e+00
4.480000e-01	-8.291774e+00	-1.672797e+00
4.485000e-01	-8.300512e+00	-1.677383e+00
4.490000e-01	-8.309783e+00	-1.683154e+00
4.495000e-01	-8.319579e+00	-1.689898e+00
4.500000e-01	-8.329891e+00	-1.697446e+00
4.505000e-01	-8.340689e+00	-1.705687e+00
4.510000e-01	-8.351923e+00	-1.714554e+00
4.515000e-01	-8.363516e+00	-1.724001e+00
4.520000e-01	-8.375378e+00	-1.733975e+00
4.525000e-01	-8.387415e+00	-1.744391e+00
4.530000e-01	-8.399543e+00	-1.755138e+00
4.535000e-01	-8.411694e+00	-1.766098e+00
4.540000e-01	-8.423815e+00	-1.777171e+00
4.545000e-01	-8.435856e+00	-1.788297e+00
4.550000e-01	-8.447765e+00	-1.799465e+00
4.555000e-01	-8.459476e+00	-1.810694e+00
4.560000e-01	-8.470904e+00	-1.822000e+00
4.565000e-01	-8.481952e+00	-1.833356e+00
4.570000e-01	-8.492516e+00	-1.844674e+00
4.575000e-01	-8.502495e+00	-1.855793e+00
4.580000e-01	-8.511798e+00	-1.866494e+00
4.585000e-01	-8.520346e+00	-1.876539e+00
4.590000e-01	-8.528078e+00	-1.885700e+00
4.595000e-01	-8.534941e+00	-1.893792e+00
4.600000e-01	-8.540893e+00	-1.900678e+00
4.605000e-01	-8.545899e+00	-1.906267e+00
4.610000e-01	-8.549930e+00	-1.910489e+00
4.615000e-01	-8.552968e+00	-1.913286e+00
4.620000e-01	-8.555015e+00	-1.914597e+00
4.625000e-01	-8.556087e+00	-1.914379e+00
4.630000e-01	-8.556230e+00	-1.912618e+00
4.635000e-01	-8.555505e+00	-1.909361e+00
4.640000e-01	-8.554002e+00	-1.904745e+00
4.645000e-01	-8.551814e+00	-1.898961e+00
4.650000e-01	-8.549062e+00	-1.892315e+00
4.655000e-01	-8.545864e+00	-1.885120e+00
4.660000e-01	-8.542350e+00	-1.877713e+00
4.665000e-01	-8.538639e+00	-1.870378e+00
4.670000e-01	-8.534868e+00	-1.863387e+00
4.675000e-01	-8.531146e+00	-1.856928e+00
4.680000e-01	-8.527573e+00	-1.851157e+00
4.685000e-01	-8.524265e+00	-1.846252e+00
4.690000e-01	-8.521296e+00	-1.842396e+00
4.695000e-01	-8.518670e+00	-1.839861e+00
4.700000e-01	-8.516416e+00	-1.838839e+00
4.705000e-01	-8.514586e+00	-1.839427e+00
4.710000e-01	-8.513221e+00	-1.841656e+00
4.715000e-01	-8.512346e+00	-1.845488e+00
4.720000e-01	-8.511966e+00	-1.850828e+00
4.725000e-01	-8.512075e+00	-1.857536e+00
4.730000e-01	-8.512673e+00	-1.865445e+00
4.735000e-01	-8.513774e+00	-1.874364e+00
4.740000e-01	-8.515423e+00	-1.884094e+00
4.745000e-01	-8.517687e+00	-1.894438e+00
4.750000e-01	-8.520627e+00	-1.905240e+00
4.755000e-01	-8.524259e+00	-1.916421e+00
4.760000e-01	-8.528533e+00	-1.927988e+00
4.765000e-01	-8.533336e+00	-1.940011e+00
4.770000e-01	-8.538520e+00	-1.952574e+00
4.775000e-01	-8.543940e+00	-1.965718e+00
4.780000e-01	-8.549491e+00	-1.979404e+00
4.785000e-01	-8.555117e+00	-1.993508e+00
4.790000e-01	-8.560801e+00	-2.007840e+00
4.795000e-01	-8.566532e+00	-2.022193e+00
4.800000e-01	-8.572274e+00	-2.036378e+00
4.805000e-01	-8.577938e+00	-2.050242e+00
4.810000e-01	-8.583382e+00	-2.063669e+00
4.815000e-01	-8.588433e+00	-2.076538e+00
4.820000e-01	-8.592922e+00	-2.088698e+00
4.825000e-01	-8.596716e+00	-2.099937e+00
4.830000e-01	-8.599740e+00	-2.109992e+00
4.835000e-01	-8.601979e+00	-2.118583e+00
4.840000e-01	-8.603454e+00	-2.125460e+00
4.845000e-01	-8.604200e+00	-2.130456e+00
4.850000e-01	-8.604239e+00	-2.133518e+00
4.855000e-01	-8.603573e+00	-2.134705e+00
4.860000e-01	-8.602191e+00	-2.134165e+00
4.865000e-01	-8.600093e+00	-2.132090e+00
4.870000e-01	-8.597312e+00	-2.128677e+00
4.875000e-01	-8.593934e+00	-2.124109e+00
4.880000e-01	-8.590097e+00	-2.118554e+00
4.885000e-01	-8.585973e+00	-2.112192e+00
4.890000e-01	-8.581744e+00	-2.105240e+00
4.895000e-01	-8.577575e+00	-2.097974e+00
4.900000e-01	-8.573596e+00	-2.090715e+00
4.905000e-01	-8.569898e+00	-2.083802e+00
4.910000e-01	-8.566554e+00	-2.077546e+00
4.915000e-01	-8.563590e+00	-2.072239e+00
4.920000e-01	-8.560976e+00	-2.068178e+00
4.925000e-01	-8.558686e+00	-2.065577e+00
4.930000e-01	-8.556710e+00	-2.064554e+00
4.935000e-01	-8.555067e+00	-2.065141e+00
4.940000e-01	-8.553797e+00	-2.067288e+00
4.945000e-01	-8.552962e+00	-2.070880e+00
4.950000e-01	-8.552634e+00	-2.075746e+00
4.955000e-01	-8.552892e+00	-2.081675e+00
4.960000e-01	-8.553815e+00	-2.088423e+00
4.965000e-01	-8.555478e+00	-2.095740e+00
4.970000e-01	-8.557939e+00	-2.103404e+00
4.975000e-01	-8.561209e+00	-2.111284e+00
4.980000e-01	-8.565235e+00	-2.119382e+00
4.985000e-01	-8.569907e+00	-2.127826e+00
4.990000e-01	-8.575088e+00	-2.136814e+00
4.995000e-01	-8.580660e+00	-2.146526e+00
5.000000e-01	-8.586541e+00	-2.157020e+00
5.005000e-01	-8.592629e+00	-2.168020e+00
5.010000e-01	-8.598843e+00	-2.179102e+00
5.015000e-01	-8.605122e+00	-2.189860e+00
5.020000e-01	-8.611392e+00	-2.199993e+00
5.025000e-01	-8.617556e+00	-2.209359e+00
5.030000e-01	-8.623501e+00	-2.217984e+00
5.035000e-01	-8.629125e+00	-2.226012e+00
5.040000e-01	-8.634376e+00	-2.233637e+00
5.045000e-01	-8.639275e+00	-2.241025e+00
5.050000e-01	-8.643920e+00	-2.248280e+00
5.055000e-01	-8.648460e+00	-2.255427e+00
5.060000e-01	-8.653050e+00	-2.262436e+00
5.065000e-01	-8.657783e+00	-2.269205e+00
5.070000e-01	-8.662645e+00	-2.275545e+00
5.075000e-01	-8.667506e+00	-2.281194e+00
5.080000e-01	-8.672167e+00	-2.285868e+00
5.085000e-01	-8.676429e+00	-2.289326e+00
5.090000e-01	-8.680171e+00	-2.291435e+00
5.095000e-01	-8.683390e+00	-2.292199e+00
5.100000e-01	-8.686210e+00	-2.291766e+00
5.105000e-01	-8.688839e+00	-2.290392e+00
5.110000e-01	-8.691496e+00	-2.288385e+00
5.115000e-01	-8.694351e+00	-2.286041e+00
5.120000e-01	-8.697471e+00	-2.283599e+00
5.125000e-01	-8.700828e+00	-2.281223e+00
5.130000e-01	-8.704330e+00	-2.279011e+00
5.135000e-01	-8.707888e+00	-2.277031e+00
5.140000e-01	-8.711477e+00	-2.275360e+00
5.145000e-01	-8.715165e+00	-2.274106e+00
5.150000e-01	-8.719106e+00	-2.273419e+00
5.155000e-01	-8.723492e+00	-2.273453e+00
5.160000e-01	-8.728515e+00	-2.274346e+00
5.165000e-01	-8.734282e+00	-2.276152e+00
5.170000e-01	-8.740798e+00	-2.278811e+00
5.175000e-01	-8.747978e+00	-2.282159e+00
5.180000e-01	-8.755689e+00	-2.285963e+00
5.185000e-01	-8.763785e+00	-2.289941e+00
5.190000e-01	-8.772180e+00	-2.293856e+00
5.195000e-01	-8.780879e+00	-2.297566e+00
5.200000e-01	-8.789966e+00	-2.301042e+00
5.205000e-01	-8.799574e+00	-2.304354e+00
5.210000e-01	-8.809821e+00	-2.307630e+00
5.215000e-01	-8.820768e+00	-2.311006e+00
5.220000e-01	-8.832346e+00	-2.314641e+00
5.225000e-01	-8.844411e+00	-2.318635e+00
5.230000e-01	-8.856815e+00	-2.322978e+00
5.235000e-01	-8.869441e+00	-2.327633e+00
5.240000e-01	-8.882218e+00	-2.332604e+00
5.245000e-01	-8.895145e+00	-2.337965e+00
5.250000e-01	-8.908285e+00	-2.343840e+00
5.255000e-01	-8.921746e+00	-2.350347e+00
5.260000e-01	-8.935645e+00	-2.357518e+00
5.265000e-01	-8.950073e+00	-2.365236e+00
5.270000e-01	-8.965070e+00	-2.373209e+00
5.275000e-01	-8.980615e+00	-2.381004e+00
5.280000e-01	-8.996639e+00	-2.388125e+00
5.285000e-01	-9.013036e+00	-2.394133e+00
5.290000e-01	-9.029673e+00	-2.398755e+00
5.295000e-01	-9.046399e+00	-2.401951e+00
5.300000e-01	-9.063061e+00	-2.403884e+00
5.305000e-01	-9.079518e+00	-2.404822e+00
5.310000e-01	-9.095654e+00	-2.405014e+00
5.315000e-01	-9.111408e+00	-2.404564e+00
5.320000e-01	-9.126788e+00	-2.403379e+00
5.325000e-01	-9.141868e+00	-2.401213e+00
5.330000e-01	-9.156750e+00	-2.397787e+00
5.335000e-01	-9.171526e+00	-2.392941e+00
5.340000e-01	-9.186249e+00	-2.386742e+00
5.345000e-01	-9.200926e+00	-2.379506e+00
5.350000e-01	-9.215542e+00	-2.371723e+00
5.355000e-01	-9.230094e+00	-2.363923e+00
5.360000e-01	-9.244586e+00	-2.356589e+00
5.365000e-01	-9.259035e+00	-2.350060e+00
5.370000e-01	-9.273493e+00	-2.344467e+00
5.375000e-01	-9.288032e+00	-2.339754e+00
5.380000e-01	-9.302733e+00	-2.335755e+00
5.385000e-01	-9.317669e+00	-2.332291e+00
5.390000e-01	-9.332897e+00	-2.329251e+00
5.395000e-01	-9.348460e+00	-2.326620e+00
5.400000e-01	-9.364397e+00	-2.324457e+00
5.405000e-01	-9.380755e+00	-2.322829e+00
5.410000e-01	-9.397585e+00	-2.321760e+00
5.415000e-01	-9.414930e+00	-2.321207e+00
5.420000e-01	-9.432803e+00	-2.321069e+00
5.425000e-01	-9.451182e+00	-2.321221e+00
5.430000e-01	-9.470013e+00	-2.321559e+00
5.435000e-01	-9.489224e+00	-2.322038e+00
5.440000e-01	-9.508749e+00	-2.322693e+00
5.445000e-01	-9.528547e+00	-2.323622e+00
5.450000e-01	-9.548614e+00	-2.324958e+00
5.455000e-01	-9.568974e+00	-2.326826e+00
5.460000e-01	-9.589663e+00	-2.329304e+00
5.465000e-01	-9.610700e+00	-2.332402e+00
5.470000e-01	-9.632064e+00	-2.336073e+00
5.475000e-01	-9.653690e+00	-2.340219e+00
5.480000e-01	-9.675528e+00	-2.344685e+00
5.485000e-01	-9.697607e+00	-2.349237e+00
5.490000e-01	-9.719995e+00	-2.353648e+00
5.495000e-01	-9.742782e+00	-2.357720e+00
5.500000e-01	-9.766056e+00	-2.361299e+00
5.505000e-01	-9.789862e+00	-2.364284e+00
5.510000e-01	-9.814170e+00	-2.366615e+00
5.515000e-01	-9.838857e+00	-2.368259e+00
5.520000e-01	-9.863719e+00	-2.369196e+00
5.525000e-01	-9.888498e+00	-2.369415e+00
5.530000e-01	-9.912928e+00	-2.368910e+00
5.535000e-01	-9.936774e+00	-2.367698e+00
5.540000e-01	-9.959877e+00	-2.365812e+00
5.545000e-01	-9.982211e+00	-2.363271e+00
5.550000e-01	-1.000389e+01	-2.360058e+00
5.555000e-01	-1.002514e+01	-2.356132e+00
5.560000e-01	-1.004617e+01	-2.351467e+00
5.565000e-01	-1.006712e+01	-2.346084e+00
5.570000e-01	-1.008802e+01	-2.340081e+00
5.575000e-01	-1.010878e+01	-2.333621e+00
5.580000e-01	-1.012923e+01	-2.326961e+00
5.585000e-01	-1.014916e+01	-2.320456e+00
5.590000e-01	-1.016846e+01	-2.314438e+00
5.595000e-01	-1.018718e+01	-2.309153e+00
5.600000e-01	-1.020546e+01	-2.304731e+00
5.605000e-01	-1.022355e+01	-2.301182e+00
5.610000e-01	-1.024167e+01	-2.298426e+00
5.615000e-01	-1.025998e+01	-2.296328e+00
5.620000e-01	-1.027850e+01	-2.294740e+00
5.625000e-01	-1.029716e+01	-2.293518e+00
5.630000e-01	-1.031585e+01	-2.292532e+00
5.635000e-01	-1.033450e+01	-2.291675e+00
5.640000e-01	-1.035309e+01	-2.290884e+00
5.645000e-01	-1.037169e+01	-2.290168e+00
5.650000e-01	-1.039041e+01	-2.289597e+00
5.655000e-01	-1.040938e+01	-2.289274e+00
5.660000e-01	-1.042866e+01	-2.289297e+00
5.665000e-01	-1.044825e+01	-2.289723e+00
5.670000e-01	-1.046806e+01	-2.290549e+00
5.675000e-01	-1.048799e+01	-2.291723e+00
5.680000e-01	-1.050789e+01	-2.293170e+00
5.685000e-01	-1.052768e+01	-2.294826e+00
5.690000e-01	-1.054736e+01	-2.296666e+00
5.695000e-01	-1.056698e+01	-2.298715e+00
5.700000e-01	-1.058660e+01	-2.301027e+00
5.705000e-01	-1.060629e+01	-2.303654e+00
5.710000e-01	-1.062606e+01	-2.306610e+00
5.715000e-01	-1.064583e+01	-2.309841e+00
5.720000e-01	-1.066549e+01	-2.313219e+00
5.725000e-01	-1.068487e+01	-2.316563e+00
5.730000e-01	-1.070385e+01	-2.319677e+00
5.735000e-01	-1.072234e+01	-2.322388e+00
5.740000e-01	-1.074033e+01	-2.324584e+00
5.745000e-01	-1.075787e+01	-2.326220e+00
5.750000e-01	-1.077502e+01	-2.327302e+00
5.755000e-01	-1.079183e+01	-2.327864e+00
5.760000e-01	-1.080829e+01	-2.327931e+00
5.765000e-01	-1.082436e+01	-2.327497e+00
5.770000e-01	-1.083993e+01	-2.326525e+00
5.775000e-01	-1.085493e+01	-2.324970e+00
5.780000e-01	-1.086931e+01	-2.322809e+00
5.785000e-01	-1.088305e+01	-2.320069e+00
5.790000e-01	-1.089625e+01	-2.316846e+00
5.795000e-01	-1.090900e+01	-2.313297e+00
5.800000e-01	-1.092142e+01	-2.309613e+00
5.805000e-01	-1.093361e+01	-2.305987e+00
5.810000e-01	-1.094561e+01	-2.302569e+00
5.815000e-01	-1.095741e+01	-2.299452e+00
5.820000e-01	-1.096897e+01	-2.296670e+00
5.825000e-01	-1.098026e+01	-2.294220e+00
5.830000e-01	-1.099127e+01	-2.292086e+00
5.835000e-01	-1.100205e+01	-2.290276e+00
5.840000e-01	-1.101267e+01	-2.288830e+00
5.845000e-01	-1.102323e+01	-2.287816e+00
5.850000e-01	-1.103382e+01	-2.287320e+00
5.855000e-01	-1.104449e+01	-2.287402e+00
5.860000e-01	-1.105525e+01	-2.288091e+00
5.865000e-01	-1.106606e+01	-2.289365e+00
5.870000e-01	-1.107684e+01	-2.291158e+00
5.875000e-01	-1.108754e+01	-2.293418e+00
5.880000e-01	-1.109809e+01	-2.296198e+00
5.885000e-01	-1.110845e+01	-2.299552e+00
5.890000e-01	-1.111868e+01	-2.303502e+00
5.895000e-01	-1.112881e+01	-2.308080e+00
5.900000e-01	-1.113888e+01	-2.313320e+00
5.905000e-01	-1.114887e+01	-2.319258e+00
5.910000e-01	-1.115871e+01	-2.325909e+00
5.915000e-01	-1.116828e+01	-2.333240e+00
5.920000e-01	-1.117748e+01	-2.341152e+00
5.925000e-01	-1.118622e+01	-2.349471e+00
5.930000e-01	-1.119447e+01	-2.357965e+00
5.935000e-01	-1.120222e+01	-2.366378e+00
5.940000e-01	-1.120953e+01	-2.374479e+00
5.945000e-01	-1.121642e+01	-2.382121e+00
5.950000e-01	-1.122288e+01	-2.389270e+00
5.955000e-01	-1.122884e+01	-2.395979e+00
5.960000e-01	-1.123422e+01	-2.402339e+00
5.965000e-01	-1.123891e+01	-2.408400e+00
5.970000e-01	-1.124284e+01	-2.414131e+00
5.975000e-01	-1.124597e+01	-2.419405e+00
5.980000e-01	-1.124835e+01	-2.424042e+00
5.985000e-01	-1.125004e+01	-2.427870e+00
5.990000e-01	-1.125112e+01	-2.430797e+00
5.995000e-01	-1.125164e+01	-2.432848e+00
6.000000e-01	-1.125165e+01	-2.434166e+00


