"     ankle"

"Time      "	".JOINT_14.Ax_Ay_Az_Projection_Angles.Z"	".JOINT_15.Ax_Ay_Az_Projection_Angles.Z"
0.000000e+00	1.193196e-13	0.000000e+00
5.000000e-04	2.929025e-04	-1.503185e-05
1.000000e-03	1.066739e-03	-1.186526e-04
1.500000e-03	2.154965e-03	-4.013974e-04
2.000000e-03	3.392613e-03	-9.497339e-04
2.500000e-03	4.635062e-03	-1.835374e-03
3.000000e-03	5.772462e-03	-3.108075e-03
3.500000e-03	6.737857e-03	-4.795075e-03
4.000000e-03	7.508734e-03	-6.908191e-03
4.500000e-03	8.101547e-03	-9.453909e-03
5.000000e-03	8.561059e-03	-1.244137e-02
5.500000e-03	8.948257e-03	-1.588493e-02
6.000000e-03	9.330339e-03	-1.980042e-02
6.500000e-03	9.774983e-03	-2.419683e-02
7.000000e-03	1.034868e-02	-2.906711e-02
7.500000e-03	1.111768e-02	-3.438189e-02
8.000000e-03	1.214897e-02	-4.008830e-02
8.500000e-03	1.350785e-02	-4.611550e-02
9.000000e-03	1.525254e-02	-5.238428e-02
9.500000e-03	1.742643e-02	-5.881749e-02
1.000000e-02	2.005051e-02	-6.534801e-02
1.050000e-02	2.311948e-02	-7.192178e-02
1.100000e-02	2.660360e-02	-7.849566e-02
1.150000e-02	3.045676e-02	-8.503186e-02
1.200000e-02	3.462875e-02	-9.149182e-02
1.250000e-02	3.907838e-02	-9.783289e-02
1.300000e-02	4.378090e-02	-1.040106e-01
1.350000e-02	4.872420e-02	-1.099883e-01
1.400000e-02	5.390265e-02	-1.157469e-01
1.450000e-02	5.931569e-02	-1.212890e-01
1.500000e-02	6.497178e-02	-1.266354e-01
1.550000e-02	7.089519e-02	-1.318168e-01
1.600000e-02	7.713159e-02	-1.368622e-01
1.650000e-02	8.374836e-02	-1.417908e-01
1.700000e-02	9.082336e-02	-1.466098e-01
1.750000e-02	9.838454e-02	-1.513442e-01
1.800000e-02	1.064158e-01	-1.560311e-01
1.850000e-02	1.148820e-01	-1.607072e-01
1.900000e-02	1.237273e-01	-1.654123e-01
1.950000e-02	1.328713e-01	-1.701930e-01
2.000000e-02	1.422065e-01	-1.751044e-01
2.050000e-02	1.516003e-01	-1.802100e-01
2.100000e-02	1.609027e-01	-1.855776e-01
2.150000e-02	1.699600e-01	-1.912744e-01
2.200000e-02	1.786299e-01	-1.973621e-01
2.250000e-02	1.867971e-01	-2.038940e-01
2.300000e-02	1.943832e-01	-2.109136e-01
2.350000e-02	2.013456e-01	-2.184542e-01
2.400000e-02	2.076642e-01	-2.265355e-01
2.450000e-02	2.133257e-01	-2.351617e-01
2.500000e-02	2.183164e-01	-2.443237e-01
2.550000e-02	2.226245e-01	-2.540033e-01
2.600000e-02	2.262522e-01	-2.641791e-01
2.650000e-02	2.292281e-01	-2.748309e-01
2.700000e-02	2.316151e-01	-2.859410e-01
2.750000e-02	2.335083e-01	-2.974926e-01
2.800000e-02	2.350203e-01	-3.094657e-01
2.850000e-02	2.362608e-01	-3.218339e-01
2.900000e-02	2.373162e-01	-3.345631e-01
2.950000e-02	2.382364e-01	-3.476145e-01
3.000000e-02	2.390326e-01	-3.609501e-01
3.050000e-02	2.396862e-01	-3.745394e-01
3.100000e-02	2.401641e-01	-3.883650e-01
3.150000e-02	2.404318e-01	-4.024233e-01
3.200000e-02	2.404613e-01	-4.167214e-01
3.250000e-02	2.402307e-01	-4.312709e-01
3.300000e-02	2.397169e-01	-4.460811e-01
3.350000e-02	2.388866e-01	-4.611539e-01
3.400000e-02	2.376913e-01	-4.764836e-01
3.450000e-02	2.360681e-01	-4.920602e-01
3.500000e-02	2.339503e-01	-5.078765e-01
3.550000e-02	2.312797e-01	-5.239332e-01
3.600000e-02	2.280204e-01	-5.402426e-01
3.650000e-02	2.241646e-01	-5.568270e-01
3.700000e-02	2.197312e-01	-5.737131e-01
3.750000e-02	2.147559e-01	-5.909249e-01
3.800000e-02	2.092774e-01	-6.084781e-01
3.850000e-02	2.033248e-01	-6.263776e-01
3.900000e-02	1.969101e-01	-6.446208e-01
3.950000e-02	1.900291e-01	-6.632038e-01
4.000000e-02	1.826662e-01	-6.821287e-01
4.050000e-02	1.748038e-01	-7.014077e-01
4.100000e-02	1.664258e-01	-7.210652e-01
4.150000e-02	1.575202e-01	-7.411333e-01
4.200000e-02	1.480738e-01	-7.616448e-01
4.250000e-02	1.380656e-01	-7.826242e-01
4.300000e-02	1.274609e-01	-8.040832e-01
4.350000e-02	1.162116e-01	-8.260191e-01
4.400000e-02	1.042619e-01	-8.484189e-01
4.450000e-02	9.156020e-02	-8.712652e-01
4.500000e-02	7.807186e-02	-8.945425e-01
4.550000e-02	6.378981e-02	-9.182399e-01
4.600000e-02	4.873954e-02	-9.423491e-01
4.650000e-02	3.297685e-02	-9.668587e-01
4.700000e-02	1.658324e-02	-9.917471e-01
4.750000e-02	-3.434106e-04	-1.016977e+00
4.800000e-02	-1.769308e-02	-1.042496e+00
4.850000e-02	-3.534779e-02	-1.068236e+00
4.900000e-02	-5.317852e-02	-1.094124e+00
4.950000e-02	-7.104268e-02	-1.120090e+00
5.000000e-02	-8.878812e-02	-1.146070e+00
5.050000e-02	-1.062482e-01	-1.172011e+00
5.100000e-02	-1.232569e-01	-1.197868e+00
5.150000e-02	-1.396589e-01	-1.223598e+00
5.200000e-02	-1.553208e-01	-1.249160e+00
5.250000e-02	-1.701391e-01	-1.274507e+00
5.300000e-02	-1.840430e-01	-1.299592e+00
5.350000e-02	-1.969908e-01	-1.324368e+00
5.400000e-02	-2.089640e-01	-1.348799e+00
5.450000e-02	-2.199600e-01	-1.372862e+00
5.500000e-02	-2.299879e-01	-1.396552e+00
5.550000e-02	-2.390674e-01	-1.419877e+00
5.600000e-02	-2.472300e-01	-1.442854e+00
5.650000e-02	-2.545211e-01	-1.465505e+00
5.700000e-02	-2.610006e-01	-1.487850e+00
5.750000e-02	-2.667385e-01	-1.509903e+00
5.800000e-02	-2.718089e-01	-1.531679e+00
5.850000e-02	-2.762805e-01	-1.553191e+00
5.900000e-02	-2.802097e-01	-1.574459e+00
5.950000e-02	-2.836364e-01	-1.595509e+00
6.000000e-02	-2.865851e-01	-1.616375e+00
6.050000e-02	-2.890695e-01	-1.637094e+00
6.100000e-02	-2.910994e-01	-1.657700e+00
6.150000e-02	-2.926866e-01	-1.678222e+00
6.200000e-02	-2.938471e-01	-1.698678e+00
6.250000e-02	-2.946005e-01	-1.719080e+00
6.300000e-02	-2.949663e-01	-1.739431e+00
6.350000e-02	-2.949598e-01	-1.759732e+00
6.400000e-02	-2.945895e-01	-1.779985e+00
6.450000e-02	-2.938583e-01	-1.800193e+00
6.500000e-02	-2.927666e-01	-1.820359e+00
6.550000e-02	-2.913161e-01	-1.840481e+00
6.600000e-02	-2.895136e-01	-1.860551e+00
6.650000e-02	-2.873702e-01	-1.880554e+00
6.700000e-02	-2.848998e-01	-1.900463e+00
6.750000e-02	-2.821108e-01	-1.920245e+00
6.800000e-02	-2.789991e-01	-1.939862e+00
6.850000e-02	-2.755436e-01	-1.959274e+00
6.900000e-02	-2.717050e-01	-1.978441e+00
6.950000e-02	-2.674294e-01	-1.997324e+00
7.000000e-02	-2.626564e-01	-2.015891e+00
7.050000e-02	-2.573243e-01	-2.034106e+00
7.100000e-02	-2.513763e-01	-2.051937e+00
7.150000e-02	-2.447589e-01	-2.069350e+00
7.200000e-02	-2.374278e-01	-2.086316e+00
7.250000e-02	-2.293429e-01	-2.102805e+00
7.300000e-02	-2.204688e-01	-2.118799e+00
7.350000e-02	-2.107774e-01	-2.134286e+00
7.400000e-02	-2.002525e-01	-2.149263e+00
7.450000e-02	-1.888970e-01	-2.163738e+00
7.500000e-02	-1.767404e-01	-2.177731e+00
7.550000e-02	-1.638390e-01	-2.191266e+00
7.600000e-02	-1.502836e-01	-2.204378e+00
7.650000e-02	-1.361770e-01	-2.217101e+00
7.700000e-02	-1.216577e-01	-2.229482e+00
7.750000e-02	-1.068731e-01	-2.241571e+00
7.800000e-02	-9.196122e-02	-2.253419e+00
7.850000e-02	-7.707619e-02	-2.265084e+00
7.900000e-02	-6.234741e-02	-2.276618e+00
7.950000e-02	-4.792742e-02	-2.288084e+00
8.000000e-02	-3.394898e-02	-2.299536e+00
8.050000e-02	-2.055088e-02	-2.311029e+00
8.100000e-02	-7.853038e-03	-2.322611e+00
8.150000e-02	4.026370e-03	-2.334330e+00
8.200000e-02	1.500226e-02	-2.346224e+00
8.250000e-02	2.499531e-02	-2.358334e+00
8.300000e-02	3.395630e-02	-2.370694e+00
8.350000e-02	4.185887e-02	-2.383327e+00
8.400000e-02	4.868657e-02	-2.396256e+00
8.450000e-02	5.442825e-02	-2.409499e+00
8.500000e-02	5.907603e-02	-2.423074e+00
8.550000e-02	6.262115e-02	-2.436990e+00
8.600000e-02	6.505339e-02	-2.451255e+00
8.650000e-02	6.636293e-02	-2.465876e+00
8.700000e-02	6.654257e-02	-2.480857e+00
8.750000e-02	6.558921e-02	-2.496199e+00
8.800000e-02	6.350389e-02	-2.511903e+00
8.850000e-02	6.029041e-02	-2.527964e+00
8.900000e-02	5.595360e-02	-2.544374e+00
8.950000e-02	5.049841e-02	-2.561123e+00
9.000000e-02	4.393088e-02	-2.578194e+00
9.050000e-02	3.626127e-02	-2.595568e+00
9.100000e-02	2.750878e-02	-2.613221e+00
9.150000e-02	1.770650e-02	-2.631128e+00
9.200000e-02	6.905137e-03	-2.649257e+00
9.250000e-02	-4.825674e-03	-2.667574e+00
9.300000e-02	-1.739878e-02	-2.686041e+00
9.350000e-02	-3.071319e-02	-2.704611e+00
9.400000e-02	-4.465885e-02	-2.723235e+00
9.450000e-02	-5.912121e-02	-2.741863e+00
9.500000e-02	-7.398839e-02	-2.760440e+00
9.550000e-02	-8.913721e-02	-2.778910e+00
9.600000e-02	-1.044551e-01	-2.797223e+00
9.650000e-02	-1.198412e-01	-2.815337e+00
9.700000e-02	-1.351849e-01	-2.833210e+00
9.750000e-02	-1.504051e-01	-2.850812e+00
9.800000e-02	-1.654163e-01	-2.868112e+00
9.850000e-02	-1.801584e-01	-2.885085e+00
9.900000e-02	-1.945856e-01	-2.901708e+00
9.950000e-02	-2.086735e-01	-2.917965e+00
1.000000e-01	-2.224140e-01	-2.933843e+00
1.005000e-01	-2.358130e-01	-2.949339e+00
1.010000e-01	-2.488899e-01	-2.964459e+00
1.015000e-01	-2.616685e-01	-2.979216e+00
1.020000e-01	-2.741771e-01	-2.993631e+00
1.025000e-01	-2.864413e-01	-3.007725e+00
1.030000e-01	-2.984875e-01	-3.021523e+00
1.035000e-01	-3.103336e-01	-3.035043e+00
1.040000e-01	-3.219946e-01	-3.048304e+00
1.045000e-01	-3.334795e-01	-3.061319e+00
1.050000e-01	-3.447903e-01	-3.074103e+00
1.055000e-01	-3.559210e-01	-3.086669e+00
1.060000e-01	-3.668571e-01	-3.099028e+00
1.065000e-01	-3.775762e-01	-3.111194e+00
1.070000e-01	-3.880491e-01	-3.123177e+00
1.075000e-01	-3.982419e-01	-3.134983e+00
1.080000e-01	-4.081187e-01	-3.146615e+00
1.085000e-01	-4.176439e-01	-3.158068e+00
1.090000e-01	-4.267846e-01	-3.169335e+00
1.095000e-01	-4.355119e-01	-3.180401e+00
1.100000e-01	-4.438011e-01	-3.191251e+00
1.105000e-01	-4.516317e-01	-3.201868e+00
1.110000e-01	-4.589865e-01	-3.212236e+00
1.115000e-01	-4.658505e-01	-3.222340e+00
1.120000e-01	-4.722100e-01	-3.232165e+00
1.125000e-01	-4.780514e-01	-3.241692e+00
1.130000e-01	-4.833611e-01	-3.250903e+00
1.135000e-01	-4.881242e-01	-3.259776e+00
1.140000e-01	-4.923240e-01	-3.268285e+00
1.145000e-01	-4.959413e-01	-3.276404e+00
1.150000e-01	-4.989536e-01	-3.284107e+00
1.155000e-01	-5.013354e-01	-3.291371e+00
1.160000e-01	-5.030580e-01	-3.298177e+00
1.165000e-01	-5.040926e-01	-3.304512e+00
1.170000e-01	-5.044093e-01	-3.310366e+00
1.175000e-01	-5.039777e-01	-3.315732e+00
1.180000e-01	-5.027773e-01	-3.320610e+00
1.185000e-01	-5.007946e-01	-3.325002e+00
1.190000e-01	-4.980280e-01	-3.328912e+00
1.195000e-01	-4.944901e-01	-3.332352e+00
1.200000e-01	-4.902052e-01	-3.335339e+00
1.205000e-01	-4.852111e-01	-3.337896e+00
1.210000e-01	-4.795598e-01	-3.340055e+00
1.215000e-01	-4.733166e-01	-3.341854e+00
1.220000e-01	-4.665588e-01	-3.343336e+00
1.225000e-01	-4.593747e-01	-3.344547e+00
1.230000e-01	-4.518607e-01	-3.345535e+00
1.235000e-01	-4.441187e-01	-3.346344e+00
1.240000e-01	-4.362528e-01	-3.347021e+00
1.245000e-01	-4.283658e-01	-3.347606e+00
1.250000e-01	-4.205556e-01	-3.348139e+00
1.255000e-01	-4.129124e-01	-3.348658e+00
1.260000e-01	-4.055167e-01	-3.349198e+00
1.265000e-01	-3.984380e-01	-3.349792e+00
1.270000e-01	-3.917344e-01	-3.350468e+00
1.275000e-01	-3.854529e-01	-3.351252e+00
1.280000e-01	-3.796303e-01	-3.352164e+00
1.285000e-01	-3.742947e-01	-3.353217e+00
1.290000e-01	-3.694667e-01	-3.354422e+00
1.295000e-01	-3.651620e-01	-3.355786e+00
1.300000e-01	-3.613927e-01	-3.357316e+00
1.305000e-01	-3.581704e-01	-3.359016e+00
1.310000e-01	-3.555659e-01	-3.360870e+00
1.315000e-01	-3.539047e-01	-3.362771e+00
1.320000e-01	-3.535483e-01	-3.364594e+00
1.325000e-01	-3.547995e-01	-3.366231e+00
1.330000e-01	-3.578790e-01	-3.367593e+00
1.335000e-01	-3.629109e-01	-3.368611e+00
1.340000e-01	-3.699139e-01	-3.369242e+00
1.345000e-01	-3.788018e-01	-3.369467e+00
1.350000e-01	-3.893904e-01	-3.369296e+00
1.355000e-01	-4.014103e-01	-3.368766e+00
1.360000e-01	-4.145255e-01	-3.367942e+00
1.365000e-01	-4.283563e-01	-3.366912e+00
1.370000e-01	-4.425067e-01	-3.365786e+00
1.375000e-01	-4.565967e-01	-3.364684e+00
1.380000e-01	-4.703328e-01	-3.363714e+00
1.385000e-01	-4.836204e-01	-3.362937e+00
1.390000e-01	-4.966223e-01	-3.362337e+00
1.395000e-01	-5.097126e-01	-3.361841e+00
1.400000e-01	-5.233458e-01	-3.361349e+00
1.405000e-01	-5.378962e-01	-3.360793e+00
1.410000e-01	-5.535333e-01	-3.360167e+00
1.415000e-01	-5.701844e-01	-3.359540e+00
1.420000e-01	-5.875938e-01	-3.359027e+00
1.425000e-01	-6.054516e-01	-3.358753e+00
1.430000e-01	-6.235288e-01	-3.358797e+00
1.435000e-01	-6.417651e-01	-3.359169e+00
1.440000e-01	-6.602680e-01	-3.359805e+00
1.445000e-01	-6.792306e-01	-3.360603e+00
1.450000e-01	-6.988043e-01	-3.361457e+00
1.455000e-01	-7.189848e-01	-3.362305e+00
1.460000e-01	-7.395611e-01	-3.363141e+00
1.465000e-01	-7.601599e-01	-3.364014e+00
1.470000e-01	-7.803485e-01	-3.364991e+00
1.475000e-01	-7.997682e-01	-3.366116e+00
1.480000e-01	-8.182354e-01	-3.367381e+00
1.485000e-01	-8.357708e-01	-3.368718e+00
1.490000e-01	-8.525494e-01	-3.370009e+00
1.495000e-01	-8.687866e-01	-3.371124e+00
1.500000e-01	-8.846134e-01	-3.371960e+00
1.505000e-01	-9.000093e-01	-3.372462e+00
1.510000e-01	-9.147451e-01	-3.372682e+00
1.515000e-01	-9.284165e-01	-3.372784e+00
1.520000e-01	-9.406168e-01	-3.372946e+00
1.525000e-01	-9.510514e-01	-3.373322e+00
1.530000e-01	-9.596029e-01	-3.374011e+00
1.535000e-01	-9.663226e-01	-3.375051e+00
1.540000e-01	-9.713539e-01	-3.376428e+00
1.545000e-01	-9.748217e-01	-3.378109e+00
1.550000e-01	-9.767384e-01	-3.380075e+00
1.555000e-01	-9.769677e-01	-3.382341e+00
1.560000e-01	-9.752604e-01	-3.384966e+00
1.565000e-01	-9.713511e-01	-3.388031e+00
1.570000e-01	-9.650694e-01	-3.391616e+00
1.575000e-01	-9.564255e-01	-3.395767e+00
1.580000e-01	-9.456303e-01	-3.400481e+00
1.585000e-01	-9.330497e-01	-3.405706e+00
1.590000e-01	-9.191021e-01	-3.411364e+00
1.595000e-01	-9.041643e-01	-3.417372e+00
1.600000e-01	-8.885045e-01	-3.423669e+00
1.605000e-01	-8.722767e-01	-3.430230e+00
1.610000e-01	-8.555752e-01	-3.437062e+00
1.615000e-01	-8.385170e-01	-3.444185e+00
1.620000e-01	-8.213283e-01	-3.451613e+00
1.625000e-01	-8.043609e-01	-3.459352e+00
1.630000e-01	-7.880326e-01	-3.467433e+00
1.635000e-01	-7.727301e-01	-3.475938e+00
1.640000e-01	-7.587238e-01	-3.485005e+00
1.645000e-01	-7.461276e-01	-3.494801e+00
1.650000e-01	-7.349213e-01	-3.505478e+00
1.655000e-01	-7.250201e-01	-3.517137e+00
1.660000e-01	-7.163627e-01	-3.529805e+00
1.665000e-01	-7.089769e-01	-3.543446e+00
1.670000e-01	-7.029961e-01	-3.557993e+00
1.675000e-01	-6.986235e-01	-3.573392e+00
1.680000e-01	-6.960562e-01	-3.589634e+00
1.685000e-01	-6.954106e-01	-3.606771e+00
1.690000e-01	-6.966755e-01	-3.624889e+00
1.695000e-01	-6.997146e-01	-3.644082e+00
1.700000e-01	-7.043222e-01	-3.664401e+00
1.705000e-01	-7.102960e-01	-3.685837e+00
1.710000e-01	-7.175065e-01	-3.708317e+00
1.715000e-01	-7.259290e-01	-3.731729e+00
1.720000e-01	-7.356278e-01	-3.755965e+00
1.725000e-01	-7.466994e-01	-3.780957e+00
1.730000e-01	-7.592002e-01	-3.806693e+00
1.735000e-01	-7.730898e-01	-3.833205e+00
1.740000e-01	-7.882103e-01	-3.860541e+00
1.745000e-01	-8.043120e-01	-3.888714e+00
1.750000e-01	-8.211213e-01	-3.917677e+00
1.755000e-01	-8.383932e-01	-3.947311e+00
1.760000e-01	-8.559542e-01	-3.977443e+00
1.765000e-01	-8.737080e-01	-4.007883e+00
1.770000e-01	-8.916026e-01	-4.038469e+00
1.775000e-01	-9.095765e-01	-4.069086e+00
1.780000e-01	-9.275091e-01	-4.099679e+00
1.785000e-01	-9.451903e-01	-4.130225e+00
1.790000e-01	-9.623434e-01	-4.160700e+00
1.795000e-01	-9.786456e-01	-4.191042e+00
1.800000e-01	-9.938192e-01	-4.221140e+00
1.805000e-01	-1.007646e+00	-4.250826e+00
1.810000e-01	-1.020027e+00	-4.279935e+00
1.815000e-01	-1.030945e+00	-4.308316e+00
1.820000e-01	-1.040435e+00	-4.335890e+00
1.825000e-01	-1.048549e+00	-4.362644e+00
1.830000e-01	-1.055302e+00	-4.388646e+00
1.835000e-01	-1.060666e+00	-4.413999e+00
1.840000e-01	-1.064586e+00	-4.438801e+00
1.845000e-01	-1.067020e+00	-4.463107e+00
1.850000e-01	-1.067985e+00	-4.486922e+00
1.855000e-01	-1.067581e+00	-4.510219e+00
1.860000e-01	-1.065984e+00	-4.532974e+00
1.865000e-01	-1.063419e+00	-4.555204e+00
1.870000e-01	-1.060105e+00	-4.576987e+00
1.875000e-01	-1.056220e+00	-4.598466e+00
1.880000e-01	-1.051871e+00	-4.619814e+00
1.885000e-01	-1.047094e+00	-4.641196e+00
1.890000e-01	-1.041888e+00	-4.662719e+00
1.895000e-01	-1.036253e+00	-4.684416e+00
1.900000e-01	-1.030222e+00	-4.706254e+00
1.905000e-01	-1.023870e+00	-4.728162e+00
1.910000e-01	-1.017304e+00	-4.750076e+00
1.915000e-01	-1.010627e+00	-4.771974e+00
1.920000e-01	-1.003902e+00	-4.793882e+00
1.925000e-01	-9.971310e-01	-4.815863e+00
1.930000e-01	-9.902639e-01	-4.837988e+00
1.935000e-01	-9.832201e-01	-4.860299e+00
1.940000e-01	-9.759359e-01	-4.882774e+00
1.945000e-01	-9.685212e-01	-4.905288e+00
1.950000e-01	-9.612919e-01	-4.927625e+00
1.955000e-01	-9.545494e-01	-4.949567e+00
1.960000e-01	-9.485073e-01	-4.970952e+00
1.965000e-01	-9.432547e-01	-4.991697e+00
1.970000e-01	-9.387460e-01	-5.011795e+00
1.975000e-01	-9.348186e-01	-5.031286e+00
1.980000e-01	-9.312301e-01	-5.050217e+00
1.985000e-01	-9.277004e-01	-5.068602e+00
1.990000e-01	-9.239473e-01	-5.086408e+00
1.995000e-01	-9.197040e-01	-5.103574e+00
2.000000e-01	-9.147275e-01	-5.120037e+00
2.005000e-01	-9.087991e-01	-5.135777e+00
2.010000e-01	-9.017497e-01	-5.150837e+00
2.015000e-01	-8.935318e-01	-5.165309e+00
2.020000e-01	-8.842621e-01	-5.179280e+00
2.025000e-01	-8.742231e-01	-5.192820e+00
2.030000e-01	-8.638122e-01	-5.205978e+00
2.035000e-01	-8.534463e-01	-5.218794e+00
2.040000e-01	-8.434650e-01	-5.231311e+00
2.045000e-01	-8.340749e-01	-5.243588e+00
2.050000e-01	-8.253449e-01	-5.255694e+00
2.055000e-01	-8.172607e-01	-5.267701e+00
2.060000e-01	-8.098341e-01	-5.279703e+00
2.065000e-01	-8.031749e-01	-5.291801e+00
2.070000e-01	-7.975129e-01	-5.304078e+00
2.075000e-01	-7.931621e-01	-5.316588e+00
2.080000e-01	-7.904414e-01	-5.329355e+00
2.085000e-01	-7.895886e-01	-5.342386e+00
2.090000e-01	-7.907040e-01	-5.355690e+00
2.095000e-01	-7.937472e-01	-5.369296e+00
2.100000e-01	-7.985882e-01	-5.383257e+00
2.105000e-01	-8.050909e-01	-5.397642e+00
2.110000e-01	-8.131901e-01	-5.412524e+00
2.115000e-01	-8.229302e-01	-5.427954e+00
2.120000e-01	-8.344483e-01	-5.443953e+00
2.125000e-01	-8.479075e-01	-5.460502e+00
2.130000e-01	-8.634108e-01	-5.477556e+00
2.135000e-01	-8.809302e-01	-5.495050e+00
2.140000e-01	-9.002806e-01	-5.512915e+00
2.145000e-01	-9.211491e-01	-5.531080e+00
2.150000e-01	-9.431632e-01	-5.549474e+00
2.155000e-01	-9.659696e-01	-5.568012e+00
2.160000e-01	-9.892885e-01	-5.586588e+00
2.165000e-01	-1.012922e+00	-5.605065e+00
2.170000e-01	-1.036716e+00	-5.623281e+00
2.175000e-01	-1.060493e+00	-5.641058e+00
2.180000e-01	-1.083987e+00	-5.658214e+00
2.185000e-01	-1.106806e+00	-5.674566e+00
2.190000e-01	-1.128449e+00	-5.689927e+00
2.195000e-01	-1.148367e+00	-5.704109e+00
2.200000e-01	-1.166057e+00	-5.716930e+00
2.205000e-01	-1.181141e+00	-5.728222e+00
2.210000e-01	-1.193406e+00	-5.737846e+00
2.215000e-01	-1.202798e+00	-5.745705e+00
2.220000e-01	-1.209395e+00	-5.751761e+00
2.225000e-01	-1.213366e+00	-5.756059e+00
2.230000e-01	-1.214898e+00	-5.758703e+00
2.235000e-01	-1.214119e+00	-5.759824e+00
2.240000e-01	-1.211051e+00	-5.759528e+00
2.245000e-01	-1.205611e+00	-5.757858e+00
2.250000e-01	-1.197650e+00	-5.754779e+00
2.255000e-01	-1.187066e+00	-5.750217e+00
2.260000e-01	-1.174112e+00	-5.744215e+00
2.265000e-01	-1.159241e+00	-5.736901e+00
2.270000e-01	-1.142938e+00	-5.728445e+00
2.275000e-01	-1.125632e+00	-5.719051e+00
2.280000e-01	-1.107651e+00	-5.708943e+00
2.285000e-01	-1.089239e+00	-5.698350e+00
2.290000e-01	-1.070608e+00	-5.687489e+00
2.295000e-01	-1.052010e+00	-5.676559e+00
2.300000e-01	-1.033790e+00	-5.665744e+00
2.305000e-01	-1.016394e+00	-5.655221e+00
2.310000e-01	-1.000333e+00	-5.645177e+00
2.315000e-01	-9.861067e-01	-5.635814e+00
2.320000e-01	-9.741286e-01	-5.627351e+00
2.325000e-01	-9.646809e-01	-5.620009e+00
2.330000e-01	-9.579100e-01	-5.613996e+00
2.335000e-01	-9.538678e-01	-5.609486e+00
2.340000e-01	-9.525770e-01	-5.606602e+00
2.345000e-01	-9.540881e-01	-5.605419e+00
2.350000e-01	-9.585067e-01	-5.605970e+00
2.355000e-01	-9.659731e-01	-5.608261e+00
2.360000e-01	-9.766127e-01	-5.612284e+00
2.365000e-01	-9.904714e-01	-5.618027e+00
2.370000e-01	-1.007467e+00	-5.625471e+00
2.375000e-01	-1.027376e+00	-5.634571e+00
2.380000e-01	-1.049863e+00	-5.645247e+00
2.385000e-01	-1.074534e+00	-5.657364e+00
2.390000e-01	-1.101001e+00	-5.670732e+00
2.395000e-01	-1.128919e+00	-5.685114e+00
2.400000e-01	-1.157992e+00	-5.700245e+00
2.405000e-01	-1.187942e+00	-5.715853e+00
2.410000e-01	-1.218470e+00	-5.731684e+00
2.415000e-01	-1.249206e+00	-5.747505e+00
2.420000e-01	-1.279701e+00	-5.763098e+00
2.425000e-01	-1.309442e+00	-5.778254e+00
2.430000e-01	-1.337915e+00	-5.792768e+00
2.435000e-01	-1.364565e+00	-5.806477e+00
2.440000e-01	-1.388878e+00	-5.819303e+00
2.445000e-01	-1.410416e+00	-5.831241e+00
2.450000e-01	-1.428862e+00	-5.842303e+00
2.455000e-01	-1.444019e+00	-5.852502e+00
2.460000e-01	-1.455755e+00	-5.861867e+00
2.465000e-01	-1.463972e+00	-5.870447e+00
2.470000e-01	-1.468591e+00	-5.878314e+00
2.475000e-01	-1.469576e+00	-5.885547e+00
2.480000e-01	-1.466976e+00	-5.892216e+00
2.485000e-01	-1.460972e+00	-5.898366e+00
2.490000e-01	-1.451903e+00	-5.904008e+00
2.495000e-01	-1.440252e+00	-5.909126e+00
2.500000e-01	-1.426603e+00	-5.913687e+00
2.505000e-01	-1.411572e+00	-5.917660e+00
2.510000e-01	-1.395737e+00	-5.921041e+00
2.515000e-01	-1.379588e+00	-5.923871e+00
2.520000e-01	-1.363474e+00	-5.926302e+00
2.525000e-01	-1.347594e+00	-5.928619e+00
2.530000e-01	-1.332061e+00	-5.931212e+00
2.535000e-01	-1.316982e+00	-5.934506e+00
2.540000e-01	-1.302542e+00	-5.938860e+00
2.545000e-01	-1.289039e+00	-5.944506e+00
2.550000e-01	-1.276861e+00	-5.951525e+00
2.555000e-01	-1.266409e+00	-5.959884e+00
2.560000e-01	-1.258009e+00	-5.969510e+00
2.565000e-01	-1.251846e+00	-5.980366e+00
2.570000e-01	-1.247946e+00	-5.992496e+00
2.575000e-01	-1.246217e+00	-6.006027e+00
2.580000e-01	-1.246521e+00	-6.021120e+00
2.585000e-01	-1.248757e+00	-6.037894e+00
2.590000e-01	-1.252899e+00	-6.056362e+00
2.595000e-01	-1.258996e+00	-6.076401e+00
2.600000e-01	-1.267116e+00	-6.097770e+00
2.605000e-01	-1.277264e+00	-6.120157e+00
2.610000e-01	-1.289318e+00	-6.143281e+00
2.615000e-01	-1.303008e+00	-6.166929e+00
2.620000e-01	-1.317945e+00	-6.190981e+00
2.625000e-01	-1.333682e+00	-6.215392e+00
2.630000e-01	-1.349800e+00	-6.240140e+00
2.635000e-01	-1.365970e+00	-6.265161e+00
2.640000e-01	-1.381967e+00	-6.290313e+00
2.645000e-01	-1.397649e+00	-6.315376e+00
2.650000e-01	-1.412894e+00	-6.340073e+00
2.655000e-01	-1.427552e+00	-6.364151e+00
2.660000e-01	-1.441393e+00	-6.387413e+00
2.665000e-01	-1.454150e+00	-6.409778e+00
2.670000e-01	-1.465527e+00	-6.431264e+00
2.675000e-01	-1.475314e+00	-6.451954e+00
2.680000e-01	-1.483404e+00	-6.471948e+00
2.685000e-01	-1.489833e+00	-6.491306e+00
2.690000e-01	-1.494783e+00	-6.510033e+00
2.695000e-01	-1.498494e+00	-6.528073e+00
2.700000e-01	-1.501212e+00	-6.545354e+00
2.705000e-01	-1.503142e+00	-6.561833e+00
2.710000e-01	-1.504395e+00	-6.577538e+00
2.715000e-01	-1.505031e+00	-6.592583e+00
2.720000e-01	-1.505094e+00	-6.607141e+00
2.725000e-01	-1.504672e+00	-6.621409e+00
2.730000e-01	-1.503922e+00	-6.635553e+00
2.735000e-01	-1.503070e+00	-6.649673e+00
2.740000e-01	-1.502367e+00	-6.663793e+00
2.745000e-01	-1.502032e+00	-6.677879e+00
2.750000e-01	-1.502193e+00	-6.691879e+00
2.755000e-01	-1.502864e+00	-6.705761e+00
2.760000e-01	-1.503953e+00	-6.719545e+00
2.765000e-01	-1.505308e+00	-6.733296e+00
2.770000e-01	-1.506780e+00	-6.747109e+00
2.775000e-01	-1.508270e+00	-6.761063e+00
2.780000e-01	-1.509757e+00	-6.775192e+00
2.785000e-01	-1.511275e+00	-6.789462e+00
2.790000e-01	-1.512879e+00	-6.803779e+00
2.795000e-01	-1.514588e+00	-6.818012e+00
2.800000e-01	-1.516354e+00	-6.832039e+00
2.805000e-01	-1.518054e+00	-6.845770e+00
2.810000e-01	-1.519521e+00	-6.859171e+00
2.815000e-01	-1.520593e+00	-6.872250e+00
2.820000e-01	-1.521162e+00	-6.885036e+00
2.825000e-01	-1.521202e+00	-6.897547e+00
2.830000e-01	-1.520764e+00	-6.909764e+00
2.835000e-01	-1.519941e+00	-6.921627e+00
2.840000e-01	-1.518819e+00	-6.933047e+00
2.845000e-01	-1.517432e+00	-6.943932e+00
2.850000e-01	-1.515743e+00	-6.954219e+00
2.855000e-01	-1.513656e+00	-6.963896e+00
2.860000e-01	-1.511061e+00	-6.973006e+00
2.865000e-01	-1.507880e+00	-6.981635e+00
2.870000e-01	-1.504109e+00	-6.989884e+00
2.875000e-01	-1.499837e+00	-6.997850e+00
2.880000e-01	-1.495224e+00	-7.005607e+00
2.885000e-01	-1.490465e+00	-7.013207e+00
2.890000e-01	-1.485746e+00	-7.020694e+00
2.895000e-01	-1.481219e+00	-7.028127e+00
2.900000e-01	-1.476989e+00	-7.035596e+00
2.905000e-01	-1.473153e+00	-7.043246e+00
2.910000e-01	-1.469817e+00	-7.051242e+00
2.915000e-01	-1.467158e+00	-7.059787e+00
2.920000e-01	-1.465391e+00	-7.069051e+00
2.925000e-01	-1.464831e+00	-7.079205e+00
2.930000e-01	-1.465775e+00	-7.090362e+00
2.935000e-01	-1.468507e+00	-7.102596e+00
2.940000e-01	-1.473205e+00	-7.115950e+00
2.945000e-01	-1.479959e+00	-7.130450e+00
2.950000e-01	-1.488752e+00	-7.146116e+00
2.955000e-01	-1.499484e+00	-7.162962e+00
2.960000e-01	-1.512023e+00	-7.180993e+00
2.965000e-01	-1.526215e+00	-7.200182e+00
2.970000e-01	-1.541919e+00	-7.220465e+00
2.975000e-01	-1.558963e+00	-7.241713e+00
2.980000e-01	-1.577165e+00	-7.263772e+00
2.985000e-01	-1.596233e+00	-7.286414e+00
2.990000e-01	-1.615827e+00	-7.309410e+00
2.995000e-01	-1.635504e+00	-7.332513e+00
3.000000e-01	-1.654823e+00	-7.355508e+00
3.005000e-01	-1.673291e+00	-7.378169e+00
3.010000e-01	-1.690549e+00	-7.400319e+00
3.015000e-01	-1.706281e+00	-7.421784e+00
3.020000e-01	-1.720248e+00	-7.442389e+00
3.025000e-01	-1.732275e+00	-7.461965e+00
3.030000e-01	-1.742229e+00	-7.480350e+00
3.035000e-01	-1.749996e+00	-7.497400e+00
3.040000e-01	-1.755467e+00	-7.512994e+00
3.045000e-01	-1.758542e+00	-7.527050e+00
3.050000e-01	-1.759143e+00	-7.539527e+00
3.055000e-01	-1.757246e+00	-7.550428e+00
3.060000e-01	-1.752890e+00	-7.559792e+00
3.065000e-01	-1.746196e+00	-7.567688e+00
3.070000e-01	-1.737323e+00	-7.574190e+00
3.075000e-01	-1.726550e+00	-7.579406e+00
3.080000e-01	-1.714159e+00	-7.583439e+00
3.085000e-01	-1.700417e+00	-7.586404e+00
3.090000e-01	-1.685558e+00	-7.588432e+00
3.095000e-01	-1.669781e+00	-7.589679e+00
3.100000e-01	-1.653260e+00	-7.590328e+00
3.105000e-01	-1.636306e+00	-7.590564e+00
3.110000e-01	-1.619599e+00	-7.590533e+00
3.115000e-01	-1.603853e+00	-7.590379e+00
3.120000e-01	-1.589696e+00	-7.590248e+00
3.125000e-01	-1.577630e+00	-7.590275e+00
3.130000e-01	-1.568001e+00	-7.590588e+00
3.135000e-01	-1.560982e+00	-7.591304e+00
3.140000e-01	-1.556575e+00	-7.592537e+00
3.145000e-01	-1.554630e+00	-7.594406e+00
3.150000e-01	-1.554878e+00	-7.597037e+00
3.155000e-01	-1.556973e+00	-7.600565e+00
3.160000e-01	-1.560547e+00	-7.605122e+00
3.165000e-01	-1.565323e+00	-7.610818e+00
3.170000e-01	-1.571262e+00	-7.617708e+00
3.175000e-01	-1.578621e+00	-7.625772e+00
3.180000e-01	-1.587871e+00	-7.634924e+00
3.185000e-01	-1.599511e+00	-7.645037e+00
3.190000e-01	-1.613857e+00	-7.655982e+00
3.195000e-01	-1.630894e+00	-7.667658e+00
3.200000e-01	-1.650259e+00	-7.680004e+00
3.205000e-01	-1.671342e+00	-7.692977e+00
3.210000e-01	-1.693474e+00	-7.706529e+00
3.215000e-01	-1.716109e+00	-7.720567e+00
3.220000e-01	-1.738939e+00	-7.734939e+00
3.225000e-01	-1.761877e+00	-7.749426e+00
3.230000e-01	-1.784949e+00	-7.763774e+00
3.235000e-01	-1.808107e+00	-7.777732e+00
3.240000e-01	-1.831089e+00	-7.791090e+00
3.245000e-01	-1.853373e+00	-7.803698e+00
3.250000e-01	-1.874253e+00	-7.815467e+00
3.255000e-01	-1.893013e+00	-7.826339e+00
3.260000e-01	-1.909116e+00	-7.836260e+00
3.265000e-01	-1.922339e+00	-7.845153e+00
3.270000e-01	-1.932787e+00	-7.852912e+00
3.275000e-01	-1.940795e+00	-7.859418e+00
3.280000e-01	-1.946756e+00	-7.864569e+00
3.285000e-01	-1.950949e+00	-7.868308e+00
3.290000e-01	-1.953442e+00	-7.870648e+00
3.295000e-01	-1.954108e+00	-7.871664e+00
3.300000e-01	-1.952739e+00	-7.871473e+00
3.305000e-01	-1.949205e+00	-7.870206e+00
3.310000e-01	-1.943587e+00	-7.867977e+00
3.315000e-01	-1.936211e+00	-7.864869e+00
3.320000e-01	-1.927592e+00	-7.860947e+00
3.325000e-01	-1.918286e+00	-7.856270e+00
3.330000e-01	-1.908733e+00	-7.850923e+00
3.335000e-01	-1.899144e+00	-7.845032e+00
3.340000e-01	-1.889488e+00	-7.838769e+00
3.345000e-01	-1.879584e+00	-7.832333e+00
3.350000e-01	-1.869258e+00	-7.825927e+00
3.355000e-01	-1.858486e+00	-7.819734e+00
3.360000e-01	-1.847475e+00	-7.813909e+00
3.365000e-01	-1.836652e+00	-7.808576e+00
3.370000e-01	-1.826565e+00	-7.803848e+00
3.375000e-01	-1.817740e+00	-7.799843e+00
3.380000e-01	-1.810554e+00	-7.796701e+00
3.385000e-01	-1.805180e+00	-7.794586e+00
3.390000e-01	-1.801614e+00	-7.793667e+00
3.395000e-01	-1.799783e+00	-7.794110e+00
3.400000e-01	-1.799666e+00	-7.796037e+00
3.405000e-01	-1.801396e+00	-7.799531e+00
3.410000e-01	-1.805252e+00	-7.804620e+00
3.415000e-01	-1.811630e+00	-7.811295e+00
3.420000e-01	-1.820855e+00	-7.819529e+00
3.425000e-01	-1.833116e+00	-7.829283e+00
3.430000e-01	-1.848359e+00	-7.840521e+00
3.435000e-01	-1.866238e+00	-7.853188e+00
3.440000e-01	-1.886255e+00	-7.867210e+00
3.445000e-01	-1.907815e+00	-7.882461e+00
3.450000e-01	-1.930436e+00	-7.898781e+00
3.455000e-01	-1.953717e+00	-7.915931e+00
3.460000e-01	-1.977446e+00	-7.933690e+00
3.465000e-01	-2.001438e+00	-7.951820e+00
3.470000e-01	-2.025481e+00	-7.970094e+00
3.475000e-01	-2.049265e+00	-7.988314e+00
3.480000e-01	-2.072356e+00	-8.006302e+00
3.485000e-01	-2.094223e+00	-8.023903e+00
3.490000e-01	-2.114321e+00	-8.040962e+00
3.495000e-01	-2.132186e+00	-8.057323e+00
3.500000e-01	-2.147523e+00	-8.072824e+00
3.505000e-01	-2.160240e+00	-8.087309e+00
3.510000e-01	-2.170426e+00	-8.100646e+00
3.515000e-01	-2.178276e+00	-8.112743e+00
3.520000e-01	-2.183996e+00	-8.123560e+00
3.525000e-01	-2.187725e+00	-8.133111e+00
3.530000e-01	-2.189496e+00	-8.141450e+00
3.535000e-01	-2.189257e+00	-8.148656e+00
3.540000e-01	-2.186929e+00	-8.154809e+00
3.545000e-01	-2.182483e+00	-8.159980e+00
3.550000e-01	-2.176007e+00	-8.164232e+00
3.555000e-01	-2.167720e+00	-8.167628e+00
3.560000e-01	-2.157949e+00	-8.170252e+00
3.565000e-01	-2.147060e+00	-8.172221e+00
3.570000e-01	-2.135381e+00	-8.173695e+00
3.575000e-01	-2.123149e+00	-8.174872e+00
3.580000e-01	-2.110491e+00	-8.175968e+00
3.585000e-01	-2.097456e+00	-8.177198e+00
3.590000e-01	-2.084085e+00	-8.178754e+00
3.595000e-01	-2.070479e+00	-8.180794e+00
3.600000e-01	-2.056856e+00	-8.183446e+00
3.605000e-01	-2.043559e+00	-8.186822e+00
3.610000e-01	-2.031024e+00	-8.191036e+00
3.615000e-01	-2.019708e+00	-8.196219e+00
3.620000e-01	-2.010020e+00	-8.202526e+00
3.625000e-01	-2.002260e+00	-8.210123e+00
3.630000e-01	-1.996605e+00	-8.219168e+00
3.635000e-01	-1.993126e+00	-8.229783e+00
3.640000e-01	-1.991844e+00	-8.242039e+00
3.645000e-01	-1.992778e+00	-8.255942e+00
3.650000e-01	-1.995981e+00	-8.271445e+00
3.655000e-01	-2.001541e+00	-8.288466e+00
3.660000e-01	-2.009545e+00	-8.306911e+00
3.665000e-01	-2.020024e+00	-8.326694e+00
3.670000e-01	-2.032900e+00	-8.347742e+00
3.675000e-01	-2.047953e+00	-8.369989e+00
3.680000e-01	-2.064830e+00	-8.393357e+00
3.685000e-01	-2.083083e+00	-8.417735e+00
3.690000e-01	-2.102236e+00	-8.442965e+00
3.695000e-01	-2.121846e+00	-8.468844e+00
3.700000e-01	-2.141570e+00	-8.495161e+00
3.705000e-01	-2.161084e+00	-8.521636e+00
3.710000e-01	-2.180177e+00	-8.548032e+00
3.715000e-01	-2.198668e+00	-8.574179e+00
3.720000e-01	-2.216335e+00	-8.599947e+00
3.725000e-01	-2.232925e+00	-8.625255e+00
3.730000e-01	-2.248127e+00	-8.650027e+00
3.735000e-01	-2.261676e+00	-8.674185e+00
3.740000e-01	-2.273338e+00	-8.697610e+00
3.745000e-01	-2.283001e+00	-8.720181e+00
3.750000e-01	-2.290653e+00	-8.741742e+00
3.755000e-01	-2.296373e+00	-8.762181e+00
3.760000e-01	-2.300288e+00	-8.781430e+00
3.765000e-01	-2.302502e+00	-8.799486e+00
3.770000e-01	-2.303073e+00	-8.816407e+00
3.775000e-01	-2.302002e+00	-8.832272e+00
3.780000e-01	-2.299244e+00	-8.847181e+00
3.785000e-01	-2.294761e+00	-8.861203e+00
3.790000e-01	-2.288563e+00	-8.874374e+00
3.795000e-01	-2.280723e+00	-8.886708e+00
3.800000e-01	-2.271409e+00	-8.898226e+00
3.805000e-01	-2.260800e+00	-8.908974e+00
3.810000e-01	-2.249098e+00	-8.919046e+00
3.815000e-01	-2.236488e+00	-8.928584e+00
3.820000e-01	-2.223118e+00	-8.937748e+00
3.825000e-01	-2.209146e+00	-8.946770e+00
3.830000e-01	-2.194722e+00	-8.955849e+00
3.835000e-01	-2.180017e+00	-8.965125e+00
3.840000e-01	-2.165270e+00	-8.974717e+00
3.845000e-01	-2.150785e+00	-8.984722e+00
3.850000e-01	-2.136912e+00	-8.995227e+00
3.855000e-01	-2.124021e+00	-9.006335e+00
3.860000e-01	-2.112458e+00	-9.018175e+00
3.865000e-01	-2.102498e+00	-9.030884e+00
3.870000e-01	-2.094406e+00	-9.044653e+00
3.875000e-01	-2.088334e+00	-9.059646e+00
3.880000e-01	-2.084386e+00	-9.075987e+00
3.885000e-01	-2.082639e+00	-9.093743e+00
3.890000e-01	-2.083159e+00	-9.112913e+00
3.895000e-01	-2.085998e+00	-9.133452e+00
3.900000e-01	-2.091173e+00	-9.155290e+00
3.905000e-01	-2.098636e+00	-9.178361e+00
3.910000e-01	-2.108257e+00	-9.202616e+00
3.915000e-01	-2.119724e+00	-9.227945e+00
3.920000e-01	-2.132441e+00	-9.254057e+00
3.925000e-01	-2.145784e+00	-9.280637e+00
3.930000e-01	-2.159215e+00	-9.307370e+00
3.935000e-01	-2.172340e+00	-9.333973e+00
3.940000e-01	-2.184929e+00	-9.360214e+00
3.945000e-01	-2.196911e+00	-9.385948e+00
3.950000e-01	-2.208333e+00	-9.411138e+00
3.955000e-01	-2.219319e+00	-9.435862e+00
3.960000e-01	-2.230031e+00	-9.460293e+00
3.965000e-01	-2.240639e+00	-9.484659e+00
3.970000e-01	-2.251309e+00	-9.509191e+00
3.975000e-01	-2.262159e+00	-9.534050e+00
3.980000e-01	-2.273149e+00	-9.559251e+00
3.985000e-01	-2.284024e+00	-9.584620e+00
3.990000e-01	-2.294361e+00	-9.609827e+00
3.995000e-01	-2.303670e+00	-9.634479e+00
4.000000e-01	-2.311532e+00	-9.658228e+00
4.005000e-01	-2.317681e+00	-9.680888e+00
4.010000e-01	-2.321974e+00	-9.702540e+00
4.015000e-01	-2.324420e+00	-9.723446e+00
4.020000e-01	-2.325122e+00	-9.743923e+00
4.025000e-01	-2.324177e+00	-9.764240e+00
4.030000e-01	-2.321595e+00	-9.784526e+00
4.035000e-01	-2.317291e+00	-9.804737e+00
4.040000e-01	-2.311128e+00	-9.824693e+00
4.045000e-01	-2.303015e+00	-9.844154e+00
4.050000e-01	-2.293005e+00	-9.862923e+00
4.055000e-01	-2.281358e+00	-9.880926e+00
4.060000e-01	-2.268531e+00	-9.898238e+00
4.065000e-01	-2.255117e+00	-9.915059e+00
4.070000e-01	-2.241717e+00	-9.931645e+00
4.075000e-01	-2.228803e+00	-9.948249e+00
4.080000e-01	-2.216624e+00	-9.965076e+00
4.085000e-01	-2.205205e+00	-9.982242e+00
4.090000e-01	-2.194430e+00	-9.999776e+00
4.095000e-01	-2.184177e+00	-1.001765e+01
4.100000e-01	-2.174432e+00	-1.003580e+01
4.105000e-01	-2.165353e+00	-1.005424e+01
4.110000e-01	-2.157245e+00	-1.007302e+01
4.115000e-01	-2.150474e+00	-1.009227e+01
4.120000e-01	-2.145342e+00	-1.011218e+01
4.125000e-01	-2.141994e+00	-1.013293e+01
4.130000e-01	-2.140373e+00	-1.015463e+01
4.135000e-01	-2.140268e+00	-1.017730e+01
4.140000e-01	-2.141406e+00	-1.020084e+01
4.145000e-01	-2.143557e+00	-1.022509e+01
4.150000e-01	-2.146616e+00	-1.024986e+01
4.155000e-01	-2.150630e+00	-1.027501e+01
4.160000e-01	-2.155756e+00	-1.030047e+01
4.165000e-01	-2.162175e+00	-1.032627e+01
4.170000e-01	-2.169998e+00	-1.035249e+01
4.175000e-01	-2.179197e+00	-1.037922e+01
4.180000e-01	-2.189592e+00	-1.040649e+01
4.185000e-01	-2.200889e+00	-1.043422e+01
4.190000e-01	-2.212754e+00	-1.046221e+01
4.195000e-01	-2.224895e+00	-1.049021e+01
4.200000e-01	-2.237106e+00	-1.051793e+01
4.205000e-01	-2.249278e+00	-1.054514e+01
4.210000e-01	-2.261361e+00	-1.057171e+01
4.215000e-01	-2.273300e+00	-1.059760e+01
4.220000e-01	-2.284967e+00	-1.062286e+01
4.225000e-01	-2.296155e+00	-1.064754e+01
4.230000e-01	-2.306541e+00	-1.067164e+01
4.235000e-01	-2.315814e+00	-1.069506e+01
4.240000e-01	-2.323621e+00	-1.071762e+01
4.245000e-01	-2.329733e+00	-1.073907e+01
4.250000e-01	-2.334026e+00	-1.075917e+01
4.255000e-01	-2.336492e+00	-1.077777e+01
4.260000e-01	-2.337210e+00	-1.079485e+01
4.265000e-01	-2.336284e+00	-1.081049e+01
4.270000e-01	-2.333830e+00	-1.082487e+01
4.275000e-01	-2.329927e+00	-1.083818e+01
4.280000e-01	-2.324637e+00	-1.085058e+01
4.285000e-01	-2.318022e+00	-1.086214e+01
4.290000e-01	-2.310197e+00	-1.087282e+01
4.295000e-01	-2.301318e+00	-1.088259e+01
4.300000e-01	-2.291609e+00	-1.089139e+01
4.305000e-01	-2.281341e+00	-1.089926e+01
4.310000e-01	-2.270812e+00	-1.090633e+01
4.315000e-01	-2.260313e+00	-1.091284e+01
4.320000e-01	-2.250100e+00	-1.091905e+01
4.325000e-01	-2.240386e+00	-1.092525e+01
4.330000e-01	-2.231339e+00	-1.093169e+01
4.335000e-01	-2.223092e+00	-1.093850e+01
4.340000e-01	-2.215762e+00	-1.094574e+01
4.345000e-01	-2.209466e+00	-1.095338e+01
4.350000e-01	-2.204327e+00	-1.096140e+01
4.355000e-01	-2.200475e+00	-1.096978e+01
4.360000e-01	-2.198035e+00	-1.097860e+01
4.365000e-01	-2.197123e+00	-1.098799e+01
4.370000e-01	-2.197828e+00	-1.099813e+01
4.375000e-01	-2.200209e+00	-1.100920e+01
4.380000e-01	-2.204293e+00	-1.102131e+01
4.385000e-01	-2.210077e+00	-1.103448e+01
4.390000e-01	-2.217533e+00	-1.104864e+01
4.395000e-01	-2.226607e+00	-1.106363e+01
4.400000e-01	-2.237229e+00	-1.107927e+01
4.405000e-01	-2.249305e+00	-1.109538e+01
4.410000e-01	-2.262722e+00	-1.111184e+01
4.415000e-01	-2.277341e+00	-1.112860e+01
4.420000e-01	-2.293009e+00	-1.114564e+01
4.425000e-01	-2.309545e+00	-1.116296e+01
4.430000e-01	-2.326671e+00	-1.118059e+01
4.435000e-01	-2.344058e+00	-1.119851e+01
4.440000e-01	-2.361344e+00	-1.121659e+01
4.445000e-01	-2.378142e+00	-1.123470e+01
4.450000e-01	-2.394069e+00	-1.125262e+01
4.455000e-01	-2.408782e+00	-1.127020e+01
4.460000e-01	-2.422009e+00	-1.128729e+01
4.465000e-01	-2.433573e+00	-1.130379e+01
4.470000e-01	-2.443398e+00	-1.131958e+01
4.475000e-01	-2.451496e+00	-1.133458e+01
4.480000e-01	-2.457934e+00	-1.134862e+01
4.485000e-01	-2.462802e+00	-1.136150e+01
4.490000e-01	-2.466170e+00	-1.137300e+01
4.495000e-01	-2.468046e+00	-1.138298e+01
4.500000e-01	-2.468363e+00	-1.139137e+01
4.505000e-01	-2.467017e+00	-1.139827e+01
4.510000e-01	-2.463939e+00	-1.140386e+01
4.515000e-01	-2.459160e+00	-1.140839e+01
4.520000e-01	-2.452856e+00	-1.141205e+01
4.525000e-01	-2.445333e+00	-1.141499e+01
4.530000e-01	-2.436975e+00	-1.141725e+01
4.535000e-01	-2.428167e+00	-1.141884e+01
4.540000e-01	-2.419281e+00	-1.141971e+01
4.545000e-01	-2.410806e+00	-1.141979e+01
4.550000e-01	-2.403279e+00	-1.141898e+01
4.555000e-01	-2.397109e+00	-1.141730e+01
4.560000e-01	-2.392593e+00	-1.141489e+01
4.565000e-01	-2.389936e+00	-1.141190e+01
4.570000e-01	-2.389248e+00	-1.140852e+01
4.575000e-01	-2.390527e+00	-1.140492e+01
4.580000e-01	-2.393619e+00	-1.140127e+01
4.585000e-01	-2.398202e+00	-1.139775e+01
4.590000e-01	-2.403803e+00	-1.139455e+01
4.595000e-01	-2.409893e+00	-1.139192e+01
4.600000e-01	-2.416105e+00	-1.139005e+01
4.605000e-01	-2.422424e+00	-1.138901e+01
4.610000e-01	-2.429212e+00	-1.138869e+01
4.615000e-01	-2.437066e+00	-1.138892e+01
4.620000e-01	-2.446571e+00	-1.138946e+01
4.625000e-01	-2.458066e+00	-1.139018e+01
4.630000e-01	-2.471508e+00	-1.139103e+01
4.635000e-01	-2.486494e+00	-1.139209e+01
4.640000e-01	-2.502421e+00	-1.139348e+01
4.645000e-01	-2.518714e+00	-1.139532e+01
4.650000e-01	-2.535025e+00	-1.139758e+01
4.655000e-01	-2.551313e+00	-1.140015e+01
4.660000e-01	-2.567785e+00	-1.140278e+01
4.665000e-01	-2.584717e+00	-1.140516e+01
4.670000e-01	-2.602236e+00	-1.140707e+01
4.675000e-01	-2.620170e+00	-1.140836e+01
4.680000e-01	-2.638019e+00	-1.140901e+01
4.685000e-01	-2.655096e+00	-1.140910e+01
4.690000e-01	-2.670713e+00	-1.140872e+01
4.695000e-01	-2.684379e+00	-1.140791e+01
4.700000e-01	-2.695938e+00	-1.140662e+01
4.705000e-01	-2.705567e+00	-1.140469e+01
4.710000e-01	-2.713649e+00	-1.140195e+01
4.715000e-01	-2.720595e+00	-1.139822e+01
4.720000e-01	-2.726676e+00	-1.139343e+01
4.725000e-01	-2.731904e+00	-1.138764e+01
4.730000e-01	-2.736071e+00	-1.138103e+01
4.735000e-01	-2.738896e+00	-1.137380e+01
4.740000e-01	-2.740215e+00	-1.136617e+01
4.745000e-01	-2.740101e+00	-1.135825e+01
4.750000e-01	-2.738907e+00	-1.135007e+01
4.755000e-01	-2.737179e+00	-1.134161e+01
4.760000e-01	-2.735510e+00	-1.133281e+01
4.765000e-01	-2.734353e+00	-1.132370e+01
4.770000e-01	-2.733913e+00	-1.131436e+01
4.775000e-01	-2.734121e+00	-1.130499e+01
4.780000e-01	-2.734720e+00	-1.129585e+01
4.785000e-01	-2.735443e+00	-1.128716e+01
4.790000e-01	-2.736140e+00	-1.127911e+01
4.795000e-01	-2.736878e+00	-1.127178e+01
4.800000e-01	-2.737972e+00	-1.126516e+01
4.805000e-01	-2.739782e+00	-1.125921e+01
4.810000e-01	-2.742709e+00	-1.125388e+01
4.815000e-01	-2.746940e+00	-1.124917e+01
4.820000e-01	-2.752460e+00	-1.124517e+01
4.825000e-01	-2.759037e+00	-1.124202e+01
4.830000e-01	-2.766358e+00	-1.123988e+01
4.835000e-01	-2.774184e+00	-1.123885e+01
4.840000e-01	-2.782473e+00	-1.123896e+01
4.845000e-01	-2.791400e+00	-1.124012e+01
4.850000e-01	-2.801289e+00	-1.124217e+01
4.855000e-01	-2.812465e+00	-1.124496e+01
4.860000e-01	-2.825107e+00	-1.124835e+01
4.865000e-01	-2.839154e+00	-1.125227e+01
4.870000e-01	-2.854301e+00	-1.125672e+01
4.875000e-01	-2.870097e+00	-1.126171e+01
4.880000e-01	-2.886084e+00	-1.126725e+01
4.885000e-01	-2.901923e+00	-1.127325e+01
4.890000e-01	-2.917460e+00	-1.127958e+01
4.895000e-01	-2.932698e+00	-1.128603e+01
4.900000e-01	-2.947672e+00	-1.129241e+01
4.905000e-01	-2.962325e+00	-1.129862e+01
4.910000e-01	-2.976455e+00	-1.130459e+01
4.915000e-01	-2.989684e+00	-1.131034e+01
4.920000e-01	-3.001528e+00	-1.131594e+01
4.925000e-01	-3.011517e+00	-1.132150e+01
4.930000e-01	-3.019329e+00	-1.132707e+01
4.935000e-01	-3.024885e+00	-1.133265e+01
4.940000e-01	-3.028363e+00	-1.133815e+01
4.945000e-01	-3.030147e+00	-1.134343e+01
4.950000e-01	-3.030679e+00	-1.134833e+01
4.955000e-01	-3.030333e+00	-1.135275e+01
4.960000e-01	-3.029334e+00	-1.135663e+01
4.965000e-01	-3.027738e+00	-1.136002e+01
4.970000e-01	-3.025482e+00	-1.136305e+01
4.975000e-01	-3.022485e+00	-1.136590e+01
4.980000e-01	-3.018754e+00	-1.136879e+01
4.985000e-01	-3.014452e+00	-1.137186e+01
4.990000e-01	-3.009889e+00	-1.137521e+01
4.995000e-01	-3.005454e+00	-1.137888e+01
5.000000e-01	-3.001496e+00	-1.138284e+01
5.005000e-01	-2.998231e+00	-1.138709e+01
5.010000e-01	-2.995688e+00	-1.139167e+01
5.015000e-01	-2.993742e+00	-1.139668e+01
5.020000e-01	-2.992201e+00	-1.140226e+01
5.025000e-01	-2.990916e+00	-1.140857e+01
5.030000e-01	-2.989868e+00	-1.141575e+01
5.035000e-01	-2.989197e+00	-1.142387e+01
5.040000e-01	-2.989155e+00	-1.143294e+01
5.045000e-01	-2.990017e+00	-1.144292e+01
5.050000e-01	-2.991982e+00	-1.145375e+01
5.055000e-01	-2.995099e+00	-1.146540e+01
5.060000e-01	-2.999271e+00	-1.147786e+01
5.065000e-01	-3.004302e+00	-1.149117e+01
5.070000e-01	-3.009996e+00	-1.150540e+01
5.075000e-01	-3.016247e+00	-1.152058e+01
5.080000e-01	-3.023066e+00	-1.153672e+01
5.085000e-01	-3.030572e+00	-1.155374e+01
5.090000e-01	-3.038915e+00	-1.157155e+01
5.095000e-01	-3.048186e+00	-1.159001e+01
5.100000e-01	-3.058341e+00	-1.160900e+01
5.105000e-01	-3.069170e+00	-1.162839e+01
5.110000e-01	-3.080334e+00	-1.164813e+01
5.115000e-01	-3.091446e+00	-1.166816e+01
5.120000e-01	-3.102151e+00	-1.168844e+01
5.125000e-01	-3.112213e+00	-1.170893e+01
5.130000e-01	-3.121517e+00	-1.172952e+01
5.135000e-01	-3.130052e+00	-1.175012e+01
5.140000e-01	-3.137830e+00	-1.177060e+01
5.145000e-01	-3.144830e+00	-1.179084e+01
5.150000e-01	-3.150930e+00	-1.181075e+01
5.155000e-01	-3.155932e+00	-1.183028e+01
5.160000e-01	-3.159598e+00	-1.184944e+01
5.165000e-01	-3.161741e+00	-1.186825e+01
5.170000e-01	-3.162286e+00	-1.188674e+01
5.175000e-01	-3.161294e+00	-1.190494e+01
5.180000e-01	-3.158987e+00	-1.192285e+01
5.185000e-01	-3.155642e+00	-1.194049e+01
5.190000e-01	-3.151546e+00	-1.195785e+01
5.195000e-01	-3.146897e+00	-1.197498e+01
5.200000e-01	-3.141801e+00	-1.199191e+01
5.205000e-01	-3.136271e+00	-1.200874e+01
5.210000e-01	-3.130294e+00	-1.202556e+01
5.215000e-01	-3.123883e+00	-1.204246e+01
5.220000e-01	-3.117114e+00	-1.205953e+01
5.225000e-01	-3.110143e+00	-1.207685e+01
5.230000e-01	-3.103184e+00	-1.209446e+01
5.235000e-01	-3.096462e+00	-1.211241e+01
5.240000e-01	-3.090159e+00	-1.213073e+01
5.245000e-01	-3.084373e+00	-1.214947e+01
5.250000e-01	-3.079107e+00	-1.216867e+01
5.255000e-01	-3.074294e+00	-1.218839e+01
5.260000e-01	-3.069843e+00	-1.220869e+01
5.265000e-01	-3.065695e+00	-1.222963e+01
5.270000e-01	-3.061864e+00	-1.225124e+01
5.275000e-01	-3.058445e+00	-1.227354e+01
5.280000e-01	-3.055597e+00	-1.229652e+01
5.285000e-01	-3.053494e+00	-1.232016e+01
5.290000e-01	-3.052273e+00	-1.234446e+01
5.295000e-01	-3.052001e+00	-1.236938e+01
5.300000e-01	-3.052660e+00	-1.239494e+01
5.305000e-01	-3.054166e+00	-1.242110e+01
5.310000e-01	-3.056403e+00	-1.244786e+01
5.315000e-01	-3.059274e+00	-1.247519e+01
5.320000e-01	-3.062720e+00	-1.250303e+01
5.325000e-01	-3.066732e+00	-1.253132e+01
5.330000e-01	-3.071326e+00	-1.255998e+01
5.335000e-01	-3.076502e+00	-1.258892e+01
5.340000e-01	-3.082210e+00	-1.261804e+01
5.345000e-01	-3.088319e+00	-1.264727e+01
5.350000e-01	-3.094623e+00	-1.267654e+01
5.355000e-01	-3.100863e+00	-1.270578e+01
5.360000e-01	-3.106773e+00	-1.273491e+01
5.365000e-01	-3.112120e+00	-1.276387e+01
5.370000e-01	-3.116744e+00	-1.279257e+01
5.375000e-01	-3.120554e+00	-1.282093e+01
5.380000e-01	-3.123525e+00	-1.284889e+01
5.385000e-01	-3.125655e+00	-1.287636e+01
5.390000e-01	-3.126942e+00	-1.290331e+01
5.395000e-01	-3.127355e+00	-1.292972e+01
5.400000e-01	-3.126841e+00	-1.295556e+01
5.405000e-01	-3.125337e+00	-1.298084e+01
5.410000e-01	-3.122805e+00	-1.300558e+01
5.415000e-01	-3.119257e+00	-1.302979e+01
5.420000e-01	-3.114774e+00	-1.305348e+01
5.425000e-01	-3.109500e+00	-1.307667e+01
5.430000e-01	-3.103616e+00	-1.309939e+01
5.435000e-01	-3.097308e+00	-1.312167e+01
5.440000e-01	-3.090733e+00	-1.314356e+01
5.445000e-01	-3.083999e+00	-1.316513e+01
5.450000e-01	-3.077161e+00	-1.318644e+01
5.455000e-01	-3.070242e+00	-1.320758e+01
5.460000e-01	-3.063259e+00	-1.322861e+01
5.465000e-01	-3.056251e+00	-1.324959e+01
5.470000e-01	-3.049291e+00	-1.327057e+01
5.475000e-01	-3.042490e+00	-1.329161e+01
5.480000e-01	-3.035980e+00	-1.331277e+01
5.485000e-01	-3.029887e+00	-1.333408e+01
5.490000e-01	-3.024312e+00	-1.335563e+01
5.495000e-01	-3.019317e+00	-1.337746e+01
5.500000e-01	-3.014930e+00	-1.339964e+01
5.505000e-01	-3.011161e+00	-1.342222e+01
5.510000e-01	-3.008016e+00	-1.344523e+01
5.515000e-01	-3.005529e+00	-1.346872e+01
5.520000e-01	-3.003770e+00	-1.349268e+01
5.525000e-01	-3.002843e+00	-1.351712e+01
5.530000e-01	-3.002772e+00	-1.354206e+01
5.535000e-01	-3.003380e+00	-1.356756e+01
5.540000e-01	-3.004458e+00	-1.359370e+01
5.545000e-01	-3.005829e+00	-1.362052e+01
5.550000e-01	-3.007373e+00	-1.364802e+01
5.555000e-01	-3.009057e+00	-1.367615e+01
5.560000e-01	-3.010960e+00	-1.370485e+01
5.565000e-01	-3.013291e+00	-1.373398e+01
5.570000e-01	-3.016299e+00	-1.376339e+01
5.575000e-01	-3.020197e+00	-1.379295e+01
5.580000e-01	-3.025111e+00	-1.382253e+01
5.585000e-01	-3.031115e+00	-1.385198e+01
5.590000e-01	-3.038278e+00	-1.388118e+01
5.595000e-01	-3.046443e+00	-1.391002e+01
5.600000e-01	-3.055238e+00	-1.393843e+01
5.605000e-01	-3.064178e+00	-1.396632e+01
5.610000e-01	-3.072770e+00	-1.399361e+01
5.615000e-01	-3.080599e+00	-1.402016e+01
5.620000e-01	-3.087366e+00	-1.404588e+01
5.625000e-01	-3.092865e+00	-1.407063e+01
5.630000e-01	-3.096936e+00	-1.409435e+01
5.635000e-01	-3.099434e+00	-1.411697e+01
5.640000e-01	-3.100264e+00	-1.413850e+01
5.645000e-01	-3.099426e+00	-1.415894e+01
5.650000e-01	-3.097034e+00	-1.417832e+01
5.655000e-01	-3.093309e+00	-1.419665e+01
5.660000e-01	-3.088532e+00	-1.421397e+01
5.665000e-01	-3.082994e+00	-1.423031e+01
5.670000e-01	-3.076951e+00	-1.424574e+01
5.675000e-01	-3.070596e+00	-1.426030e+01
5.680000e-01	-3.064073e+00	-1.427410e+01
5.685000e-01	-3.057489e+00	-1.428723e+01
5.690000e-01	-3.050942e+00	-1.429977e+01
5.695000e-01	-3.044534e+00	-1.431182e+01
5.700000e-01	-3.038366e+00	-1.432346e+01
5.705000e-01	-3.032518e+00	-1.433477e+01
5.710000e-01	-3.027037e+00	-1.434582e+01
5.715000e-01	-3.021923e+00	-1.435669e+01
5.720000e-01	-3.017150e+00	-1.436746e+01
5.725000e-01	-3.012690e+00	-1.437821e+01
5.730000e-01	-3.008545e+00	-1.438900e+01
5.735000e-01	-3.004773e+00	-1.439990e+01
5.740000e-01	-3.001490e+00	-1.441097e+01
5.745000e-01	-2.998851e+00	-1.442226e+01
5.750000e-01	-2.997025e+00	-1.443380e+01
5.755000e-01	-2.996153e+00	-1.444565e+01
5.760000e-01	-2.996341e+00	-1.445784e+01
5.765000e-01	-2.997661e+00	-1.447043e+01
5.770000e-01	-3.000173e+00	-1.448343e+01
5.775000e-01	-3.003949e+00	-1.449686e+01
5.780000e-01	-3.009086e+00	-1.451071e+01
5.785000e-01	-3.015693e+00	-1.452494e+01
5.790000e-01	-3.023861e+00	-1.453950e+01
5.794772e-01	-3.033137e+00	-1.455365e+01
5.795000e-01	-3.033615e+00	-1.455433e+01
5.800000e-01	-3.044884e+00	-1.456934e+01
5.803633e-01	-3.053884e+00	-1.458032e+01
5.805000e-01	-3.057421e+00	-1.458445e+01
5.810000e-01	-3.070854e+00	-1.459953e+01
5.815000e-01	-3.084695e+00	-1.461443e+01
5.820000e-01	-3.098509e+00	-1.462902e+01
5.825000e-01	-3.111889e+00	-1.464312e+01
5.830000e-01	-3.124580e+00	-1.465660e+01
5.835000e-01	-3.136380e+00	-1.466932e+01
5.838000e-01	-3.142980e+00	-1.467653e+01
5.839250e-01	-3.145616e+00	-1.467943e+01
5.840000e-01	-3.147164e+00	-1.468115e+01
5.841299e-01	-3.149781e+00	-1.468406e+01
5.842608e-01	-3.152332e+00	-1.468694e+01
5.845000e-01	-3.156744e+00	-1.469203e+01
5.847940e-01	-3.161672e+00	-1.469804e+01
5.849335e-01	-3.163798e+00	-1.470079e+01
5.850000e-01	-3.164761e+00	-1.470208e+01
5.851438e-01	-3.166723e+00	-1.470484e+01
5.852738e-01	-3.168352e+00	-1.470728e+01
5.854218e-01	-3.170030e+00	-1.471001e+01
5.855000e-01	-3.170838e+00	-1.471143e+01
5.860000e-01	-3.174657e+00	-1.472019e+01
5.865000e-01	-3.176025e+00	-1.472846e+01
5.866569e-01	-3.175942e+00	-1.473096e+01
5.868206e-01	-3.175600e+00	-1.473352e+01
5.869589e-01	-3.175113e+00	-1.473564e+01
5.870000e-01	-3.174935e+00	-1.473627e+01
5.871871e-01	-3.173930e+00	-1.473907e+01
5.873168e-01	-3.173057e+00	-1.474098e+01
5.875000e-01	-3.171592e+00	-1.474361e+01
5.880000e-01	-3.166400e+00	-1.475043e+01
5.885000e-01	-3.159899e+00	-1.475665e+01
5.890000e-01	-3.152674e+00	-1.476218e+01
5.891633e-01	-3.150252e+00	-1.476382e+01
5.895000e-01	-3.145274e+00	-1.476694e+01
5.900000e-01	-3.138141e+00	-1.477089e+01
5.905000e-01	-3.131554e+00	-1.477408e+01
5.910000e-01	-3.125623e+00	-1.477666e+01
5.915000e-01	-3.120343e+00	-1.477892e+01
5.920000e-01	-3.115694e+00	-1.478120e+01
5.925000e-01	-3.111729e+00	-1.478380e+01
5.930000e-01	-3.108623e+00	-1.478695e+01
5.935000e-01	-3.106648e+00	-1.479075e+01
5.936722e-01	-3.106283e+00	-1.479220e+01
5.938405e-01	-3.106099e+00	-1.479369e+01
5.940000e-01	-3.106089e+00	-1.479516e+01
5.941952e-01	-3.106302e+00	-1.479704e+01
5.945000e-01	-3.107140e+00	-1.480013e+01
5.950000e-01	-3.109828e+00	-1.480558e+01
5.955000e-01	-3.113993e+00	-1.481152e+01
5.960000e-01	-3.119337e+00	-1.481803e+01
5.965000e-01	-3.125538e+00	-1.482522e+01
5.970000e-01	-3.132350e+00	-1.483319e+01
5.975000e-01	-3.139686e+00	-1.484196e+01
5.980000e-01	-3.147614e+00	-1.485143e+01
5.985000e-01	-3.156292e+00	-1.486137e+01
5.990000e-01	-3.165861e+00	-1.487151e+01
5.995000e-01	-3.176342e+00	-1.488155e+01
6.000000e-01	-3.187579e+00	-1.489126e+01


