"     ankle"

"Time      "	".JOINT_14.Ax_Ay_Az_Projection_Angles.Z"	".JOINT_15.Ax_Ay_Az_Projection_Angles.Z"
0.000000e+00	1.193196e-13	0.000000e+00
5.000000e-04	2.867062e-04	-1.864450e-05
1.000000e-03	1.019924e-03	-1.461491e-04
1.500000e-03	2.002825e-03	-4.918269e-04
2.000000e-03	3.045414e-03	-1.159545e-03
2.500000e-03	3.984909e-03	-2.236669e-03
3.000000e-03	4.701136e-03	-3.786568e-03
3.500000e-03	5.124587e-03	-5.847420e-03
4.000000e-03	5.237182e-03	-8.438614e-03
4.500000e-03	5.065934e-03	-1.157070e-02
5.000000e-03	4.671338e-03	-1.525354e-02
5.500000e-03	4.134137e-03	-1.949913e-02
6.000000e-03	3.543953e-03	-2.431821e-02
6.500000e-03	2.991709e-03	-2.971222e-02
7.000000e-03	2.565413e-03	-3.566334e-02
7.500000e-03	2.344714e-03	-4.212581e-02
8.000000e-03	2.398312e-03	-4.902424e-02
8.500000e-03	2.785566e-03	-5.626176e-02
9.000000e-03	3.560174e-03	-6.373558e-02
9.500000e-03	4.772994e-03	-7.135408e-02
1.000000e-02	6.471704e-03	-7.904954e-02
1.050000e-02	8.684137e-03	-8.677436e-02
1.100000e-02	1.138331e-02	-9.447796e-02
1.150000e-02	1.451615e-02	-1.021133e-01
1.200000e-02	1.802232e-02	-1.096340e-01
1.250000e-02	2.184268e-02	-1.169948e-01
1.300000e-02	2.591931e-02	-1.241584e-01
1.350000e-02	3.019857e-02	-1.311027e-01
1.400000e-02	3.464065e-02	-1.378229e-01
1.450000e-02	3.923221e-02	-1.443285e-01
1.500000e-02	4.399667e-02	-1.506368e-01
1.550000e-02	4.899734e-02	-1.567659e-01
1.600000e-02	5.433056e-02	-1.627295e-01
1.650000e-02	6.010986e-02	-1.685354e-01
1.700000e-02	6.644267e-02	-1.741884e-01
1.750000e-02	7.336602e-02	-1.797206e-01
1.800000e-02	8.086094e-02	-1.851795e-01
1.850000e-02	8.889309e-02	-1.906066e-01
1.900000e-02	9.739331e-02	-1.960502e-01
1.950000e-02	1.062602e-01	-2.015654e-01
2.000000e-02	1.153587e-01	-2.072168e-01
2.050000e-02	1.245233e-01	-2.130780e-01
2.100000e-02	1.335683e-01	-2.192289e-01
2.150000e-02	1.423037e-01	-2.257501e-01
2.200000e-02	1.505537e-01	-2.327181e-01
2.250000e-02	1.581749e-01	-2.402010e-01
2.300000e-02	1.650678e-01	-2.482574e-01
2.350000e-02	1.711756e-01	-2.569342e-01
2.400000e-02	1.764679e-01	-2.662614e-01
2.450000e-02	1.809246e-01	-2.762508e-01
2.500000e-02	1.845262e-01	-2.868980e-01
2.550000e-02	1.872575e-01	-2.981880e-01
2.600000e-02	1.891195e-01	-3.101025e-01
2.650000e-02	1.901433e-01	-3.226245e-01
2.700000e-02	1.903990e-01	-3.357408e-01
2.750000e-02	1.899915e-01	-3.494388e-01
2.800000e-02	1.890454e-01	-3.637021e-01
2.850000e-02	1.876809e-01	-3.785060e-01
2.900000e-02	1.859918e-01	-3.938158e-01
2.950000e-02	1.840303e-01	-4.095899e-01
3.000000e-02	1.818057e-01	-4.257867e-01
3.050000e-02	1.792947e-01	-4.423724e-01
3.100000e-02	1.764574e-01	-4.593276e-01
3.150000e-02	1.732539e-01	-4.766484e-01
3.200000e-02	1.696531e-01	-4.943430e-01
3.250000e-02	1.656326e-01	-5.124239e-01
3.300000e-02	1.611706e-01	-5.308995e-01
3.350000e-02	1.562366e-01	-5.497687e-01
3.400000e-02	1.507860e-01	-5.690201e-01
3.450000e-02	1.447627e-01	-5.886361e-01
3.500000e-02	1.381070e-01	-6.086000e-01
3.550000e-02	1.307741e-01	-6.289041e-01
3.600000e-02	1.227463e-01	-6.495538e-01
3.650000e-02	1.140399e-01	-6.705663e-01
3.700000e-02	1.047020e-01	-6.919640e-01
3.750000e-02	9.479914e-02	-7.137655e-01
3.800000e-02	8.440048e-02	-7.359787e-01
3.850000e-02	7.356445e-02	-7.585982e-01
3.900000e-02	6.233057e-02	-7.816088e-01
3.950000e-02	5.071932e-02	-8.049934e-01
4.000000e-02	3.873900e-02	-8.287416e-01
4.050000e-02	2.639373e-02	-8.528559e-01
4.100000e-02	1.368900e-02	-8.773528e-01
4.150000e-02	6.320228e-04	-9.022578e-01
4.200000e-02	-1.277272e-02	-9.275972e-01
4.250000e-02	-2.653131e-02	-9.533878e-01
4.300000e-02	-4.066573e-02	-9.796309e-01
4.350000e-02	-5.521351e-02	-1.006311e+00
4.400000e-02	-7.022018e-02	-1.033403e+00
4.450000e-02	-8.572627e-02	-1.060875e+00
4.500000e-02	-1.017530e-01	-1.088701e+00
4.550000e-02	-1.182913e-01	-1.116861e+00
4.600000e-02	-1.352963e-01	-1.145337e+00
4.650000e-02	-1.526911e-01	-1.174113e+00
4.700000e-02	-1.703732e-01	-1.203160e+00
4.750000e-02	-1.882234e-01	-1.232432e+00
4.800000e-02	-2.061129e-01	-1.261867e+00
4.850000e-02	-2.239049e-01	-1.291388e+00
4.900000e-02	-2.414564e-01	-1.320915e+00
4.950000e-02	-2.586143e-01	-1.350371e+00
5.000000e-02	-2.752162e-01	-1.379693e+00
5.050000e-02	-2.910956e-01	-1.408830e+00
5.100000e-02	-3.060918e-01	-1.437744e+00
5.150000e-02	-3.200624e-01	-1.466402e+00
5.200000e-02	-3.328941e-01	-1.494774e+00
5.250000e-02	-3.445118e-01	-1.522825e+00
5.300000e-02	-3.548804e-01	-1.550519e+00
5.350000e-02	-3.639984e-01	-1.577822e+00
5.400000e-02	-3.718909e-01	-1.604713e+00
5.450000e-02	-3.786014e-01	-1.631185e+00
5.500000e-02	-3.841850e-01	-1.657246e+00
5.550000e-02	-3.887077e-01	-1.682925e+00
5.600000e-02	-3.922439e-01	-1.708257e+00
5.650000e-02	-3.948760e-01	-1.733279e+00
5.700000e-02	-3.966752e-01	-1.757993e+00
5.750000e-02	-3.977180e-01	-1.782394e+00
5.800000e-02	-3.980987e-01	-1.806497e+00
5.850000e-02	-3.979215e-01	-1.830339e+00
5.900000e-02	-3.972838e-01	-1.853982e+00
5.950000e-02	-3.962586e-01	-1.877493e+00
6.000000e-02	-3.948830e-01	-1.900934e+00
6.050000e-02	-3.931564e-01	-1.924340e+00
6.100000e-02	-3.910494e-01	-1.947719e+00
6.150000e-02	-3.885212e-01	-1.971051e+00
6.200000e-02	-3.855365e-01	-1.994302e+00
6.250000e-02	-3.820785e-01	-2.017442e+00
6.300000e-02	-3.781525e-01	-2.040459e+00
6.350000e-02	-3.737809e-01	-2.063360e+00
6.400000e-02	-3.689923e-01	-2.086173e+00
6.450000e-02	-3.638111e-01	-2.108930e+00
6.500000e-02	-3.582505e-01	-2.131654e+00
6.550000e-02	-3.523130e-01	-2.154340e+00
6.600000e-02	-3.459957e-01	-2.176960e+00
6.650000e-02	-3.393000e-01	-2.199459e+00
6.700000e-02	-3.322376e-01	-2.221776e+00
6.750000e-02	-3.248327e-01	-2.243858e+00
6.800000e-02	-3.171181e-01	-2.265669e+00
6.850000e-02	-3.091234e-01	-2.287201e+00
6.900000e-02	-3.008668e-01	-2.308462e+00
6.950000e-02	-2.923472e-01	-2.329464e+00
7.000000e-02	-2.835416e-01	-2.350212e+00
7.050000e-02	-2.744095e-01	-2.370691e+00
7.100000e-02	-2.649017e-01	-2.390862e+00
7.150000e-02	-2.549712e-01	-2.410677e+00
7.200000e-02	-2.445826e-01	-2.430087e+00
7.250000e-02	-2.337177e-01	-2.449060e+00
7.300000e-02	-2.223773e-01	-2.467594e+00
7.350000e-02	-2.105810e-01	-2.485714e+00
7.400000e-02	-1.983624e-01	-2.503471e+00
7.450000e-02	-1.857738e-01	-2.520928e+00
7.500000e-02	-1.728778e-01	-2.538142e+00
7.550000e-02	-1.597627e-01	-2.555162e+00
7.600000e-02	-1.465243e-01	-2.572017e+00
7.650000e-02	-1.333000e-01	-2.588736e+00
7.700000e-02	-1.202483e-01	-2.605350e+00
7.750000e-02	-1.075254e-01	-2.621901e+00
7.800000e-02	-9.533131e-02	-2.638464e+00
7.850000e-02	-8.384843e-02	-2.655129e+00
7.900000e-02	-7.326771e-02	-2.672007e+00
7.950000e-02	-6.375478e-02	-2.689196e+00
8.000000e-02	-5.547902e-02	-2.706796e+00
8.050000e-02	-4.856259e-02	-2.724865e+00
8.100000e-02	-4.311706e-02	-2.743447e+00
8.150000e-02	-3.923380e-02	-2.762571e+00
8.200000e-02	-3.698185e-02	-2.782257e+00
8.250000e-02	-3.640796e-02	-2.802527e+00
8.300000e-02	-3.753696e-02	-2.823412e+00
8.350000e-02	-4.037249e-02	-2.844947e+00
8.400000e-02	-4.489818e-02	-2.867172e+00
8.450000e-02	-5.107946e-02	-2.890116e+00
8.500000e-02	-5.886577e-02	-2.913794e+00
8.550000e-02	-6.819304e-02	-2.938195e+00
8.600000e-02	-7.898614e-02	-2.963283e+00
8.650000e-02	-9.116117e-02	-2.989004e+00
8.700000e-02	-1.046273e-01	-3.015291e+00
8.750000e-02	-1.192880e-01	-3.042075e+00
8.800000e-02	-1.350419e-01	-3.069293e+00
8.850000e-02	-1.517829e-01	-3.096885e+00
8.900000e-02	-1.693992e-01	-3.124793e+00
8.950000e-02	-1.877721e-01	-3.152956e+00
9.000000e-02	-2.067744e-01	-3.181298e+00
9.050000e-02	-2.262679e-01	-3.209725e+00
9.100000e-02	-2.461027e-01	-3.238124e+00
9.150000e-02	-2.661162e-01	-3.266370e+00
9.200000e-02	-2.861343e-01	-3.294329e+00
9.250000e-02	-3.059750e-01	-3.321874e+00
9.300000e-02	-3.254520e-01	-3.348890e+00
9.350000e-02	-3.444004e-01	-3.375285e+00
9.400000e-02	-3.626144e-01	-3.400966e+00
9.450000e-02	-3.799376e-01	-3.425869e+00
9.500000e-02	-3.962171e-01	-3.449934e+00
9.550000e-02	-4.113311e-01	-3.473107e+00
9.600000e-02	-4.251819e-01	-3.495340e+00
9.650000e-02	-4.376968e-01	-3.516593e+00
9.700000e-02	-4.488380e-01	-3.536844e+00
9.750000e-02	-4.586012e-01	-3.556095e+00
9.800000e-02	-4.670187e-01	-3.574379e+00
9.850000e-02	-4.741690e-01	-3.591761e+00
9.900000e-02	-4.801522e-01	-3.608323e+00
9.950000e-02	-4.851278e-01	-3.624182e+00
1.000000e-01	-4.892788e-01	-3.639463e+00
1.005000e-01	-4.927812e-01	-3.654272e+00
1.010000e-01	-4.958529e-01	-3.668737e+00
1.015000e-01	-4.986833e-01	-3.682961e+00
1.020000e-01	-5.014621e-01	-3.697052e+00
1.025000e-01	-5.043449e-01	-3.711103e+00
1.030000e-01	-5.074772e-01	-3.725214e+00
1.035000e-01	-5.109594e-01	-3.739461e+00
1.040000e-01	-5.148796e-01	-3.753926e+00
1.045000e-01	-5.192808e-01	-3.768660e+00
1.050000e-01	-5.241711e-01	-3.783689e+00
1.055000e-01	-5.295217e-01	-3.799012e+00
1.060000e-01	-5.352539e-01	-3.814587e+00
1.065000e-01	-5.412671e-01	-3.830358e+00
1.070000e-01	-5.474302e-01	-3.846244e+00
1.075000e-01	-5.535912e-01	-3.862154e+00
1.080000e-01	-5.595887e-01	-3.877990e+00
1.085000e-01	-5.652617e-01	-3.893651e+00
1.090000e-01	-5.704579e-01	-3.909039e+00
1.095000e-01	-5.750396e-01	-3.924057e+00
1.100000e-01	-5.788858e-01	-3.938612e+00
1.105000e-01	-5.818934e-01	-3.952610e+00
1.110000e-01	-5.839761e-01	-3.965964e+00
1.115000e-01	-5.850640e-01	-3.978591e+00
1.120000e-01	-5.851037e-01	-3.990419e+00
1.125000e-01	-5.840594e-01	-4.001391e+00
1.130000e-01	-5.819138e-01	-4.011467e+00
1.135000e-01	-5.786697e-01	-4.020628e+00
1.140000e-01	-5.743493e-01	-4.028873e+00
1.145000e-01	-5.689925e-01	-4.036220e+00
1.150000e-01	-5.626534e-01	-4.042697e+00
1.155000e-01	-5.553967e-01	-4.048346e+00
1.160000e-01	-5.472944e-01	-4.053216e+00
1.165000e-01	-5.384241e-01	-4.057362e+00
1.170000e-01	-5.288700e-01	-4.060847e+00
1.175000e-01	-5.187255e-01	-4.063741e+00
1.180000e-01	-5.080969e-01	-4.066125e+00
1.185000e-01	-4.971073e-01	-4.068093e+00
1.190000e-01	-4.858989e-01	-4.069743e+00
1.195000e-01	-4.746328e-01	-4.071186e+00
1.200000e-01	-4.634866e-01	-4.072534e+00
1.205000e-01	-4.526504e-01	-4.073900e+00
1.210000e-01	-4.423214e-01	-4.075393e+00
1.215000e-01	-4.326990e-01	-4.077115e+00
1.220000e-01	-4.239810e-01	-4.079163e+00
1.225000e-01	-4.163601e-01	-4.081626e+00
1.230000e-01	-4.100220e-01	-4.084585e+00
1.235000e-01	-4.051425e-01	-4.088115e+00
1.240000e-01	-4.018841e-01	-4.092284e+00
1.245000e-01	-4.003918e-01	-4.097155e+00
1.250000e-01	-4.007874e-01	-4.102776e+00
1.255000e-01	-4.031636e-01	-4.109186e+00
1.260000e-01	-4.075800e-01	-4.116408e+00
1.265000e-01	-4.140596e-01	-4.124449e+00
1.270000e-01	-4.225892e-01	-4.133299e+00
1.275000e-01	-4.331217e-01	-4.142934e+00
1.280000e-01	-4.455806e-01	-4.153319e+00
1.285000e-01	-4.598657e-01	-4.164409e+00
1.290000e-01	-4.758584e-01	-4.176151e+00
1.295000e-01	-4.934258e-01	-4.188489e+00
1.300000e-01	-5.124245e-01	-4.201361e+00
1.305000e-01	-5.327026e-01	-4.214701e+00
1.310000e-01	-5.541010e-01	-4.228438e+00
1.315000e-01	-5.764558e-01	-4.242492e+00
1.320000e-01	-5.996003e-01	-4.256782e+00
1.325000e-01	-6.233684e-01	-4.271219e+00
1.330000e-01	-6.475978e-01	-4.285713e+00
1.335000e-01	-6.721324e-01	-4.300174e+00
1.340000e-01	-6.968239e-01	-4.314516e+00
1.345000e-01	-7.215314e-01	-4.328656e+00
1.350000e-01	-7.461199e-01	-4.342514e+00
1.355000e-01	-7.704722e-01	-4.356025e+00
1.360000e-01	-7.944851e-01	-4.369093e+00
1.365000e-01	-8.181786e-01	-4.381589e+00
1.370000e-01	-8.415784e-01	-4.393377e+00
1.375000e-01	-8.646840e-01	-4.404328e+00
1.380000e-01	-8.874600e-01	-4.414323e+00
1.385000e-01	-9.098316e-01	-4.423256e+00
1.390000e-01	-9.316832e-01	-4.431043e+00
1.395000e-01	-9.528607e-01	-4.437619e+00
1.400000e-01	-9.731754e-01	-4.442946e+00
1.405000e-01	-9.924117e-01	-4.447008e+00
1.410000e-01	-1.010336e+00	-4.449813e+00
1.415000e-01	-1.026711e+00	-4.451387e+00
1.420000e-01	-1.041312e+00	-4.451772e+00
1.425000e-01	-1.053946e+00	-4.451024e+00
1.430000e-01	-1.064470e+00	-4.449210e+00
1.435000e-01	-1.072809e+00	-4.446406e+00
1.440000e-01	-1.078973e+00	-4.442695e+00
1.445000e-01	-1.083085e+00	-4.438154e+00
1.450000e-01	-1.085387e+00	-4.432848e+00
1.455000e-01	-1.086216e+00	-4.426831e+00
1.460000e-01	-1.085938e+00	-4.420155e+00
1.465000e-01	-1.084885e+00	-4.412888e+00
1.470000e-01	-1.083303e+00	-4.405113e+00
1.475000e-01	-1.081339e+00	-4.396936e+00
1.480000e-01	-1.079060e+00	-4.388471e+00
1.485000e-01	-1.076498e+00	-4.379829e+00
1.490000e-01	-1.073694e+00	-4.371102e+00
1.495000e-01	-1.070726e+00	-4.362354e+00
1.500000e-01	-1.067708e+00	-4.353621e+00
1.505000e-01	-1.064755e+00	-4.344924e+00
1.510000e-01	-1.061945e+00	-4.336276e+00
1.515000e-01	-1.059282e+00	-4.327696e+00
1.520000e-01	-1.056694e+00	-4.319211e+00
1.525000e-01	-1.054048e+00	-4.310855e+00
1.530000e-01	-1.051204e+00	-4.302665e+00
1.535000e-01	-1.048104e+00	-4.294651e+00
1.540000e-01	-1.044811e+00	-4.286796e+00
1.545000e-01	-1.041423e+00	-4.279087e+00
1.550000e-01	-1.038028e+00	-4.271524e+00
1.555000e-01	-1.034711e+00	-4.264121e+00
1.560000e-01	-1.031584e+00	-4.256889e+00
1.565000e-01	-1.028764e+00	-4.249840e+00
1.570000e-01	-1.026364e+00	-4.242988e+00
1.575000e-01	-1.024495e+00	-4.236350e+00
1.580000e-01	-1.023255e+00	-4.229950e+00
1.585000e-01	-1.022731e+00	-4.223823e+00
1.590000e-01	-1.022988e+00	-4.218018e+00
1.595000e-01	-1.024067e+00	-4.212599e+00
1.600000e-01	-1.025981e+00	-4.207643e+00
1.605000e-01	-1.028725e+00	-4.203239e+00
1.610000e-01	-1.032294e+00	-4.199471e+00
1.615000e-01	-1.036711e+00	-4.196415e+00
1.620000e-01	-1.042033e+00	-4.194133e+00
1.625000e-01	-1.048343e+00	-4.192683e+00
1.630000e-01	-1.055734e+00	-4.192121e+00
1.635000e-01	-1.064283e+00	-4.192519e+00
1.640000e-01	-1.074038e+00	-4.193962e+00
1.645000e-01	-1.085017e+00	-4.196549e+00
1.650000e-01	-1.097223e+00	-4.200384e+00
1.655000e-01	-1.110664e+00	-4.205560e+00
1.660000e-01	-1.125323e+00	-4.212204e+00
1.665000e-01	-1.141151e+00	-4.220484e+00
1.670000e-01	-1.158115e+00	-4.230541e+00
1.675000e-01	-1.176177e+00	-4.242490e+00
1.680000e-01	-1.195273e+00	-4.256423e+00
1.685000e-01	-1.215288e+00	-4.272410e+00
1.690000e-01	-1.236048e+00	-4.290499e+00
1.695000e-01	-1.257329e+00	-4.310713e+00
1.700000e-01	-1.278871e+00	-4.333034e+00
1.705000e-01	-1.300405e+00	-4.357402e+00
1.710000e-01	-1.321662e+00	-4.383706e+00
1.715000e-01	-1.342384e+00	-4.411789e+00
1.720000e-01	-1.362315e+00	-4.441452e+00
1.725000e-01	-1.381195e+00	-4.472469e+00
1.730000e-01	-1.398744e+00	-4.504595e+00
1.735000e-01	-1.414674e+00	-4.537580e+00
1.740000e-01	-1.428694e+00	-4.571169e+00
1.745000e-01	-1.440534e+00	-4.605105e+00
1.750000e-01	-1.449976e+00	-4.639132e+00
1.755000e-01	-1.456881e+00	-4.672989e+00
1.760000e-01	-1.461191e+00	-4.706413e+00
1.765000e-01	-1.462932e+00	-4.739142e+00
1.770000e-01	-1.462197e+00	-4.770925e+00
1.775000e-01	-1.459107e+00	-4.801554e+00
1.780000e-01	-1.453749e+00	-4.830929e+00
1.785000e-01	-1.446144e+00	-4.859100e+00
1.790000e-01	-1.436369e+00	-4.886227e+00
1.795000e-01	-1.424687e+00	-4.912502e+00
1.800000e-01	-1.411424e+00	-4.938112e+00
1.805000e-01	-1.396964e+00	-4.963178e+00
1.810000e-01	-1.381735e+00	-4.987727e+00
1.815000e-01	-1.366163e+00	-5.011707e+00
1.820000e-01	-1.350611e+00	-5.035056e+00
1.825000e-01	-1.335305e+00	-5.057768e+00
1.830000e-01	-1.320305e+00	-5.079952e+00
1.835000e-01	-1.305506e+00	-5.101839e+00
1.840000e-01	-1.290700e+00	-5.123749e+00
1.845000e-01	-1.275654e+00	-5.146015e+00
1.850000e-01	-1.260216e+00	-5.168911e+00
1.855000e-01	-1.244435e+00	-5.192573e+00
1.860000e-01	-1.228622e+00	-5.216991e+00
1.865000e-01	-1.213293e+00	-5.242042e+00
1.870000e-01	-1.199026e+00	-5.267587e+00
1.875000e-01	-1.186286e+00	-5.293556e+00
1.880000e-01	-1.175300e+00	-5.320011e+00
1.885000e-01	-1.166030e+00	-5.347139e+00
1.890000e-01	-1.158253e+00	-5.375192e+00
1.895000e-01	-1.151713e+00	-5.404398e+00
1.900000e-01	-1.146269e+00	-5.434876e+00
1.905000e-01	-1.141987e+00	-5.466592e+00
1.910000e-01	-1.139124e+00	-5.499385e+00
1.915000e-01	-1.138023e+00	-5.533035e+00
1.920000e-01	-1.138964e+00	-5.567347e+00
1.925000e-01	-1.142028e+00	-5.602226e+00
1.930000e-01	-1.147045e+00	-5.637711e+00
1.935000e-01	-1.153645e+00	-5.673929e+00
1.940000e-01	-1.161386e+00	-5.711022e+00
1.945000e-01	-1.169908e+00	-5.749060e+00
1.950000e-01	-1.179040e+00	-5.787982e+00
1.955000e-01	-1.188824e+00	-5.827597e+00
1.960000e-01	-1.199441e+00	-5.867633e+00
1.965000e-01	-1.211079e+00	-5.907824e+00
1.970000e-01	-1.223798e+00	-5.947987e+00
1.975000e-01	-1.237453e+00	-5.988062e+00
1.980000e-01	-1.251707e+00	-6.028099e+00
1.985000e-01	-1.266133e+00	-6.068197e+00
1.990000e-01	-1.280342e+00	-6.108424e+00
1.995000e-01	-1.294099e+00	-6.148753e+00
2.000000e-01	-1.307341e+00	-6.188997e+00
2.005000e-01	-1.320037e+00	-6.228669e+00
2.010000e-01	-1.332183e+00	-6.267224e+00
2.015000e-01	-1.343741e+00	-6.304230e+00
2.020000e-01	-1.354550e+00	-6.339437e+00
2.025000e-01	-1.364313e+00	-6.372779e+00
2.030000e-01	-1.372664e+00	-6.404331e+00
2.035000e-01	-1.379284e+00	-6.434232e+00
2.040000e-01	-1.384021e+00	-6.462618e+00
2.045000e-01	-1.386951e+00	-6.489585e+00
2.050000e-01	-1.388367e+00	-6.515199e+00
2.055000e-01	-1.388691e+00	-6.539551e+00
2.060000e-01	-1.388334e+00	-6.562807e+00
2.065000e-01	-1.387586e+00	-6.585246e+00
2.070000e-01	-1.386518e+00	-6.607194e+00
2.075000e-01	-1.384957e+00	-6.628898e+00
2.080000e-01	-1.382561e+00	-6.650427e+00
2.085000e-01	-1.378965e+00	-6.671634e+00
2.090000e-01	-1.373931e+00	-6.692219e+00
2.095000e-01	-1.367445e+00	-6.711845e+00
2.100000e-01	-1.359724e+00	-6.730281e+00
2.105000e-01	-1.351130e+00	-6.747500e+00
2.110000e-01	-1.342042e+00	-6.763700e+00
2.115000e-01	-1.332730e+00	-6.779237e+00
2.120000e-01	-1.323290e+00	-6.794499e+00
2.125000e-01	-1.313668e+00	-6.809766e+00
2.130000e-01	-1.303744e+00	-6.825123e+00
2.135000e-01	-1.293451e+00	-6.840452e+00
2.140000e-01	-1.282864e+00	-6.855507e+00
2.145000e-01	-1.272235e+00	-6.870048e+00
2.150000e-01	-1.261935e+00	-6.883973e+00
2.155000e-01	-1.252366e+00	-6.897385e+00
2.160000e-01	-1.243852e+00	-6.910591e+00
2.165000e-01	-1.236566e+00	-6.924007e+00
2.170000e-01	-1.230515e+00	-6.938021e+00
2.175000e-01	-1.225593e+00	-6.952871e+00
2.180000e-01	-1.221669e+00	-6.968574e+00
2.185000e-01	-1.218676e+00	-6.984947e+00
2.190000e-01	-1.216658e+00	-7.001710e+00
2.195000e-01	-1.215768e+00	-7.018611e+00
2.200000e-01	-1.216212e+00	-7.035558e+00
2.205000e-01	-1.218167e+00	-7.052660e+00
2.210000e-01	-1.221725e+00	-7.070191e+00
2.215000e-01	-1.226868e+00	-7.088490e+00
2.220000e-01	-1.233491e+00	-7.107829e+00
2.225000e-01	-1.241454e+00	-7.128315e+00
2.230000e-01	-1.250646e+00	-7.149843e+00
2.235000e-01	-1.261025e+00	-7.172147e+00
2.240000e-01	-1.272628e+00	-7.194896e+00
2.245000e-01	-1.285531e+00	-7.217825e+00
2.250000e-01	-1.299804e+00	-7.240807e+00
2.255000e-01	-1.315443e+00	-7.263916e+00
2.260000e-01	-1.332340e+00	-7.287349e+00
2.265000e-01	-1.350298e+00	-7.311312e+00
2.270000e-01	-1.369040e+00	-7.335925e+00
2.275000e-01	-1.388293e+00	-7.361127e+00
2.280000e-01	-1.407780e+00	-7.386652e+00
2.285000e-01	-1.427294e+00	-7.412150e+00
2.290000e-01	-1.446618e+00	-7.437170e+00
2.295000e-01	-1.465562e+00	-7.461392e+00
2.300000e-01	-1.483892e+00	-7.484642e+00
2.305000e-01	-1.501347e+00	-7.506911e+00
2.310000e-01	-1.517609e+00	-7.528307e+00
2.315000e-01	-1.532400e+00	-7.548935e+00
2.320000e-01	-1.545424e+00	-7.568836e+00
2.325000e-01	-1.556492e+00	-7.587902e+00
2.330000e-01	-1.565491e+00	-7.605883e+00
2.335000e-01	-1.572388e+00	-7.622486e+00
2.340000e-01	-1.577209e+00	-7.637423e+00
2.345000e-01	-1.579998e+00	-7.650577e+00
2.350000e-01	-1.580809e+00	-7.661967e+00
2.355000e-01	-1.579705e+00	-7.671756e+00
2.360000e-01	-1.576772e+00	-7.680201e+00
2.365000e-01	-1.572128e+00	-7.687573e+00
2.370000e-01	-1.565947e+00	-7.694084e+00
2.375000e-01	-1.558452e+00	-7.699846e+00
2.380000e-01	-1.549908e+00	-7.704870e+00
2.385000e-01	-1.540594e+00	-7.709114e+00
2.390000e-01	-1.530771e+00	-7.712545e+00
2.395000e-01	-1.520668e+00	-7.715209e+00
2.400000e-01	-1.510467e+00	-7.717256e+00
2.405000e-01	-1.500317e+00	-7.718941e+00
2.410000e-01	-1.490352e+00	-7.720569e+00
2.415000e-01	-1.480716e+00	-7.722438e+00
2.420000e-01	-1.471577e+00	-7.724768e+00
2.425000e-01	-1.463125e+00	-7.727667e+00
2.430000e-01	-1.455559e+00	-7.731138e+00
2.435000e-01	-1.449060e+00	-7.735110e+00
2.440000e-01	-1.443771e+00	-7.739501e+00
2.445000e-01	-1.439787e+00	-7.744271e+00
2.450000e-01	-1.437157e+00	-7.749458e+00
2.455000e-01	-1.435907e+00	-7.755171e+00
2.460000e-01	-1.436067e+00	-7.761560e+00
2.465000e-01	-1.437689e+00	-7.768767e+00
2.470000e-01	-1.440856e+00	-7.776872e+00
2.475000e-01	-1.445673e+00	-7.785870e+00
2.480000e-01	-1.452234e+00	-7.795670e+00
2.485000e-01	-1.460600e+00	-7.806128e+00
2.490000e-01	-1.470765e+00	-7.817094e+00
2.495000e-01	-1.482655e+00	-7.828456e+00
2.500000e-01	-1.496135e+00	-7.840165e+00
2.505000e-01	-1.511035e+00	-7.852234e+00
2.510000e-01	-1.527182e+00	-7.864711e+00
2.515000e-01	-1.544422e+00	-7.877641e+00
2.520000e-01	-1.562630e+00	-7.891024e+00
2.525000e-01	-1.581698e+00	-7.904796e+00
2.530000e-01	-1.601509e+00	-7.918827e+00
2.535000e-01	-1.621915e+00	-7.932951e+00
2.540000e-01	-1.642719e+00	-7.946994e+00
2.545000e-01	-1.663675e+00	-7.960813e+00
2.550000e-01	-1.684515e+00	-7.974313e+00
2.555000e-01	-1.704973e+00	-7.987452e+00
2.560000e-01	-1.724828e+00	-8.000214e+00
2.565000e-01	-1.743922e+00	-8.012588e+00
2.570000e-01	-1.762161e+00	-8.024536e+00
2.575000e-01	-1.779503e+00	-8.035982e+00
2.580000e-01	-1.795924e+00	-8.046812e+00
2.585000e-01	-1.811386e+00	-8.056892e+00
2.590000e-01	-1.825811e+00	-8.066141e+00
2.595000e-01	-1.838929e+00	-8.074683e+00
2.600000e-01	-1.850439e+00	-8.082742e+00
2.605000e-01	-1.860086e+00	-8.090554e+00
2.610000e-01	-1.867696e+00	-8.098355e+00
2.615000e-01	-1.873191e+00	-8.106364e+00
2.620000e-01	-1.876578e+00	-8.114744e+00
2.625000e-01	-1.877938e+00	-8.123579e+00
2.630000e-01	-1.877394e+00	-8.132847e+00
2.635000e-01	-1.875099e+00	-8.142419e+00
2.640000e-01	-1.871222e+00	-8.152073e+00
2.645000e-01	-1.865950e+00	-8.161524e+00
2.650000e-01	-1.859498e+00	-8.170469e+00
2.655000e-01	-1.852118e+00	-8.178619e+00
2.660000e-01	-1.844070e+00	-8.185769e+00
2.665000e-01	-1.835565e+00	-8.191885e+00
2.670000e-01	-1.826705e+00	-8.197157e+00
2.675000e-01	-1.817489e+00	-8.201950e+00
2.680000e-01	-1.807865e+00	-8.206683e+00
2.685000e-01	-1.797811e+00	-8.211695e+00
2.690000e-01	-1.787404e+00	-8.217141e+00
2.695000e-01	-1.776855e+00	-8.222977e+00
2.700000e-01	-1.766487e+00	-8.229026e+00
2.705000e-01	-1.756673e+00	-8.235104e+00
2.710000e-01	-1.747760e+00	-8.241146e+00
2.715000e-01	-1.740014e+00	-8.247279e+00
2.720000e-01	-1.733602e+00	-8.253807e+00
2.725000e-01	-1.728625e+00	-8.261128e+00
2.730000e-01	-1.725167e+00	-8.269602e+00
2.735000e-01	-1.723353e+00	-8.279440e+00
2.740000e-01	-1.723362e+00	-8.290651e+00
2.745000e-01	-1.725418e+00	-8.303077e+00
2.750000e-01	-1.729734e+00	-8.316484e+00
2.755000e-01	-1.736447e+00	-8.330685e+00
2.760000e-01	-1.745576e+00	-8.345627e+00
2.765000e-01	-1.757008e+00	-8.361420e+00
2.770000e-01	-1.770528e+00	-8.378280e+00
2.775000e-01	-1.785870e+00	-8.396433e+00
2.780000e-01	-1.802780e+00	-8.415992e+00
2.785000e-01	-1.821048e+00	-8.436893e+00
2.790000e-01	-1.840508e+00	-8.458890e+00
2.795000e-01	-1.861001e+00	-8.481624e+00
2.800000e-01	-1.882340e+00	-8.504720e+00
2.805000e-01	-1.904271e+00	-8.527892e+00
2.810000e-01	-1.926470e+00	-8.550994e+00
2.815000e-01	-1.948566e+00	-8.574015e+00
2.820000e-01	-1.970198e+00	-8.597012e+00
2.825000e-01	-1.991044e+00	-8.620016e+00
2.830000e-01	-2.010879e+00	-8.642956e+00
2.835000e-01	-2.029548e+00	-8.665602e+00
2.840000e-01	-2.046961e+00	-8.687635e+00
2.845000e-01	-2.063022e+00	-8.708667e+00
2.850000e-01	-2.077619e+00	-8.728399e+00
2.855000e-01	-2.090570e+00	-8.746631e+00
2.860000e-01	-2.101687e+00	-8.763325e+00
2.865000e-01	-2.110745e+00	-8.778575e+00
2.870000e-01	-2.117590e+00	-8.792519e+00
2.875000e-01	-2.122140e+00	-8.805276e+00
2.880000e-01	-2.124405e+00	-8.816869e+00
2.885000e-01	-2.124474e+00	-8.827215e+00
2.890000e-01	-2.122445e+00	-8.836197e+00
2.895000e-01	-2.118417e+00	-8.843708e+00
2.900000e-01	-2.112468e+00	-8.849718e+00
2.905000e-01	-2.104658e+00	-8.854311e+00
2.910000e-01	-2.095060e+00	-8.857693e+00
2.915000e-01	-2.083791e+00	-8.860158e+00
2.920000e-01	-2.071045e+00	-8.862021e+00
2.925000e-01	-2.057111e+00	-8.863565e+00
2.930000e-01	-2.042358e+00	-8.864988e+00
2.935000e-01	-2.027203e+00	-8.866407e+00
2.940000e-01	-2.012068e+00	-8.867873e+00
2.945000e-01	-1.997337e+00	-8.869431e+00
2.950000e-01	-1.983339e+00	-8.871166e+00
2.955000e-01	-1.970342e+00	-8.873233e+00
2.960000e-01	-1.958582e+00	-8.875859e+00
2.965000e-01	-1.948284e+00	-8.879312e+00
2.970000e-01	-1.939689e+00	-8.883847e+00
2.975000e-01	-1.933054e+00	-8.889656e+00
2.980000e-01	-1.928636e+00	-8.896837e+00
2.985000e-01	-1.926657e+00	-8.905392e+00
2.990000e-01	-1.927265e+00	-8.915252e+00
2.995000e-01	-1.930511e+00	-8.926326e+00
3.000000e-01	-1.936338e+00	-8.938545e+00
3.005000e-01	-1.944606e+00	-8.951886e+00
3.010000e-01	-1.955128e+00	-8.966379e+00
3.015000e-01	-1.967707e+00	-8.982079e+00
3.020000e-01	-1.982171e+00	-8.999024e+00
3.025000e-01	-1.998377e+00	-9.017201e+00
3.030000e-01	-2.016203e+00	-9.036521e+00
3.035000e-01	-2.035517e+00	-9.056819e+00
3.040000e-01	-2.056146e+00	-9.077880e+00
3.045000e-01	-2.077860e+00	-9.099481e+00
3.050000e-01	-2.100369e+00	-9.121424e+00
3.055000e-01	-2.123351e+00	-9.143560e+00
3.060000e-01	-2.146481e+00	-9.165790e+00
3.065000e-01	-2.169470e+00	-9.188041e+00
3.070000e-01	-2.192082e+00	-9.210239e+00
3.075000e-01	-2.214135e+00	-9.232276e+00
3.080000e-01	-2.235479e+00	-9.253992e+00
3.085000e-01	-2.255967e+00	-9.275184e+00
3.090000e-01	-2.275446e+00	-9.295648e+00
3.095000e-01	-2.293662e+00	-9.315125e+00
3.100000e-01	-2.310322e+00	-9.333437e+00
3.105000e-01	-2.325166e+00	-9.350491e+00
3.110000e-01	-2.337940e+00	-9.366236e+00
3.115000e-01	-2.348451e+00	-9.380660e+00
3.120000e-01	-2.356581e+00	-9.393769e+00
3.125000e-01	-2.362289e+00	-9.405559e+00
3.130000e-01	-2.365591e+00	-9.416006e+00
3.135000e-01	-2.366529e+00	-9.425075e+00
3.140000e-01	-2.365153e+00	-9.432736e+00
3.145000e-01	-2.361502e+00	-9.438985e+00
3.150000e-01	-2.355623e+00	-9.443872e+00
3.155000e-01	-2.347586e+00	-9.447507e+00
3.160000e-01	-2.337522e+00	-9.450051e+00
3.165000e-01	-2.325640e+00	-9.451703e+00
3.170000e-01	-2.312234e+00	-9.452672e+00
3.175000e-01	-2.297669e+00	-9.453156e+00
3.180000e-01	-2.282351e+00	-9.453331e+00
3.185000e-01	-2.266688e+00	-9.453350e+00
3.190000e-01	-2.251056e+00	-9.453359e+00
3.195000e-01	-2.235790e+00	-9.453509e+00
3.200000e-01	-2.221179e+00	-9.453972e+00
3.205000e-01	-2.207478e+00	-9.454918e+00
3.210000e-01	-2.195305e+00	-9.456544e+00
3.215000e-01	-2.185458e+00	-9.459007e+00
3.220000e-01	-2.178617e+00	-9.462450e+00
3.225000e-01	-2.175290e+00	-9.466982e+00
3.230000e-01	-2.175772e+00	-9.472670e+00
3.235000e-01	-2.180112e+00	-9.479535e+00
3.240000e-01	-2.188110e+00	-9.487569e+00
3.245000e-01	-2.199331e+00	-9.496760e+00
3.250000e-01	-2.213148e+00	-9.507104e+00
3.255000e-01	-2.228812e+00	-9.518616e+00
3.260000e-01	-2.245545e+00	-9.531321e+00
3.265000e-01	-2.262721e+00	-9.545226e+00
3.270000e-01	-2.280063e+00	-9.560287e+00
3.275000e-01	-2.297702e+00	-9.576384e+00
3.280000e-01	-2.316058e+00	-9.593337e+00
3.285000e-01	-2.335598e+00	-9.610934e+00
3.290000e-01	-2.356584e+00	-9.628977e+00
3.295000e-01	-2.378901e+00	-9.647305e+00
3.300000e-01	-2.402061e+00	-9.665810e+00
3.305000e-01	-2.425349e+00	-9.684409e+00
3.310000e-01	-2.448058e+00	-9.703012e+00
3.315000e-01	-2.469700e+00	-9.721489e+00
3.320000e-01	-2.490112e+00	-9.739658e+00
3.325000e-01	-2.509408e+00	-9.757284e+00
3.330000e-01	-2.527797e+00	-9.774126e+00
3.335000e-01	-2.545365e+00	-9.789968e+00
3.340000e-01	-2.561910e+00	-9.804653e+00
3.345000e-01	-2.576907e+00	-9.818095e+00
3.350000e-01	-2.589623e+00	-9.830268e+00
3.355000e-01	-2.599358e+00	-9.841169e+00
3.360000e-01	-2.605641e+00	-9.850797e+00
3.365000e-01	-2.608370e+00	-9.859131e+00
3.370000e-01	-2.607821e+00	-9.866142e+00
3.375000e-01	-2.604522e+00	-9.871809e+00
3.380000e-01	-2.599055e+00	-9.876160e+00
3.385000e-01	-2.591865e+00	-9.879291e+00
3.390000e-01	-2.583170e+00	-9.881369e+00
3.395000e-01	-2.572983e+00	-9.882620e+00
3.400000e-01	-2.561250e+00	-9.883295e+00
3.405000e-01	-2.548019e+00	-9.883616e+00
3.410000e-01	-2.533613e+00	-9.883792e+00
3.415000e-01	-2.518546e+00	-9.883964e+00
3.420000e-01	-2.503622e+00	-9.884267e+00
3.425000e-01	-2.489667e+00	-9.884837e+00
3.430000e-01	-2.477288e+00	-9.885827e+00
3.435000e-01	-2.466812e+00	-9.887430e+00
3.440000e-01	-2.458246e+00	-9.889858e+00
3.445000e-01	-2.451371e+00	-9.893316e+00
3.450000e-01	-2.445913e+00	-9.897966e+00
3.455000e-01	-2.441711e+00	-9.903904e+00
3.460000e-01	-2.438816e+00	-9.911161e+00
3.465000e-01	-2.437481e+00	-9.919722e+00
3.470000e-01	-2.438063e+00	-9.929557e+00
3.475000e-01	-2.440859e+00	-9.940657e+00
3.480000e-01	-2.445977e+00	-9.953049e+00
3.485000e-01	-2.453276e+00	-9.966790e+00
3.490000e-01	-2.462417e+00	-9.981941e+00
3.495000e-01	-2.472988e+00	-9.998531e+00
3.500000e-01	-2.484661e+00	-1.001653e+01
3.505000e-01	-2.497306e+00	-1.003585e+01
3.510000e-01	-2.511014e+00	-1.005634e+01
3.515000e-01	-2.526033e+00	-1.007784e+01
3.520000e-01	-2.542618e+00	-1.010021e+01
3.525000e-01	-2.560887e+00	-1.012333e+01
3.530000e-01	-2.580716e+00	-1.014715e+01
3.535000e-01	-2.601737e+00	-1.017159e+01
3.540000e-01	-2.623413e+00	-1.019659e+01
3.545000e-01	-2.645174e+00	-1.022201e+01
3.550000e-01	-2.666551e+00	-1.024766e+01
3.555000e-01	-2.687245e+00	-1.027329e+01
3.560000e-01	-2.707118e+00	-1.029862e+01
3.565000e-01	-2.726109e+00	-1.032341e+01
3.570000e-01	-2.744115e+00	-1.034748e+01
3.575000e-01	-2.760896e+00	-1.037070e+01
3.580000e-01	-2.776042e+00	-1.039300e+01
3.585000e-01	-2.789033e+00	-1.041436e+01
3.590000e-01	-2.799344e+00	-1.043470e+01
3.595000e-01	-2.806586e+00	-1.045396e+01
3.600000e-01	-2.810594e+00	-1.047202e+01
3.605000e-01	-2.811458e+00	-1.048875e+01
3.610000e-01	-2.809459e+00	-1.050408e+01
3.615000e-01	-2.804976e+00	-1.051801e+01
3.620000e-01	-2.798349e+00	-1.053062e+01
3.625000e-01	-2.789828e+00	-1.054209e+01
3.630000e-01	-2.779540e+00	-1.055261e+01
3.635000e-01	-2.767565e+00	-1.056243e+01
3.640000e-01	-2.754001e+00	-1.057171e+01
3.645000e-01	-2.739088e+00	-1.058060e+01
3.650000e-01	-2.723200e+00	-1.058920e+01
3.655000e-01	-2.706862e+00	-1.059760e+01
3.660000e-01	-2.690611e+00	-1.060593e+01
3.665000e-01	-2.674971e+00	-1.061438e+01
3.670000e-01	-2.660267e+00	-1.062319e+01
3.675000e-01	-2.646704e+00	-1.063264e+01
3.680000e-01	-2.634312e+00	-1.064299e+01
3.685000e-01	-2.623070e+00	-1.065448e+01
3.690000e-01	-2.612984e+00	-1.066723e+01
3.695000e-01	-2.604180e+00	-1.068133e+01
3.700000e-01	-2.596868e+00	-1.069678e+01
3.705000e-01	-2.591322e+00	-1.071361e+01
3.710000e-01	-2.587819e+00	-1.073186e+01
3.715000e-01	-2.586567e+00	-1.075160e+01
3.720000e-01	-2.587662e+00	-1.077293e+01
3.725000e-01	-2.591076e+00	-1.079596e+01
3.730000e-01	-2.596698e+00	-1.082073e+01
3.735000e-01	-2.604381e+00	-1.084727e+01
3.740000e-01	-2.614010e+00	-1.087550e+01
3.745000e-01	-2.625507e+00	-1.090527e+01
3.750000e-01	-2.638787e+00	-1.093634e+01
3.755000e-01	-2.653527e+00	-1.096846e+01
3.760000e-01	-2.669353e+00	-1.100141e+01
3.765000e-01	-2.685862e+00	-1.103503e+01
3.770000e-01	-2.702645e+00	-1.106920e+01
3.775000e-01	-2.719322e+00	-1.110383e+01
3.780000e-01	-2.735593e+00	-1.113880e+01
3.785000e-01	-2.751290e+00	-1.117394e+01
3.790000e-01	-2.766382e+00	-1.120906e+01
3.795000e-01	-2.780957e+00	-1.124392e+01
3.800000e-01	-2.795156e+00	-1.127831e+01
3.805000e-01	-2.809052e+00	-1.131207e+01
3.810000e-01	-2.822505e+00	-1.134504e+01
3.815000e-01	-2.835084e+00	-1.137713e+01
3.820000e-01	-2.846116e+00	-1.140825e+01
3.825000e-01	-2.854856e+00	-1.143826e+01
3.830000e-01	-2.860675e+00	-1.146704e+01
3.835000e-01	-2.863240e+00	-1.149443e+01
3.840000e-01	-2.862582e+00	-1.152032e+01
3.845000e-01	-2.859035e+00	-1.154463e+01
3.850000e-01	-2.853104e+00	-1.156739e+01
3.855000e-01	-2.845271e+00	-1.158873e+01
3.860000e-01	-2.835867e+00	-1.160883e+01
3.865000e-01	-2.825024e+00	-1.162787e+01
3.870000e-01	-2.812732e+00	-1.164603e+01
3.875000e-01	-2.798968e+00	-1.166343e+01
3.880000e-01	-2.783845e+00	-1.168016e+01
3.885000e-01	-2.767690e+00	-1.169629e+01
3.890000e-01	-2.751042e+00	-1.171190e+01
3.895000e-01	-2.734570e+00	-1.172716e+01
3.900000e-01	-2.718930e+00	-1.174230e+01
3.905000e-01	-2.704618e+00	-1.175761e+01
3.910000e-01	-2.691891e+00	-1.177339e+01
3.915000e-01	-2.680763e+00	-1.178987e+01
3.920000e-01	-2.671085e+00	-1.180722e+01
3.925000e-01	-2.662672e+00	-1.182549e+01
3.930000e-01	-2.655417e+00	-1.184468e+01
3.935000e-01	-2.649358e+00	-1.186474e+01
3.940000e-01	-2.644698e+00	-1.188566e+01
3.945000e-01	-2.641713e+00	-1.190750e+01
3.950000e-01	-2.640646e+00	-1.193038e+01
3.955000e-01	-2.641634e+00	-1.195444e+01
3.960000e-01	-2.644653e+00	-1.197982e+01
3.965000e-01	-2.649526e+00	-1.200658e+01
3.970000e-01	-2.656034e+00	-1.203466e+01
3.975000e-01	-2.663926e+00	-1.206391e+01
3.980000e-01	-2.673065e+00	-1.209412e+01
3.985000e-01	-2.683426e+00	-1.212506e+01
3.990000e-01	-2.695070e+00	-1.215656e+01
3.995000e-01	-2.708083e+00	-1.218851e+01
4.000000e-01	-2.722468e+00	-1.222089e+01
4.005000e-01	-2.738117e+00	-1.225367e+01
4.010000e-01	-2.754779e+00	-1.228683e+01
4.015000e-01	-2.772081e+00	-1.232023e+01
4.020000e-01	-2.789568e+00	-1.235367e+01
4.025000e-01	-2.806773e+00	-1.238687e+01
4.030000e-01	-2.823269e+00	-1.241951e+01
4.035000e-01	-2.838705e+00	-1.245129e+01
4.040000e-01	-2.852808e+00	-1.248197e+01
4.045000e-01	-2.865362e+00	-1.251142e+01
4.050000e-01	-2.876179e+00	-1.253959e+01
4.055000e-01	-2.885067e+00	-1.256650e+01
4.060000e-01	-2.891824e+00	-1.259218e+01
4.065000e-01	-2.896249e+00	-1.261661e+01
4.070000e-01	-2.898178e+00	-1.263975e+01
4.075000e-01	-2.897516e+00	-1.266149e+01
4.080000e-01	-2.894276e+00	-1.268172e+01
4.085000e-01	-2.888593e+00	-1.270038e+01
4.090000e-01	-2.880715e+00	-1.271748e+01
4.095000e-01	-2.870978e+00	-1.273315e+01
4.100000e-01	-2.859770e+00	-1.274760e+01
4.105000e-01	-2.847489e+00	-1.276112e+01
4.110000e-01	-2.834518e+00	-1.277399e+01
4.115000e-01	-2.821204e+00	-1.278645e+01
4.120000e-01	-2.807858e+00	-1.279867e+01
4.125000e-01	-2.794731e+00	-1.281077e+01
4.130000e-01	-2.782125e+00	-1.282279e+01
4.135000e-01	-2.770306e+00	-1.283478e+01
4.140000e-01	-2.759556e+00	-1.284683e+01
4.145000e-01	-2.750169e+00	-1.285908e+01
4.150000e-01	-2.742499e+00	-1.287172e+01
4.155000e-01	-2.737067e+00	-1.288490e+01
4.160000e-01	-2.734278e+00	-1.289872e+01
4.165000e-01	-2.734343e+00	-1.291323e+01
4.170000e-01	-2.737247e+00	-1.292841e+01
4.175000e-01	-2.742759e+00	-1.294413e+01
4.180000e-01	-2.750483e+00	-1.296030e+01
4.185000e-01	-2.759923e+00	-1.297679e+01
4.190000e-01	-2.770552e+00	-1.299358e+01
4.195000e-01	-2.781882e+00	-1.301070e+01
4.200000e-01	-2.793509e+00	-1.302823e+01
4.205000e-01	-2.805187e+00	-1.304622e+01
4.210000e-01	-2.816904e+00	-1.306469e+01
4.215000e-01	-2.828863e+00	-1.308349e+01
4.220000e-01	-2.841383e+00	-1.310241e+01
4.225000e-01	-2.854739e+00	-1.312117e+01
4.230000e-01	-2.869028e+00	-1.313952e+01
4.235000e-01	-2.884103e+00	-1.315730e+01
4.240000e-01	-2.899611e+00	-1.317444e+01
4.245000e-01	-2.915104e+00	-1.319099e+01
4.250000e-01	-2.930179e+00	-1.320697e+01
4.255000e-01	-2.944588e+00	-1.322242e+01
4.260000e-01	-2.958259e+00	-1.323726e+01
4.265000e-01	-2.971238e+00	-1.325135e+01
4.270000e-01	-2.983560e+00	-1.326446e+01
4.275000e-01	-2.995129e+00	-1.327641e+01
4.280000e-01	-3.005652e+00	-1.328707e+01
4.285000e-01	-3.014674e+00	-1.329638e+01
4.290000e-01	-3.021693e+00	-1.330443e+01
4.295000e-01	-3.026318e+00	-1.331133e+01
4.300000e-01	-3.028400e+00	-1.331722e+01
4.305000e-01	-3.028089e+00	-1.332220e+01
4.310000e-01	-3.025787e+00	-1.332632e+01
4.315000e-01	-3.022019e+00	-1.332958e+01
4.320000e-01	-3.017287e+00	-1.333199e+01
4.325000e-01	-3.011953e+00	-1.333357e+01
4.330000e-01	-3.006200e+00	-1.333444e+01
4.335000e-01	-3.000092e+00	-1.333478e+01
4.340000e-01	-2.993689e+00	-1.333481e+01
4.345000e-01	-2.987164e+00	-1.333477e+01
4.350000e-01	-2.980863e+00	-1.333486e+01
4.355000e-01	-2.975291e+00	-1.333523e+01
4.360000e-01	-2.971005e+00	-1.333596e+01
4.365000e-01	-2.968470e+00	-1.333709e+01
4.370000e-01	-2.967934e+00	-1.333866e+01
4.375000e-01	-2.969230e+00	-1.334088e+01
4.380000e-01	-2.971770e+00	-1.334417e+01
4.385000e-01	-2.974883e+00	-1.334897e+01
4.390000e-01	-2.978014e+00	-1.335564e+01
4.395000e-01	-2.980876e+00	-1.336440e+01
4.400000e-01	-2.983512e+00	-1.337529e+01
4.405000e-01	-2.986247e+00	-1.338819e+01
4.410000e-01	-2.989568e+00	-1.340280e+01
4.415000e-01	-2.993960e+00	-1.341871e+01
4.420000e-01	-2.999779e+00	-1.343544e+01
4.425000e-01	-3.007176e+00	-1.345256e+01
4.430000e-01	-3.016055e+00	-1.346979e+01
4.435000e-01	-3.026104e+00	-1.348713e+01
4.440000e-01	-3.036926e+00	-1.350479e+01
4.445000e-01	-3.048202e+00	-1.352311e+01
4.450000e-01	-3.059816e+00	-1.354236e+01
4.455000e-01	-3.071892e+00	-1.356263e+01
4.460000e-01	-3.084705e+00	-1.358372e+01
4.465000e-01	-3.098527e+00	-1.360525e+01
4.470000e-01	-3.113464e+00	-1.362675e+01
4.475000e-01	-3.129346e+00	-1.364782e+01
4.480000e-01	-3.145730e+00	-1.366826e+01
4.485000e-01	-3.162007e+00	-1.368809e+01
4.490000e-01	-3.177574e+00	-1.370749e+01
4.495000e-01	-3.191996e+00	-1.372666e+01
4.500000e-01	-3.205086e+00	-1.374569e+01
4.505000e-01	-3.216886e+00	-1.376448e+01
4.510000e-01	-3.227540e+00	-1.378275e+01
4.515000e-01	-3.237142e+00	-1.380014e+01
4.520000e-01	-3.245622e+00	-1.381629e+01
4.525000e-01	-3.252713e+00	-1.383099e+01
4.530000e-01	-3.258015e+00	-1.384425e+01
4.535000e-01	-3.261142e+00	-1.385622e+01
4.540000e-01	-3.261877e+00	-1.386719e+01
4.545000e-01	-3.260280e+00	-1.387741e+01
4.548767e-01	-3.257729e+00	-1.388470e+01
4.550000e-01	-3.256679e+00	-1.388701e+01
4.555000e-01	-3.251615e+00	-1.389602e+01
4.558748e-01	-3.247229e+00	-1.390229e+01
4.560000e-01	-3.245684e+00	-1.390429e+01
4.562504e-01	-3.242524e+00	-1.390812e+01
4.565000e-01	-3.239307e+00	-1.391171e+01
4.570000e-01	-3.232726e+00	-1.391819e+01
4.575000e-01	-3.225960e+00	-1.392382e+01
4.580000e-01	-3.218909e+00	-1.392880e+01
4.585000e-01	-3.211498e+00	-1.393343e+01
4.590000e-01	-3.203791e+00	-1.393807e+01
4.595000e-01	-3.196052e+00	-1.394297e+01
4.600000e-01	-3.188729e+00	-1.394827e+01
4.605000e-01	-3.182296e+00	-1.395398e+01
4.610000e-01	-3.177174e+00	-1.396004e+01
4.615000e-01	-3.173549e+00	-1.396638e+01
4.620000e-01	-3.171387e+00	-1.397301e+01
4.625000e-01	-3.170468e+00	-1.398003e+01
4.630000e-01	-3.170500e+00	-1.398764e+01
4.635000e-01	-3.171292e+00	-1.399607e+01
4.640000e-01	-3.172830e+00	-1.400549e+01
4.645000e-01	-3.175273e+00	-1.401599e+01
4.650000e-01	-3.178964e+00	-1.402755e+01
4.655000e-01	-3.184226e+00	-1.404006e+01
4.660000e-01	-3.191278e+00	-1.405337e+01
4.665000e-01	-3.200137e+00	-1.406735e+01
4.670000e-01	-3.210592e+00	-1.408196e+01
4.675000e-01	-3.222359e+00	-1.409720e+01
4.679214e-01	-3.233091e+00	-1.411057e+01
4.680000e-01	-3.235157e+00	-1.411312e+01
4.683286e-01	-3.243981e+00	-1.412397e+01
4.685000e-01	-3.248695e+00	-1.412976e+01
4.690000e-01	-3.262820e+00	-1.414706e+01
4.695000e-01	-3.277451e+00	-1.416482e+01
4.700000e-01	-3.292546e+00	-1.418278e+01
4.702574e-01	-3.300477e+00	-1.419199e+01
4.705000e-01	-3.308031e+00	-1.420062e+01
4.710000e-01	-3.323682e+00	-1.421804e+01
4.715000e-01	-3.339167e+00	-1.423483e+01
4.718500e-01	-3.349605e+00	-1.424613e+01
4.720000e-01	-3.353930e+00	-1.425085e+01
4.723000e-01	-3.362211e+00	-1.426006e+01
4.725000e-01	-3.367421e+00	-1.426603e+01
4.730000e-01	-3.379128e+00	-1.428032e+01
4.735000e-01	-3.388741e+00	-1.429369e+01
4.740000e-01	-3.396144e+00	-1.430606e+01
4.745000e-01	-3.401393e+00	-1.431733e+01
4.750000e-01	-3.404664e+00	-1.432737e+01
4.755000e-01	-3.406113e+00	-1.433609e+01
4.760000e-01	-3.405827e+00	-1.434346e+01
4.765000e-01	-3.403802e+00	-1.434956e+01
4.770000e-01	-3.399993e+00	-1.435455e+01
4.775000e-01	-3.394413e+00	-1.435861e+01
4.780000e-01	-3.387190e+00	-1.436196e+01
4.785000e-01	-3.378608e+00	-1.436478e+01
4.790000e-01	-3.369105e+00	-1.436725e+01
4.795000e-01	-3.359219e+00	-1.436951e+01
4.800000e-01	-3.349505e+00	-1.437169e+01
4.805000e-01	-3.340450e+00	-1.437394e+01
4.810000e-01	-3.332421e+00	-1.437647e+01
4.815000e-01	-3.325638e+00	-1.437948e+01
4.820000e-01	-3.320242e+00	-1.438324e+01
4.825000e-01	-3.316299e+00	-1.438803e+01
4.830000e-01	-3.313893e+00	-1.439402e+01
4.835000e-01	-3.313187e+00	-1.440136e+01
4.836318e-01	-3.313304e+00	-1.440353e+01
4.840000e-01	-3.314361e+00	-1.441009e+01
4.845000e-01	-3.317640e+00	-1.442019e+01
4.850000e-01	-3.323162e+00	-1.443162e+01
4.855000e-01	-3.330925e+00	-1.444431e+01
4.860000e-01	-3.340872e+00	-1.445815e+01
4.865000e-01	-3.352961e+00	-1.447300e+01
4.870000e-01	-3.366998e+00	-1.448869e+01
4.875000e-01	-3.382650e+00	-1.450507e+01
4.880000e-01	-3.399491e+00	-1.452197e+01
4.885000e-01	-3.417060e+00	-1.453920e+01
4.890000e-01	-3.434903e+00	-1.455651e+01
4.895000e-01	-3.452595e+00	-1.457366e+01
4.900000e-01	-3.469733e+00	-1.459040e+01
4.905000e-01	-3.485924e+00	-1.460649e+01
4.910000e-01	-3.500788e+00	-1.462175e+01
4.915000e-01	-3.513993e+00	-1.463601e+01
4.920000e-01	-3.525295e+00	-1.464912e+01
4.925000e-01	-3.534553e+00	-1.466093e+01
4.930000e-01	-3.541722e+00	-1.467128e+01
4.935000e-01	-3.546821e+00	-1.468005e+01
4.940000e-01	-3.549896e+00	-1.468717e+01
4.945000e-01	-3.550994e+00	-1.469261e+01
4.950000e-01	-3.550159e+00	-1.469643e+01
4.951667e-01	-3.549460e+00	-1.469737e+01
4.953333e-01	-3.548555e+00	-1.469815e+01
4.955000e-01	-3.547448e+00	-1.469878e+01
4.956667e-01	-3.546142e+00	-1.469927e+01
4.960000e-01	-3.542956e+00	-1.469984e+01
4.965000e-01	-3.536849e+00	-1.469983e+01
4.970000e-01	-3.529375e+00	-1.469895e+01
4.975000e-01	-3.520851e+00	-1.469743e+01
4.980000e-01	-3.511641e+00	-1.469545e+01
4.985000e-01	-3.502115e+00	-1.469323e+01
4.990000e-01	-3.492617e+00	-1.469098e+01
4.995000e-01	-3.483487e+00	-1.468894e+01
5.000000e-01	-3.475160e+00	-1.468731e+01
5.005000e-01	-3.468052e+00	-1.468630e+01
5.010000e-01	-3.462487e+00	-1.468614e+01
5.015000e-01	-3.458688e+00	-1.468705e+01
5.020000e-01	-3.456784e+00	-1.468923e+01
5.021636e-01	-3.456583e+00	-1.469024e+01
5.023382e-01	-3.456601e+00	-1.469150e+01
5.025000e-01	-3.456831e+00	-1.469283e+01
5.026289e-01	-3.457163e+00	-1.469401e+01
5.027617e-01	-3.457641e+00	-1.469533e+01
5.028872e-01	-3.458221e+00	-1.469668e+01
5.030000e-01	-3.458848e+00	-1.469797e+01
5.035000e-01	-3.462838e+00	-1.470467e+01
5.040000e-01	-3.468816e+00	-1.471291e+01
5.045000e-01	-3.476816e+00	-1.472261e+01
5.050000e-01	-3.486866e+00	-1.473367e+01
5.055000e-01	-3.498948e+00	-1.474597e+01
5.060000e-01	-3.512947e+00	-1.475938e+01
5.065000e-01	-3.528629e+00	-1.477376e+01
5.070000e-01	-3.545644e+00	-1.478896e+01
5.075000e-01	-3.563559e+00	-1.480481e+01
5.080000e-01	-3.581909e+00	-1.482110e+01
5.085000e-01	-3.600256e+00	-1.483760e+01
5.090000e-01	-3.618216e+00	-1.485406e+01
5.095000e-01	-3.635465e+00	-1.487024e+01
5.100000e-01	-3.651727e+00	-1.488591e+01
5.105000e-01	-3.666738e+00	-1.490089e+01
5.110000e-01	-3.680230e+00	-1.491506e+01
5.115000e-01	-3.691921e+00	-1.492830e+01
5.120000e-01	-3.701538e+00	-1.494055e+01
5.125000e-01	-3.708852e+00	-1.495173e+01
5.130000e-01	-3.713722e+00	-1.496180e+01
5.135000e-01	-3.716126e+00	-1.497071e+01
5.140000e-01	-3.716165e+00	-1.497843e+01
5.145000e-01	-3.714045e+00	-1.498500e+01
5.147927e-01	-3.711911e+00	-1.498834e+01
5.150000e-01	-3.710038e+00	-1.499049e+01
5.153009e-01	-3.706843e+00	-1.499332e+01
5.155000e-01	-3.704441e+00	-1.499502e+01
5.160000e-01	-3.697551e+00	-1.499877e+01
5.165000e-01	-3.689646e+00	-1.500194e+01
5.170000e-01	-3.680989e+00	-1.500472e+01
5.175000e-01	-3.671855e+00	-1.500730e+01
5.180000e-01	-3.662541e+00	-1.500987e+01
5.185000e-01	-3.653378e+00	-1.501258e+01
5.190000e-01	-3.644711e+00	-1.501560e+01
5.195000e-01	-3.636896e+00	-1.501909e+01
5.200000e-01	-3.630229e+00	-1.502323e+01
5.205000e-01	-3.624958e+00	-1.502820e+01
5.210000e-01	-3.621230e+00	-1.503417e+01
5.214250e-01	-3.619341e+00	-1.504015e+01
5.215000e-01	-3.619131e+00	-1.504130e+01
5.216500e-01	-3.618822e+00	-1.504367e+01
5.218250e-01	-3.618649e+00	-1.504659e+01
5.220000e-01	-3.618677e+00	-1.504967e+01
5.225000e-01	-3.619852e+00	-1.505934e+01
5.230000e-01	-3.622631e+00	-1.507030e+01
5.235000e-01	-3.626984e+00	-1.508252e+01
5.240000e-01	-3.632883e+00	-1.509593e+01
5.245000e-01	-3.640271e+00	-1.511045e+01
5.250000e-01	-3.649063e+00	-1.512600e+01
5.255000e-01	-3.659125e+00	-1.514250e+01
5.260000e-01	-3.670299e+00	-1.515986e+01
5.265000e-01	-3.682331e+00	-1.517794e+01
5.270000e-01	-3.694966e+00	-1.519658e+01
5.275000e-01	-3.707975e+00	-1.521562e+01
5.276996e-01	-3.713217e+00	-1.522328e+01
5.279561e-01	-3.719955e+00	-1.523314e+01
5.280000e-01	-3.721109e+00	-1.523483e+01
5.285000e-01	-3.734161e+00	-1.525399e+01
5.290000e-01	-3.746972e+00	-1.527287e+01
5.292191e-01	-3.752466e+00	-1.528101e+01
5.295000e-01	-3.759369e+00	-1.529130e+01
5.300000e-01	-3.771157e+00	-1.530913e+01
5.305000e-01	-3.782136e+00	-1.532624e+01
5.310000e-01	-3.792104e+00	-1.534251e+01
5.315000e-01	-3.800861e+00	-1.535786e+01
5.320000e-01	-3.808228e+00	-1.537218e+01
5.325000e-01	-3.814045e+00	-1.538540e+01
5.330000e-01	-3.818179e+00	-1.539747e+01
5.335000e-01	-3.820527e+00	-1.540837e+01
5.340000e-01	-3.821020e+00	-1.541816e+01
5.345000e-01	-3.819633e+00	-1.542693e+01
5.349385e-01	-3.816892e+00	-1.543390e+01
5.350000e-01	-3.816397e+00	-1.543483e+01
5.351273e-01	-3.815288e+00	-1.543672e+01
5.352556e-01	-3.814058e+00	-1.543857e+01
5.353806e-01	-3.812753e+00	-1.544035e+01
5.355000e-01	-3.811412e+00	-1.544200e+01
5.356257e-01	-3.809902e+00	-1.544372e+01
5.360000e-01	-3.804854e+00	-1.544862e+01
5.365000e-01	-3.796976e+00	-1.545484e+01
5.370000e-01	-3.788098e+00	-1.546080e+01
5.375000e-01	-3.778590e+00	-1.546663e+01
5.380000e-01	-3.768848e+00	-1.547251e+01
5.385000e-01	-3.759274e+00	-1.547860e+01
5.390000e-01	-3.750252e+00	-1.548510e+01
5.395000e-01	-3.742135e+00	-1.549222e+01
5.400000e-01	-3.735236e+00	-1.550018e+01
5.405000e-01	-3.729820e+00	-1.550916e+01
5.410000e-01	-3.726099e+00	-1.551933e+01
5.411260e-01	-3.725448e+00	-1.552209e+01
5.412530e-01	-3.724913e+00	-1.552496e+01
5.413836e-01	-3.724491e+00	-1.552801e+01
5.415000e-01	-3.724226e+00	-1.553080e+01
5.416326e-01	-3.724052e+00	-1.553407e+01
5.417717e-01	-3.724018e+00	-1.553760e+01
5.420000e-01	-3.724292e+00	-1.554363e+01
5.425000e-01	-3.726336e+00	-1.555787e+01
5.430000e-01	-3.730347e+00	-1.557350e+01
5.435000e-01	-3.736266e+00	-1.559047e+01
5.440000e-01	-3.743976e+00	-1.560873e+01
5.445000e-01	-3.753301e+00	-1.562818e+01
5.450000e-01	-3.763999e+00	-1.564871e+01
5.451370e-01	-3.767131e+00	-1.565451e+01
5.455000e-01	-3.775723e+00	-1.567024e+01
5.460000e-01	-3.787905e+00	-1.569281e+01
5.465000e-01	-3.799949e+00	-1.571650e+01
5.470000e-01	-3.811334e+00	-1.574128e+01
5.475000e-01	-3.821655e+00	-1.576702e+01
5.480000e-01	-3.830661e+00	-1.579349e+01
5.485000e-01	-3.838249e+00	-1.582040e+01
5.490000e-01	-3.844441e+00	-1.584734e+01
5.495000e-01	-3.849342e+00	-1.587392e+01
5.500000e-01	-3.853104e+00	-1.589970e+01
5.505000e-01	-3.855867e+00	-1.592432e+01
5.510000e-01	-3.857693e+00	-1.594753e+01
5.515000e-01	-3.858507e+00	-1.596928e+01
5.520000e-01	-3.858124e+00	-1.598970e+01
5.525000e-01	-3.856325e+00	-1.600902e+01
5.530000e-01	-3.852958e+00	-1.602752e+01
5.535000e-01	-3.848026e+00	-1.604537e+01
5.540000e-01	-3.841710e+00	-1.606260e+01
5.541667e-01	-3.839349e+00	-1.606820e+01
5.543533e-01	-3.836579e+00	-1.607438e+01
5.545000e-01	-3.834322e+00	-1.607916e+01
5.546351e-01	-3.832188e+00	-1.608351e+01
5.547667e-01	-3.830067e+00	-1.608769e+01
5.550000e-01	-3.826230e+00	-1.609496e+01
5.555000e-01	-3.817856e+00	-1.610992e+01
5.560000e-01	-3.809533e+00	-1.612409e+01
5.565000e-01	-3.801421e+00	-1.613770e+01
5.570000e-01	-3.793534e+00	-1.615112e+01
5.575000e-01	-3.785824e+00	-1.616473e+01
5.580000e-01	-3.778281e+00	-1.617890e+01
5.585000e-01	-3.771005e+00	-1.619382e+01
5.590000e-01	-3.764218e+00	-1.620956e+01
5.595000e-01	-3.758217e+00	-1.622605e+01
5.597054e-01	-3.756049e+00	-1.623303e+01
5.598355e-01	-3.754778e+00	-1.623750e+01
5.599656e-01	-3.753590e+00	-1.624202e+01
5.600000e-01	-3.753291e+00	-1.624322e+01
5.601310e-01	-3.752208e+00	-1.624782e+01
5.602750e-01	-3.751123e+00	-1.625294e+01
5.604119e-01	-3.750198e+00	-1.625785e+01
5.605000e-01	-3.749659e+00	-1.626104e+01
5.610000e-01	-3.747442e+00	-1.627956e+01
5.615000e-01	-3.746671e+00	-1.629893e+01
5.620000e-01	-3.747321e+00	-1.631932e+01
5.625000e-01	-3.749355e+00	-1.634085e+01
5.630000e-01	-3.752757e+00	-1.636355e+01
5.635000e-01	-3.757534e+00	-1.638729e+01
5.640000e-01	-3.763694e+00	-1.641185e+01
5.645000e-01	-3.771196e+00	-1.643696e+01
5.650000e-01	-3.779911e+00	-1.646238e+01
5.655000e-01	-3.789599e+00	-1.648797e+01
5.660000e-01	-3.799924e+00	-1.651364e+01
5.665000e-01	-3.810494e+00	-1.653941e+01
5.670000e-01	-3.820918e+00	-1.656528e+01
5.675000e-01	-3.830851e+00	-1.659118e+01
5.680000e-01	-3.840025e+00	-1.661696e+01
5.685000e-01	-3.848241e+00	-1.664239e+01
5.690000e-01	-3.855341e+00	-1.666718e+01
5.695000e-01	-3.861180e+00	-1.669107e+01
5.700000e-01	-3.865597e+00	-1.671390e+01
5.705000e-01	-3.868419e+00	-1.673560e+01
5.710000e-01	-3.869493e+00	-1.675621e+01
5.715000e-01	-3.868721e+00	-1.677582e+01
5.720000e-01	-3.866102e+00	-1.679450e+01
5.725000e-01	-3.861750e+00	-1.681229e+01
5.730000e-01	-3.855879e+00	-1.682915e+01
5.733371e-01	-3.851203e+00	-1.683995e+01
5.735000e-01	-3.848768e+00	-1.684500e+01
5.738452e-01	-3.843293e+00	-1.685532e+01
5.740000e-01	-3.840717e+00	-1.685978e+01
5.745000e-01	-3.831999e+00	-1.687349e+01
5.750000e-01	-3.822845e+00	-1.688623e+01
5.755000e-01	-3.813444e+00	-1.689821e+01
5.760000e-01	-3.803975e+00	-1.690968e+01
5.765000e-01	-3.794635e+00	-1.692093e+01
5.770000e-01	-3.785653e+00	-1.693219e+01
5.775000e-01	-3.777295e+00	-1.694361e+01
5.780000e-01	-3.769832e+00	-1.695528e+01
5.785000e-01	-3.763511e+00	-1.696724e+01
5.790000e-01	-3.758511e+00	-1.697955e+01
5.795000e-01	-3.754928e+00	-1.699229e+01
5.798311e-01	-3.753346e+00	-1.700105e+01
5.800000e-01	-3.752780e+00	-1.700563e+01
5.805000e-01	-3.752034e+00	-1.701973e+01
5.810000e-01	-3.752640e+00	-1.703479e+01
5.815000e-01	-3.754562e+00	-1.705092e+01
5.820000e-01	-3.757790e+00	-1.706816e+01
5.825000e-01	-3.762331e+00	-1.708643e+01
5.830000e-01	-3.768184e+00	-1.710561e+01
5.835000e-01	-3.775303e+00	-1.712550e+01
5.840000e-01	-3.783584e+00	-1.714592e+01
5.845000e-01	-3.792843e+00	-1.716674e+01
5.850000e-01	-3.802870e+00	-1.718787e+01
5.855000e-01	-3.813401e+00	-1.720922e+01
5.860000e-01	-3.824224e+00	-1.723073e+01
5.865000e-01	-3.835119e+00	-1.725226e+01
5.870000e-01	-3.845925e+00	-1.727364e+01
5.875000e-01	-3.856492e+00	-1.729463e+01
5.880000e-01	-3.866677e+00	-1.731501e+01
5.885000e-01	-3.876279e+00	-1.733453e+01
5.890000e-01	-3.885103e+00	-1.735306e+01
5.895000e-01	-3.892920e+00	-1.737052e+01
5.900000e-01	-3.899509e+00	-1.738688e+01
5.905000e-01	-3.904681e+00	-1.740218e+01
5.910000e-01	-3.908312e+00	-1.741647e+01
5.915000e-01	-3.910355e+00	-1.742978e+01
5.920000e-01	-3.910835e+00	-1.744213e+01
5.925000e-01	-3.909836e+00	-1.745352e+01
5.930000e-01	-3.907478e+00	-1.746394e+01
5.933421e-01	-3.905141e+00	-1.747053e+01
5.935000e-01	-3.903881e+00	-1.747342e+01
5.936558e-01	-3.902540e+00	-1.747619e+01
5.937816e-01	-3.901392e+00	-1.747836e+01
5.939210e-01	-3.900060e+00	-1.748070e+01
5.940000e-01	-3.899278e+00	-1.748200e+01
5.941345e-01	-3.897909e+00	-1.748415e+01
5.942708e-01	-3.896477e+00	-1.748628e+01
5.943982e-01	-3.895102e+00	-1.748822e+01
5.945000e-01	-3.893982e+00	-1.748973e+01
5.950000e-01	-3.888270e+00	-1.749676e+01
5.955000e-01	-3.882381e+00	-1.750327e+01
5.960000e-01	-3.876523e+00	-1.750945e+01
5.965000e-01	-3.870899e+00	-1.751544e+01
5.970000e-01	-3.865712e+00	-1.752135e+01
5.975000e-01	-3.861157e+00	-1.752725e+01
5.980000e-01	-3.857396e+00	-1.753318e+01
5.985000e-01	-3.854539e+00	-1.753921e+01
5.990000e-01	-3.852640e+00	-1.754541e+01
5.991886e-01	-3.852180e+00	-1.754782e+01
5.993570e-01	-3.851890e+00	-1.755001e+01
5.995000e-01	-3.851736e+00	-1.755191e+01
5.997097e-01	-3.851666e+00	-1.755475e+01
6.000000e-01	-3.851886e+00	-1.755881e+01


