"     ankle"

"Time      "	".JOINT_14.Ax_Ay_Az_Projection_Angles.Z"	".JOINT_15.Ax_Ay_Az_Projection_Angles.Z"
0.000000e+00	1.193196e-13	0.000000e+00
5.000000e-04	2.934116e-04	1.469648e-05
1.000000e-03	1.071370e-03	1.153606e-04
1.500000e-03	2.173747e-03	3.871096e-04
2.000000e-03	3.447101e-03	9.061153e-04
2.500000e-03	4.764777e-03	1.727413e-03
3.000000e-03	6.041306e-03	2.877208e-03
3.500000e-03	7.238859e-03	4.352502e-03
4.000000e-03	8.366162e-03	6.129163e-03
4.500000e-03	9.470962e-03	8.174025e-03
5.000000e-03	1.062817e-02	1.045478e-02
5.500000e-03	1.192730e-02	1.294369e-02
6.000000e-03	1.346205e-02	1.561418e-02
6.500000e-03	1.532310e-02	1.843268e-02
7.000000e-03	1.759392e-02	2.135019e-02
7.500000e-03	2.034771e-02	2.429801e-02
8.000000e-03	2.364350e-02	2.719089e-02
8.500000e-03	2.752099e-02	2.993759e-02
9.000000e-03	3.199262e-02	3.245499e-02
9.500000e-03	3.702369e-02	3.469035e-02
1.000000e-02	4.251803e-02	3.663683e-02
1.050000e-02	4.832924e-02	3.832991e-02
1.100000e-02	5.429594e-02	3.982637e-02
1.150000e-02	6.028698e-02	4.117578e-02
1.200000e-02	6.623810e-02	4.239747e-02
1.250000e-02	7.216526e-02	4.347297e-02
1.300000e-02	7.815022e-02	4.435694e-02
1.350000e-02	8.430544e-02	4.500142e-02
1.400000e-02	9.073423e-02	4.538208e-02
1.450000e-02	9.750274e-02	4.551492e-02
1.500000e-02	1.046343e-01	4.545580e-02
1.550000e-02	1.121262e-01	4.528307e-02
1.600000e-02	1.199780e-01	4.507057e-02
1.650000e-02	1.282164e-01	4.486253e-02
1.700000e-02	1.369038e-01	4.466069e-02
1.750000e-02	1.461235e-01	4.442845e-02
1.800000e-02	1.559185e-01	4.412686e-02
1.850000e-02	1.662012e-01	4.377125e-02
1.900000e-02	1.768361e-01	4.339476e-02
1.950000e-02	1.876613e-01	4.304499e-02
2.000000e-02	1.985062e-01	4.277932e-02
2.050000e-02	2.092066e-01	4.265739e-02
2.100000e-02	2.196194e-01	4.273210e-02
2.150000e-02	2.296318e-01	4.304253e-02
2.200000e-02	2.391681e-01	4.361140e-02
2.250000e-02	2.481909e-01	4.444765e-02
2.300000e-02	2.567007e-01	4.555274e-02
2.350000e-02	2.647337e-01	4.692781e-02
2.400000e-02	2.723582e-01	4.857874e-02
2.450000e-02	2.796704e-01	5.051662e-02
2.500000e-02	2.867842e-01	5.275188e-02
2.550000e-02	2.938115e-01	5.528129e-02
2.600000e-02	3.008428e-01	5.807654e-02
2.650000e-02	3.079384e-01	6.108227e-02
2.700000e-02	3.151321e-01	6.422496e-02
2.750000e-02	3.224435e-01	6.742946e-02
2.800000e-02	3.298914e-01	7.063687e-02
2.850000e-02	3.375025e-01	7.381661e-02
2.900000e-02	3.453098e-01	7.696901e-02
2.950000e-02	3.533415e-01	8.011721e-02
3.000000e-02	3.616055e-01	8.329229e-02
3.050000e-02	3.700762e-01	8.651789e-02
3.100000e-02	3.786880e-01	8.980105e-02
3.150000e-02	3.873417e-01	9.313241e-02
3.200000e-02	3.959200e-01	9.649504e-02
3.250000e-02	4.043086e-01	9.987781e-02
3.300000e-02	4.124149e-01	1.032875e-01
3.350000e-02	4.201783e-01	1.067541e-01
3.400000e-02	4.275688e-01	1.103270e-01
3.450000e-02	4.345762e-01	1.140642e-01
3.500000e-02	4.411945e-01	1.180176e-01
3.550000e-02	4.474098e-01	1.222215e-01
3.600000e-02	4.531935e-01	1.266884e-01
3.650000e-02	4.585055e-01	1.314132e-01
3.700000e-02	4.633045e-01	1.363845e-01
3.750000e-02	4.675591e-01	1.415974e-01
3.800000e-02	4.712554e-01	1.470630e-01
3.850000e-02	4.743977e-01	1.528110e-01
3.900000e-02	4.769989e-01	1.588836e-01
3.950000e-02	4.790670e-01	1.653251e-01
4.000000e-02	4.805907e-01	1.721705e-01
4.050000e-02	4.815302e-01	1.794375e-01
4.100000e-02	4.818175e-01	1.871265e-01
4.150000e-02	4.813644e-01	1.952262e-01
4.200000e-02	4.800775e-01	2.037251e-01
4.250000e-02	4.778744e-01	2.126210e-01
4.300000e-02	4.746931e-01	2.219270e-01
4.350000e-02	4.704972e-01	2.316699e-01
4.400000e-02	4.652703e-01	2.418833e-01
4.450000e-02	4.590073e-01	2.525964e-01
4.500000e-02	4.517056e-01	2.638241e-01
4.550000e-02	4.433597e-01	2.755628e-01
4.600000e-02	4.339629e-01	2.877923e-01
4.650000e-02	4.235151e-01	3.004828e-01
4.700000e-02	4.120328e-01	3.136072e-01
4.750000e-02	3.995560e-01	3.271477e-01
4.800000e-02	3.861510e-01	3.410989e-01
4.850000e-02	3.719052e-01	3.554656e-01
4.900000e-02	3.569159e-01	3.702551e-01
4.950000e-02	3.412770e-01	3.854687e-01
5.000000e-02	3.250669e-01	4.010945e-01
5.050000e-02	3.083417e-01	4.171063e-01
5.100000e-02	2.911374e-01	4.334675e-01
5.150000e-02	2.734761e-01	4.501381e-01
5.200000e-02	2.553754e-01	4.670849e-01
5.250000e-02	2.368586e-01	4.842853e-01
5.300000e-02	2.179561e-01	5.017305e-01
5.350000e-02	1.987086e-01	5.194194e-01
5.400000e-02	1.791565e-01	5.373525e-01
5.450000e-02	1.593409e-01	5.555223e-01
5.500000e-02	1.392915e-01	5.739114e-01
5.550000e-02	1.190421e-01	5.925020e-01
5.600000e-02	9.866205e-02	6.113171e-01
5.650000e-02	7.822841e-02	6.303858e-01
5.700000e-02	5.782745e-02	6.497403e-01
5.750000e-02	3.756209e-02	6.694149e-01
5.800000e-02	1.755590e-02	6.894448e-01
5.850000e-02	-2.059774e-03	7.098741e-01
5.900000e-02	-2.115772e-02	7.307531e-01
5.950000e-02	-3.962503e-02	7.521295e-01
6.000000e-02	-5.737012e-02	7.740386e-01
6.050000e-02	-7.432505e-02	7.964963e-01
6.100000e-02	-9.044343e-02	8.194972e-01
6.150000e-02	-1.056959e-01	8.430193e-01
6.200000e-02	-1.200658e-01	8.670315e-01
6.250000e-02	-1.335468e-01	8.915028e-01
6.300000e-02	-1.461432e-01	9.164071e-01
6.350000e-02	-1.578728e-01	9.417239e-01
6.400000e-02	-1.687695e-01	9.674326e-01
6.450000e-02	-1.788848e-01	9.935051e-01
6.500000e-02	-1.882855e-01	1.019898e+00
6.550000e-02	-1.970491e-01	1.046548e+00
6.600000e-02	-2.052549e-01	1.073376e+00
6.650000e-02	-2.129769e-01	1.100287e+00
6.700000e-02	-2.202752e-01	1.127187e+00
6.750000e-02	-2.271924e-01	1.153984e+00
6.800000e-02	-2.337444e-01	1.180609e+00
6.850000e-02	-2.399080e-01	1.207029e+00
6.900000e-02	-2.456168e-01	1.233259e+00
6.950000e-02	-2.507715e-01	1.259347e+00
7.000000e-02	-2.552607e-01	1.285349e+00
7.050000e-02	-2.589855e-01	1.311297e+00
7.100000e-02	-2.618779e-01	1.337184e+00
7.150000e-02	-2.639076e-01	1.362954e+00
7.200000e-02	-2.650749e-01	1.388522e+00
7.250000e-02	-2.653941e-01	1.413796e+00
7.300000e-02	-2.648747e-01	1.438708e+00
7.350000e-02	-2.635094e-01	1.463229e+00
7.400000e-02	-2.612730e-01	1.487374e+00
7.450000e-02	-2.581331e-01	1.511189e+00
7.500000e-02	-2.540674e-01	1.534724e+00
7.550000e-02	-2.490815e-01	1.558010e+00
7.600000e-02	-2.432168e-01	1.581044e+00
7.650000e-02	-2.365477e-01	1.603790e+00
7.700000e-02	-2.291667e-01	1.626189e+00
7.750000e-02	-2.211594e-01	1.648191e+00
7.800000e-02	-2.125898e-01	1.669766e+00
7.850000e-02	-2.034906e-01	1.690925e+00
7.900000e-02	-1.938685e-01	1.711706e+00
7.950000e-02	-1.837154e-01	1.732175e+00
8.000000e-02	-1.730210e-01	1.752393e+00
8.050000e-02	-1.617893e-01	1.772404e+00
8.100000e-02	-1.500472e-01	1.792220e+00
8.150000e-02	-1.378447e-01	1.811822e+00
8.200000e-02	-1.252444e-01	1.831172e+00
8.250000e-02	-1.123091e-01	1.850237e+00
8.300000e-02	-9.909480e-02	1.868999e+00
8.350000e-02	-8.563803e-02	1.887467e+00
8.400000e-02	-7.195384e-02	1.905683e+00
8.450000e-02	-5.804618e-02	1.923701e+00
8.500000e-02	-4.392579e-02	1.941575e+00
8.550000e-02	-2.962723e-02	1.959335e+00
8.600000e-02	-1.521725e-02	1.976980e+00
8.650000e-02	-7.910107e-04	1.994483e+00
8.700000e-02	1.354304e-02	2.011800e+00
8.750000e-02	2.768364e-02	2.028891e+00
8.800000e-02	4.155354e-02	2.045737e+00
8.850000e-02	5.510436e-02	2.062344e+00
8.900000e-02	6.831368e-02	2.078742e+00
8.950000e-02	8.098571e-02	2.094884e+00
9.000000e-02	9.273053e-02	2.110629e+00
9.050000e-02	1.031842e-01	2.125823e+00
9.100000e-02	1.120276e-01	2.140306e+00
9.150000e-02	1.189962e-01	2.153909e+00
9.200000e-02	1.238940e-01	2.166469e+00
9.250000e-02	1.266097e-01	2.177841e+00
9.300000e-02	1.271303e-01	2.187917e+00
9.350000e-02	1.255469e-01	2.196628e+00
9.400000e-02	1.220495e-01	2.203948e+00
9.450000e-02	1.169107e-01	2.209882e+00
9.500000e-02	1.104592e-01	2.214457e+00
9.550000e-02	1.030507e-01	2.217704e+00
9.600000e-02	9.504103e-02	2.219658e+00
9.650000e-02	8.676530e-02	2.220355e+00
9.700000e-02	7.851866e-02	2.219843e+00
9.750000e-02	7.052836e-02	2.218208e+00
9.800000e-02	6.294405e-02	2.215586e+00
9.850000e-02	5.585906e-02	2.212159e+00
9.900000e-02	4.935078e-02	2.208132e+00
9.950000e-02	4.349922e-02	2.203686e+00
1.000000e-01	3.833935e-02	2.198918e+00
1.005000e-01	3.380651e-02	2.193804e+00
1.010000e-01	2.972051e-02	2.188209e+00
1.015000e-01	2.571086e-02	2.182007e+00
1.020000e-01	2.133453e-02	2.175136e+00
1.025000e-01	1.630475e-02	2.167605e+00
1.030000e-01	1.056181e-02	2.159511e+00
1.035000e-01	4.255074e-03	2.151041e+00
1.040000e-01	-2.352172e-03	2.142424e+00
1.045000e-01	-9.015494e-03	2.133884e+00
1.050000e-01	-1.562686e-02	2.125589e+00
1.055000e-01	-2.227131e-02	2.117631e+00
1.060000e-01	-2.920400e-02	2.110036e+00
1.065000e-01	-3.676033e-02	2.102795e+00
1.070000e-01	-4.523888e-02	2.095920e+00
1.075000e-01	-5.480946e-02	2.089474e+00
1.080000e-01	-6.547865e-02	2.083587e+00
1.085000e-01	-7.712993e-02	2.078438e+00
1.090000e-01	-8.961512e-02	2.074210e+00
1.095000e-01	-1.028585e-01	2.071046e+00
1.100000e-01	-1.169296e-01	2.069001e+00
1.105000e-01	-1.320453e-01	2.068040e+00
1.110000e-01	-1.485086e-01	2.068045e+00
1.115000e-01	-1.665992e-01	2.068859e+00
1.120000e-01	-1.864605e-01	2.070328e+00
1.125000e-01	-2.080232e-01	2.072332e+00
1.130000e-01	-2.309954e-01	2.074793e+00
1.135000e-01	-2.549224e-01	2.077664e+00
1.140000e-01	-2.792180e-01	2.080964e+00
1.145000e-01	-3.032231e-01	2.084795e+00
1.150000e-01	-3.263884e-01	2.089207e+00
1.155000e-01	-3.483023e-01	2.094183e+00
1.160000e-01	-3.686553e-01	2.099654e+00
1.165000e-01	-3.871671e-01	2.105539e+00
1.170000e-01	-4.035319e-01	2.111784e+00
1.175000e-01	-4.174368e-01	2.118414e+00
1.180000e-01	-4.286364e-01	2.125579e+00
1.185000e-01	-4.370086e-01	2.133522e+00
1.190000e-01	-4.425651e-01	2.142518e+00
1.195000e-01	-4.454170e-01	2.152773e+00
1.200000e-01	-4.457147e-01	2.164347e+00
1.205000e-01	-4.435907e-01	2.177126e+00
1.210000e-01	-4.391312e-01	2.190854e+00
1.215000e-01	-4.323843e-01	2.205211e+00
1.220000e-01	-4.233973e-01	2.219907e+00
1.225000e-01	-4.123506e-01	2.234801e+00
1.230000e-01	-3.995791e-01	2.249919e+00
1.235000e-01	-3.853546e-01	2.265307e+00
1.240000e-01	-3.698826e-01	2.280968e+00
1.245000e-01	-3.534967e-01	2.296902e+00
1.250000e-01	-3.366431e-01	2.313065e+00
1.255000e-01	-3.198436e-01	2.329365e+00
1.260000e-01	-3.036293e-01	2.345692e+00
1.265000e-01	-2.884268e-01	2.361991e+00
1.270000e-01	-2.744587e-01	2.378339e+00
1.275000e-01	-2.617160e-01	2.394960e+00
1.280000e-01	-2.500148e-01	2.412179e+00
1.285000e-01	-2.391128e-01	2.430328e+00
1.290000e-01	-2.288406e-01	2.449647e+00
1.295000e-01	-2.191918e-01	2.470216e+00
1.300000e-01	-2.103435e-01	2.491944e+00
1.305000e-01	-2.025951e-01	2.514618e+00
1.310000e-01	-1.962614e-01	2.537997e+00
1.315000e-01	-1.915596e-01	2.561905e+00
1.320000e-01	-1.885362e-01	2.586293e+00
1.325000e-01	-1.870679e-01	2.611239e+00
1.330000e-01	-1.869265e-01	2.636902e+00
1.335000e-01	-1.878807e-01	2.663427e+00
1.340000e-01	-1.897919e-01	2.690869e+00
1.345000e-01	-1.926650e-01	2.719141e+00
1.350000e-01	-1.966316e-01	2.748018e+00
1.355000e-01	-2.018723e-01	2.777201e+00
1.360000e-01	-2.085168e-01	2.806397e+00
1.365000e-01	-2.165456e-01	2.835412e+00
1.370000e-01	-2.257580e-01	2.864189e+00
1.375000e-01	-2.357958e-01	2.892801e+00
1.380000e-01	-2.462275e-01	2.921389e+00
1.385000e-01	-2.566698e-01	2.950076e+00
1.390000e-01	-2.668550e-01	2.978904e+00
1.395000e-01	-2.766720e-01	3.007792e+00
1.400000e-01	-2.861455e-01	3.036558e+00
1.405000e-01	-2.953689e-01	3.064977e+00
1.410000e-01	-3.044212e-01	3.092859e+00
1.415000e-01	-3.133058e-01	3.120106e+00
1.420000e-01	-3.219192e-01	3.146767e+00
1.425000e-01	-3.301078e-01	3.172995e+00
1.430000e-01	-3.377315e-01	3.198991e+00
1.435000e-01	-3.447413e-01	3.224931e+00
1.440000e-01	-3.512288e-01	3.250899e+00
1.445000e-01	-3.574344e-01	3.276867e+00
1.450000e-01	-3.636785e-01	3.302719e+00
1.455000e-01	-3.703173e-01	3.328291e+00
1.460000e-01	-3.775968e-01	3.353471e+00
1.465000e-01	-3.856660e-01	3.378218e+00
1.470000e-01	-3.945126e-01	3.402608e+00
1.475000e-01	-4.040148e-01	3.426801e+00
1.480000e-01	-4.140080e-01	3.450986e+00
1.485000e-01	-4.243713e-01	3.475286e+00
1.490000e-01	-4.350344e-01	3.499748e+00
1.495000e-01	-4.460068e-01	3.524298e+00
1.500000e-01	-4.573283e-01	3.548782e+00
1.505000e-01	-4.690114e-01	3.572993e+00
1.510000e-01	-4.809707e-01	3.596780e+00
1.515000e-01	-4.930401e-01	3.620075e+00
1.520000e-01	-5.049171e-01	3.642896e+00
1.525000e-01	-5.162885e-01	3.665329e+00
1.530000e-01	-5.268505e-01	3.687473e+00
1.535000e-01	-5.364089e-01	3.709374e+00
1.540000e-01	-5.448725e-01	3.731002e+00
1.545000e-01	-5.522725e-01	3.752212e+00
1.550000e-01	-5.587031e-01	3.772802e+00
1.555000e-01	-5.642534e-01	3.792573e+00
1.560000e-01	-5.689614e-01	3.811358e+00
1.565000e-01	-5.727916e-01	3.829090e+00
1.570000e-01	-5.756273e-01	3.845790e+00
1.575000e-01	-5.773354e-01	3.861540e+00
1.580000e-01	-5.778019e-01	3.876443e+00
1.585000e-01	-5.769860e-01	3.890551e+00
1.590000e-01	-5.749293e-01	3.903850e+00
1.595000e-01	-5.717230e-01	3.916263e+00
1.600000e-01	-5.674987e-01	3.927654e+00
1.605000e-01	-5.623430e-01	3.937909e+00
1.610000e-01	-5.562805e-01	3.946965e+00
1.615000e-01	-5.492495e-01	3.954862e+00
1.620000e-01	-5.411568e-01	3.961705e+00
1.625000e-01	-5.318919e-01	3.967682e+00
1.630000e-01	-5.214117e-01	3.972967e+00
1.635000e-01	-5.097682e-01	3.977704e+00
1.640000e-01	-4.971089e-01	3.981963e+00
1.645000e-01	-4.836710e-01	3.985755e+00
1.650000e-01	-4.697264e-01	3.989054e+00
1.655000e-01	-4.555612e-01	3.991836e+00
1.660000e-01	-4.414942e-01	3.994101e+00
1.665000e-01	-4.280730e-01	3.995808e+00
1.670000e-01	-4.158526e-01	3.996963e+00
1.675000e-01	-4.053162e-01	3.997618e+00
1.680000e-01	-3.968678e-01	3.997835e+00
1.685000e-01	-3.908308e-01	3.997648e+00
1.690000e-01	-3.874447e-01	3.997040e+00
1.695000e-01	-3.868576e-01	3.995947e+00
1.700000e-01	-3.891118e-01	3.994278e+00
1.705000e-01	-3.941279e-01	3.991956e+00
1.710000e-01	-4.016962e-01	3.988955e+00
1.715000e-01	-4.114789e-01	3.985322e+00
1.720000e-01	-4.230291e-01	3.981168e+00
1.725000e-01	-4.358313e-01	3.976648e+00
1.730000e-01	-4.493438e-01	3.971924e+00
1.735000e-01	-4.630468e-01	3.967127e+00
1.740000e-01	-4.764852e-01	3.962342e+00
1.745000e-01	-4.893353e-01	3.957591e+00
1.750000e-01	-5.014866e-01	3.952831e+00
1.755000e-01	-5.130810e-01	3.947957e+00
1.760000e-01	-5.244609e-01	3.942848e+00
1.765000e-01	-5.360458e-01	3.937409e+00
1.770000e-01	-5.481882e-01	3.931616e+00
1.775000e-01	-5.610620e-01	3.925523e+00
1.780000e-01	-5.746261e-01	3.919249e+00
1.785000e-01	-5.886674e-01	3.912936e+00
1.790000e-01	-6.029117e-01	3.906697e+00
1.795000e-01	-6.171511e-01	3.900579e+00
1.800000e-01	-6.313164e-01	3.894554e+00
1.805000e-01	-6.454923e-01	3.888541e+00
1.810000e-01	-6.598631e-01	3.882440e+00
1.815000e-01	-6.746102e-01	3.876182e+00
1.820000e-01	-6.898073e-01	3.869759e+00
1.825000e-01	-7.053610e-01	3.863237e+00
1.830000e-01	-7.210108e-01	3.856728e+00
1.835000e-01	-7.364157e-01	3.850355e+00
1.840000e-01	-7.512399e-01	3.844214e+00
1.845000e-01	-7.652880e-01	3.838335e+00
1.850000e-01	-7.785502e-01	3.832678e+00
1.855000e-01	-7.911897e-01	3.827166e+00
1.860000e-01	-8.035041e-01	3.821704e+00
1.865000e-01	-8.157648e-01	3.816240e+00
1.870000e-01	-8.282019e-01	3.810772e+00
1.875000e-01	-8.408689e-01	3.805364e+00
1.880000e-01	-8.536778e-01	3.800116e+00
1.885000e-01	-8.664562e-01	3.795121e+00
1.890000e-01	-8.790196e-01	3.790427e+00
1.895000e-01	-8.912679e-01	3.786012e+00
1.900000e-01	-9.032033e-01	3.781772e+00
1.905000e-01	-9.149060e-01	3.777575e+00
1.910000e-01	-9.264990e-01	3.773253e+00
1.915000e-01	-9.380315e-01	3.768686e+00
1.920000e-01	-9.494178e-01	3.763810e+00
1.925000e-01	-9.604357e-01	3.758621e+00
1.930000e-01	-9.707137e-01	3.753155e+00
1.935000e-01	-9.798916e-01	3.747449e+00
1.940000e-01	-9.875874e-01	3.741511e+00
1.945000e-01	-9.935913e-01	3.735297e+00
1.950000e-01	-9.978444e-01	3.728711e+00
1.955000e-01	-1.000426e+00	3.721646e+00
1.960000e-01	-1.001518e+00	3.714007e+00
1.965000e-01	-1.001276e+00	3.705769e+00
1.970000e-01	-9.998283e-01	3.696975e+00
1.975000e-01	-9.972475e-01	3.687730e+00
1.980000e-01	-9.935692e-01	3.678186e+00
1.985000e-01	-9.888334e-01	3.668503e+00
1.990000e-01	-9.831095e-01	3.658811e+00
1.995000e-01	-9.765866e-01	3.649222e+00
2.000000e-01	-9.695697e-01	3.639771e+00
2.005000e-01	-9.624447e-01	3.630460e+00
2.010000e-01	-9.556083e-01	3.621290e+00
2.015000e-01	-9.493898e-01	3.612303e+00
2.020000e-01	-9.439949e-01	3.603600e+00
2.025000e-01	-9.394920e-01	3.595337e+00
2.030000e-01	-9.358449e-01	3.587694e+00
2.035000e-01	-9.329755e-01	3.580835e+00
2.040000e-01	-9.308319e-01	3.574874e+00
2.045000e-01	-9.294341e-01	3.569849e+00
2.050000e-01	-9.288826e-01	3.565738e+00
2.055000e-01	-9.293279e-01	3.562485e+00
2.060000e-01	-9.309191e-01	3.560044e+00
2.065000e-01	-9.337521e-01	3.558411e+00
2.070000e-01	-9.378439e-01	3.557643e+00
2.075000e-01	-9.431422e-01	3.557844e+00
2.080000e-01	-9.495642e-01	3.559137e+00
2.085000e-01	-9.570504e-01	3.561616e+00
2.090000e-01	-9.656078e-01	3.565324e+00
2.095000e-01	-9.753302e-01	3.570230e+00
2.100000e-01	-9.863766e-01	3.576248e+00
2.105000e-01	-9.989248e-01	3.583266e+00
2.110000e-01	-1.013105e+00	3.591191e+00
2.115000e-01	-1.028966e+00	3.599968e+00
2.120000e-01	-1.046437e+00	3.609592e+00
2.125000e-01	-1.065343e+00	3.620096e+00
2.130000e-01	-1.085448e+00	3.631505e+00
2.135000e-01	-1.106505e+00	3.643811e+00
2.140000e-01	-1.128270e+00	3.656941e+00
2.145000e-01	-1.150492e+00	3.670812e+00
2.150000e-01	-1.172838e+00	3.685453e+00
2.155000e-01	-1.194971e+00	3.700876e+00
2.160000e-01	-1.216562e+00	3.717054e+00
2.165000e-01	-1.237272e+00	3.733939e+00
2.170000e-01	-1.256750e+00	3.751481e+00
2.175000e-01	-1.274641e+00	3.769643e+00
2.180000e-01	-1.290614e+00	3.788397e+00
2.185000e-01	-1.304392e+00	3.807712e+00
2.190000e-01	-1.315785e+00	3.827535e+00
2.195000e-01	-1.324708e+00	3.847767e+00
2.200000e-01	-1.331178e+00	3.868260e+00
2.205000e-01	-1.335300e+00	3.888825e+00
2.210000e-01	-1.337235e+00	3.909242e+00
2.215000e-01	-1.337163e+00	3.929297e+00
2.220000e-01	-1.335270e+00	3.948795e+00
2.225000e-01	-1.331726e+00	3.967580e+00
2.230000e-01	-1.326684e+00	3.985545e+00
2.235000e-01	-1.320261e+00	4.002673e+00
2.240000e-01	-1.312528e+00	4.019050e+00
2.245000e-01	-1.303522e+00	4.034854e+00
2.250000e-01	-1.293267e+00	4.050303e+00
2.255000e-01	-1.281812e+00	4.065596e+00
2.260000e-01	-1.269246e+00	4.080869e+00
2.265000e-01	-1.255713e+00	4.096175e+00
2.270000e-01	-1.241391e+00	4.111504e+00
2.275000e-01	-1.226472e+00	4.126824e+00
2.280000e-01	-1.211142e+00	4.142138e+00
2.285000e-01	-1.195559e+00	4.157517e+00
2.290000e-01	-1.179861e+00	4.173114e+00
2.295000e-01	-1.164187e+00	4.189140e+00
2.300000e-01	-1.148696e+00	4.205821e+00
2.305000e-01	-1.133599e+00	4.223350e+00
2.310000e-01	-1.119161e+00	4.241853e+00
2.315000e-01	-1.105688e+00	4.261381e+00
2.320000e-01	-1.093500e+00	4.281928e+00
2.325000e-01	-1.082898e+00	4.303473e+00
2.330000e-01	-1.074124e+00	4.326023e+00
2.335000e-01	-1.067343e+00	4.349635e+00
2.340000e-01	-1.062654e+00	4.374418e+00
2.345000e-01	-1.060101e+00	4.400510e+00
2.350000e-01	-1.059695e+00	4.428040e+00
2.355000e-01	-1.061437e+00	4.457089e+00
2.360000e-01	-1.065316e+00	4.487663e+00
2.365000e-01	-1.071304e+00	4.519692e+00
2.370000e-01	-1.079335e+00	4.553054e+00
2.375000e-01	-1.089277e+00	4.587601e+00
2.380000e-01	-1.100936e+00	4.623203e+00
2.385000e-01	-1.114049e+00	4.659759e+00
2.390000e-01	-1.128286e+00	4.697200e+00
2.395000e-01	-1.143306e+00	4.735477e+00
2.400000e-01	-1.158793e+00	4.774531e+00
2.405000e-01	-1.174479e+00	4.814269e+00
2.410000e-01	-1.190152e+00	4.854536e+00
2.415000e-01	-1.205638e+00	4.895128e+00
2.420000e-01	-1.220776e+00	4.935809e+00
2.425000e-01	-1.235338e+00	4.976240e+00
2.430000e-01	-1.248926e+00	5.015865e+00
2.435000e-01	-1.261133e+00	5.054182e+00
2.440000e-01	-1.271617e+00	5.090824e+00
2.445000e-01	-1.280142e+00	5.125572e+00
2.450000e-01	-1.286611e+00	5.158338e+00
2.455000e-01	-1.291061e+00	5.189147e+00
2.460000e-01	-1.293649e+00	5.218112e+00
2.465000e-01	-1.294605e+00	5.245421e+00
2.470000e-01	-1.294187e+00	5.271330e+00
2.475000e-01	-1.292638e+00	5.296162e+00
2.480000e-01	-1.290162e+00	5.320294e+00
2.485000e-01	-1.286883e+00	5.344086e+00
2.490000e-01	-1.282807e+00	5.367761e+00
2.495000e-01	-1.277821e+00	5.391331e+00
2.500000e-01	-1.271743e+00	5.414620e+00
2.505000e-01	-1.264413e+00	5.437365e+00
2.510000e-01	-1.255772e+00	5.459354e+00
2.515000e-01	-1.245910e+00	5.480540e+00
2.520000e-01	-1.235054e+00	5.501079e+00
2.525000e-01	-1.223513e+00	5.521290e+00
2.530000e-01	-1.211596e+00	5.541546e+00
2.535000e-01	-1.199549e+00	5.562142e+00
2.540000e-01	-1.187527e+00	5.583215e+00
2.545000e-01	-1.175619e+00	5.604719e+00
2.550000e-01	-1.163911e+00	5.626486e+00
2.555000e-01	-1.152549e+00	5.648334e+00
2.560000e-01	-1.141780e+00	5.670173e+00
2.565000e-01	-1.131938e+00	5.692065e+00
2.570000e-01	-1.123392e+00	5.714217e+00
2.575000e-01	-1.116456e+00	5.736914e+00
2.580000e-01	-1.111317e+00	5.760411e+00
2.585000e-01	-1.107990e+00	5.784838e+00
2.590000e-01	-1.106335e+00	5.810156e+00
2.595000e-01	-1.106116e+00	5.836180e+00
2.600000e-01	-1.107097e+00	5.862663e+00
2.605000e-01	-1.109096e+00	5.889386e+00
2.610000e-01	-1.112019e+00	5.916232e+00
2.615000e-01	-1.115842e+00	5.943218e+00
2.620000e-01	-1.120557e+00	5.970458e+00
2.625000e-01	-1.126107e+00	5.998092e+00
2.630000e-01	-1.132345e+00	6.026206e+00
2.635000e-01	-1.139042e+00	6.054770e+00
2.640000e-01	-1.145914e+00	6.083626e+00
2.645000e-01	-1.152721e+00	6.112546e+00
2.650000e-01	-1.159311e+00	6.141280e+00
2.655000e-01	-1.165681e+00	6.169665e+00
2.660000e-01	-1.171961e+00	6.197645e+00
2.665000e-01	-1.178342e+00	6.225278e+00
2.670000e-01	-1.185036e+00	6.252703e+00
2.675000e-01	-1.192161e+00	6.280042e+00
2.680000e-01	-1.199736e+00	6.307372e+00
2.685000e-01	-1.207662e+00	6.334656e+00
2.690000e-01	-1.215772e+00	6.361758e+00
2.695000e-01	-1.223917e+00	6.388507e+00
2.700000e-01	-1.232000e+00	6.414733e+00
2.705000e-01	-1.240012e+00	6.440369e+00
2.710000e-01	-1.247987e+00	6.465418e+00
2.715000e-01	-1.255962e+00	6.489958e+00
2.720000e-01	-1.263923e+00	6.514096e+00
2.725000e-01	-1.271762e+00	6.537919e+00
2.730000e-01	-1.279273e+00	6.561451e+00
2.735000e-01	-1.286178e+00	6.584632e+00
2.740000e-01	-1.292188e+00	6.607332e+00
2.745000e-01	-1.297068e+00	6.629393e+00
2.750000e-01	-1.300690e+00	6.650675e+00
2.755000e-01	-1.303050e+00	6.671099e+00
2.760000e-01	-1.304251e+00	6.690662e+00
2.765000e-01	-1.304453e+00	6.709433e+00
2.770000e-01	-1.303808e+00	6.727507e+00
2.775000e-01	-1.302420e+00	6.744971e+00
2.780000e-01	-1.300324e+00	6.761861e+00
2.785000e-01	-1.297498e+00	6.778153e+00
2.790000e-01	-1.293913e+00	6.793769e+00
2.795000e-01	-1.289579e+00	6.808616e+00
2.800000e-01	-1.284579e+00	6.822626e+00
2.805000e-01	-1.279080e+00	6.835787e+00
2.810000e-01	-1.273300e+00	6.848159e+00
2.815000e-01	-1.267456e+00	6.859859e+00
2.820000e-01	-1.261714e+00	6.871031e+00
2.825000e-01	-1.256144e+00	6.881806e+00
2.830000e-01	-1.250711e+00	6.892270e+00
2.835000e-01	-1.245311e+00	6.902454e+00
2.840000e-01	-1.239817e+00	6.912342e+00
2.845000e-01	-1.234140e+00	6.921902e+00
2.850000e-01	-1.228279e+00	6.931121e+00
2.855000e-01	-1.222332e+00	6.940033e+00
2.860000e-01	-1.216477e+00	6.948729e+00
2.865000e-01	-1.210933e+00	6.957348e+00
2.870000e-01	-1.205884e+00	6.966028e+00
2.875000e-01	-1.201508e+00	6.974933e+00
2.880000e-01	-1.197980e+00	6.984119e+00
2.885000e-01	-1.195607e+00	6.993501e+00
2.890000e-01	-1.194669e+00	7.002948e+00
2.895000e-01	-1.195404e+00	7.012350e+00
2.900000e-01	-1.198025e+00	7.021654e+00
2.905000e-01	-1.202718e+00	7.030886e+00
2.910000e-01	-1.209631e+00	7.040136e+00
2.915000e-01	-1.218847e+00	7.049521e+00
2.920000e-01	-1.230352e+00	7.059137e+00
2.925000e-01	-1.244011e+00	7.069024e+00
2.930000e-01	-1.259556e+00	7.079156e+00
2.935000e-01	-1.276611e+00	7.089458e+00
2.940000e-01	-1.294723e+00	7.099844e+00
2.945000e-01	-1.313414e+00	7.110255e+00
2.950000e-01	-1.332265e+00	7.120669e+00
2.955000e-01	-1.350992e+00	7.131077e+00
2.960000e-01	-1.369474e+00	7.141450e+00
2.965000e-01	-1.387717e+00	7.151708e+00
2.970000e-01	-1.405759e+00	7.161720e+00
2.975000e-01	-1.423576e+00	7.171308e+00
2.980000e-01	-1.441019e+00	7.180287e+00
2.985000e-01	-1.457807e+00	7.188493e+00
2.990000e-01	-1.473583e+00	7.195815e+00
2.995000e-01	-1.488004e+00	7.202197e+00
3.000000e-01	-1.500834e+00	7.207629e+00
3.005000e-01	-1.511992e+00	7.212114e+00
3.010000e-01	-1.521545e+00	7.215644e+00
3.015000e-01	-1.529657e+00	7.218172e+00
3.020000e-01	-1.536491e+00	7.219623e+00
3.025000e-01	-1.542140e+00	7.219906e+00
3.030000e-01	-1.546580e+00	7.218947e+00
3.035000e-01	-1.549690e+00	7.216719e+00
3.040000e-01	-1.551310e+00	7.213256e+00
3.045000e-01	-1.551324e+00	7.208655e+00
3.050000e-01	-1.549728e+00	7.203048e+00
3.055000e-01	-1.546655e+00	7.196570e+00
3.060000e-01	-1.542352e+00	7.189339e+00
3.065000e-01	-1.537118e+00	7.181441e+00
3.070000e-01	-1.531239e+00	7.172935e+00
3.075000e-01	-1.524932e+00	7.163872e+00
3.080000e-01	-1.518325e+00	7.154325e+00
3.085000e-01	-1.511485e+00	7.144403e+00
3.090000e-01	-1.504474e+00	7.134258e+00
3.095000e-01	-1.497401e+00	7.124075e+00
3.100000e-01	-1.490473e+00	7.114044e+00
3.105000e-01	-1.483980e+00	7.104332e+00
3.110000e-01	-1.478290e+00	7.095069e+00
3.115000e-01	-1.473745e+00	7.086330e+00
3.120000e-01	-1.470650e+00	7.078159e+00
3.125000e-01	-1.469188e+00	7.070580e+00
3.130000e-01	-1.469452e+00	7.063627e+00
3.135000e-01	-1.471448e+00	7.057351e+00
3.140000e-01	-1.475150e+00	7.051833e+00
3.145000e-01	-1.480541e+00	7.047152e+00
3.150000e-01	-1.487644e+00	7.043390e+00
3.155000e-01	-1.496516e+00	7.040586e+00
3.160000e-01	-1.507226e+00	7.038731e+00
3.165000e-01	-1.519804e+00	7.037779e+00
3.170000e-01	-1.534197e+00	7.037639e+00
3.175000e-01	-1.550276e+00	7.038234e+00
3.180000e-01	-1.567840e+00	7.039490e+00
3.185000e-01	-1.586639e+00	7.041354e+00
3.190000e-01	-1.606419e+00	7.043790e+00
3.195000e-01	-1.626949e+00	7.046768e+00
3.200000e-01	-1.648047e+00	7.050248e+00
3.205000e-01	-1.669570e+00	7.054163e+00
3.210000e-01	-1.691401e+00	7.058415e+00
3.215000e-01	-1.713421e+00	7.062871e+00
3.220000e-01	-1.735478e+00	7.067381e+00
3.225000e-01	-1.757377e+00	7.071798e+00
3.230000e-01	-1.778909e+00	7.075995e+00
3.235000e-01	-1.799803e+00	7.079858e+00
3.240000e-01	-1.819793e+00	7.083308e+00
3.245000e-01	-1.838672e+00	7.086289e+00
3.250000e-01	-1.856282e+00	7.088740e+00
3.255000e-01	-1.872517e+00	7.090587e+00
3.260000e-01	-1.887293e+00	7.091728e+00
3.265000e-01	-1.900539e+00	7.092059e+00
3.270000e-01	-1.912153e+00	7.091467e+00
3.275000e-01	-1.922030e+00	7.089885e+00
3.280000e-01	-1.930053e+00	7.087274e+00
3.285000e-01	-1.936118e+00	7.083638e+00
3.290000e-01	-1.940155e+00	7.079018e+00
3.295000e-01	-1.942144e+00	7.073472e+00
3.300000e-01	-1.942134e+00	7.067086e+00
3.305000e-01	-1.940246e+00	7.059935e+00
3.310000e-01	-1.936647e+00	7.052082e+00
3.315000e-01	-1.931522e+00	7.043589e+00
3.320000e-01	-1.925063e+00	7.034526e+00
3.325000e-01	-1.917458e+00	7.024993e+00
3.330000e-01	-1.908905e+00	7.015125e+00
3.335000e-01	-1.899625e+00	7.005093e+00
3.340000e-01	-1.889882e+00	6.995086e+00
3.345000e-01	-1.880147e+00	6.985234e+00
3.350000e-01	-1.871056e+00	6.975597e+00
3.355000e-01	-1.863190e+00	6.966225e+00
3.360000e-01	-1.857032e+00	6.957160e+00
3.365000e-01	-1.852928e+00	6.948445e+00
3.370000e-01	-1.851090e+00	6.940139e+00
3.375000e-01	-1.851609e+00	6.932323e+00
3.380000e-01	-1.854479e+00	6.925098e+00
3.385000e-01	-1.859616e+00	6.918584e+00
3.390000e-01	-1.866871e+00	6.912905e+00
3.395000e-01	-1.876033e+00	6.908178e+00
3.400000e-01	-1.886823e+00	6.904503e+00
3.405000e-01	-1.898901e+00	6.901963e+00
3.410000e-01	-1.911900e+00	6.900614e+00
3.415000e-01	-1.925523e+00	6.900474e+00
3.420000e-01	-1.939644e+00	6.901500e+00
3.425000e-01	-1.954344e+00	6.903592e+00
3.430000e-01	-1.969848e+00	6.906614e+00
3.435000e-01	-1.986416e+00	6.910425e+00
3.440000e-01	-2.004203e+00	6.914904e+00
3.445000e-01	-2.023169e+00	6.919966e+00
3.450000e-01	-2.043048e+00	6.925561e+00
3.455000e-01	-2.063405e+00	6.931651e+00
3.460000e-01	-2.083751e+00	6.938183e+00
3.465000e-01	-2.103664e+00	6.945066e+00
3.470000e-01	-2.122873e+00	6.952162e+00
3.475000e-01	-2.141272e+00	6.959294e+00
3.480000e-01	-2.158862e+00	6.966272e+00
3.485000e-01	-2.175644e+00	6.972923e+00
3.490000e-01	-2.191521e+00	6.979123e+00
3.495000e-01	-2.206246e+00	6.984798e+00
3.500000e-01	-2.219437e+00	6.989918e+00
3.505000e-01	-2.230654e+00	6.994482e+00
3.510000e-01	-2.239515e+00	6.998489e+00
3.515000e-01	-2.245804e+00	7.001921e+00
3.520000e-01	-2.249522e+00	7.004744e+00
3.525000e-01	-2.250878e+00	7.006914e+00
3.530000e-01	-2.250215e+00	7.008399e+00
3.535000e-01	-2.247903e+00	7.009206e+00
3.540000e-01	-2.244247e+00	7.009394e+00
3.545000e-01	-2.239429e+00	7.009077e+00
3.550000e-01	-2.233518e+00	7.008407e+00
3.555000e-01	-2.226540e+00	7.007559e+00
3.560000e-01	-2.218551e+00	7.006688e+00
3.565000e-01	-2.209735e+00	7.005934e+00
3.570000e-01	-2.200385e+00	7.005390e+00
3.575000e-01	-2.190937e+00	7.005141e+00
3.580000e-01	-2.181798e+00	7.005255e+00
3.585000e-01	-2.173387e+00	7.005831e+00
3.590000e-01	-2.165936e+00	7.006985e+00
3.595000e-01	-2.159526e+00	7.008874e+00
3.600000e-01	-2.154102e+00	7.011651e+00
3.605000e-01	-2.149543e+00	7.015476e+00
3.610000e-01	-2.145765e+00	7.020458e+00
3.615000e-01	-2.142767e+00	7.026682e+00
3.620000e-01	-2.140675e+00	7.034177e+00
3.625000e-01	-2.139716e+00	7.042941e+00
3.630000e-01	-2.140125e+00	7.052969e+00
3.635000e-01	-2.142101e+00	7.064262e+00
3.640000e-01	-2.145707e+00	7.076846e+00
3.645000e-01	-2.150903e+00	7.090758e+00
3.650000e-01	-2.157567e+00	7.106039e+00
3.655000e-01	-2.165536e+00	7.122715e+00
3.660000e-01	-2.174671e+00	7.140778e+00
3.665000e-01	-2.184893e+00	7.160179e+00
3.670000e-01	-2.196197e+00	7.180826e+00
3.675000e-01	-2.208622e+00	7.202600e+00
3.680000e-01	-2.222200e+00	7.225368e+00
3.685000e-01	-2.236892e+00	7.249006e+00
3.690000e-01	-2.252550e+00	7.273404e+00
3.695000e-01	-2.268900e+00	7.298471e+00
3.700000e-01	-2.285566e+00	7.324127e+00
3.705000e-01	-2.302127e+00	7.350282e+00
3.710000e-01	-2.318174e+00	7.376830e+00
3.715000e-01	-2.333364e+00	7.403634e+00
3.720000e-01	-2.347445e+00	7.430534e+00
3.725000e-01	-2.360245e+00	7.457358e+00
3.730000e-01	-2.371644e+00	7.483939e+00
3.735000e-01	-2.381528e+00	7.510140e+00
3.740000e-01	-2.389760e+00	7.535860e+00
3.745000e-01	-2.396166e+00	7.561042e+00
3.750000e-01	-2.400559e+00	7.585662e+00
3.755000e-01	-2.402771e+00	7.609718e+00
3.760000e-01	-2.402706e+00	7.633216e+00
3.765000e-01	-2.400372e+00	7.656154e+00
3.770000e-01	-2.395893e+00	7.678527e+00
3.775000e-01	-2.389494e+00	7.700331e+00
3.780000e-01	-2.381456e+00	7.721580e+00
3.785000e-01	-2.372073e+00	7.742314e+00
3.790000e-01	-2.361602e+00	7.762618e+00
3.795000e-01	-2.350247e+00	7.782612e+00
3.800000e-01	-2.338154e+00	7.802446e+00
3.805000e-01	-2.325444e+00	7.822285e+00
3.810000e-01	-2.312240e+00	7.842285e+00
3.815000e-01	-2.298702e+00	7.862584e+00
3.820000e-01	-2.285012e+00	7.883286e+00
3.825000e-01	-2.271436e+00	7.904491e+00
3.830000e-01	-2.258259e+00	7.926281e+00
3.835000e-01	-2.245723e+00	7.948742e+00
3.840000e-01	-2.234004e+00	7.971970e+00
3.845000e-01	-2.223220e+00	7.996090e+00
3.850000e-01	-2.213422e+00	8.021212e+00
3.855000e-01	-2.204623e+00	8.047458e+00
3.860000e-01	-2.196696e+00	8.074870e+00
3.865000e-01	-2.189424e+00	8.103409e+00
3.870000e-01	-2.182698e+00	8.133008e+00
3.875000e-01	-2.176543e+00	8.163591e+00
3.880000e-01	-2.171109e+00	8.195096e+00
3.885000e-01	-2.166629e+00	8.227503e+00
3.890000e-01	-2.163370e+00	8.260839e+00
3.895000e-01	-2.161584e+00	8.295171e+00
3.900000e-01	-2.161488e+00	8.330587e+00
3.905000e-01	-2.163251e+00	8.367169e+00
3.910000e-01	-2.167000e+00	8.404956e+00
3.915000e-01	-2.172794e+00	8.443926e+00
3.920000e-01	-2.180563e+00	8.483971e+00
3.925000e-01	-2.190070e+00	8.524903e+00
3.930000e-01	-2.200924e+00	8.566485e+00
3.935000e-01	-2.212648e+00	8.608474e+00
3.940000e-01	-2.224761e+00	8.650666e+00
3.945000e-01	-2.236858e+00	8.692917e+00
3.950000e-01	-2.248641e+00	8.735145e+00
3.955000e-01	-2.259909e+00	8.777302e+00
3.960000e-01	-2.270505e+00	8.819339e+00
3.965000e-01	-2.280259e+00	8.861164e+00
3.970000e-01	-2.288958e+00	8.902638e+00
3.975000e-01	-2.296343e+00	8.943574e+00
3.980000e-01	-2.302158e+00	8.983772e+00
3.985000e-01	-2.306209e+00	9.023062e+00
3.990000e-01	-2.308417e+00	9.061337e+00
3.995000e-01	-2.308841e+00	9.098569e+00
4.000000e-01	-2.307649e+00	9.134797e+00
4.005000e-01	-2.305059e+00	9.170101e+00
4.010000e-01	-2.301266e+00	9.204556e+00
4.015000e-01	-2.296394e+00	9.238204e+00
4.020000e-01	-2.290471e+00	9.271035e+00
4.025000e-01	-2.283466e+00	9.303006e+00
4.030000e-01	-2.275339e+00	9.334067e+00
4.035000e-01	-2.266096e+00	9.364197e+00
4.040000e-01	-2.255821e+00	9.393432e+00
4.045000e-01	-2.244661e+00	9.421866e+00
4.050000e-01	-2.232817e+00	9.449660e+00
4.055000e-01	-2.220463e+00	9.476990e+00
4.060000e-01	-2.207699e+00	9.504009e+00
4.065000e-01	-2.194558e+00	9.530826e+00
4.070000e-01	-2.181020e+00	9.557498e+00
4.075000e-01	-2.167074e+00	9.584048e+00
4.080000e-01	-2.152770e+00	9.610491e+00
4.085000e-01	-2.138260e+00	9.636860e+00
4.090000e-01	-2.123962e+00	9.663204e+00
4.095000e-01	-2.110524e+00	9.689576e+00
4.100000e-01	-2.098619e+00	9.716055e+00
4.105000e-01	-2.088838e+00	9.742720e+00
4.110000e-01	-2.081599e+00	9.769620e+00
4.115000e-01	-2.077095e+00	9.796765e+00
4.120000e-01	-2.075296e+00	9.824129e+00
4.125000e-01	-2.075995e+00	9.851676e+00
4.130000e-01	-2.078876e+00	9.879387e+00
4.135000e-01	-2.083588e+00	9.907281e+00
4.140000e-01	-2.089771e+00	9.935427e+00
4.145000e-01	-2.097071e+00	9.963924e+00
4.150000e-01	-2.105137e+00	9.992877e+00
4.155000e-01	-2.113672e+00	1.002233e+01
4.160000e-01	-2.122502e+00	1.005224e+01
4.165000e-01	-2.131581e+00	1.008244e+01
4.170000e-01	-2.140946e+00	1.011269e+01
4.175000e-01	-2.150651e+00	1.014277e+01
4.180000e-01	-2.160667e+00	1.017250e+01
4.185000e-01	-2.170694e+00	1.020193e+01
4.190000e-01	-2.180256e+00	1.023127e+01
4.195000e-01	-2.188834e+00	1.026078e+01
4.200000e-01	-2.195965e+00	1.029064e+01
4.205000e-01	-2.201332e+00	1.032097e+01
4.210000e-01	-2.204825e+00	1.035172e+01
4.215000e-01	-2.206551e+00	1.038272e+01
4.220000e-01	-2.206780e+00	1.041368e+01
4.225000e-01	-2.205865e+00	1.044430e+01
4.230000e-01	-2.204146e+00	1.047429e+01
4.235000e-01	-2.201879e+00	1.050343e+01
4.240000e-01	-2.199210e+00	1.053159e+01
4.245000e-01	-2.196176e+00	1.055868e+01
4.250000e-01	-2.192708e+00	1.058473e+01
4.255000e-01	-2.188664e+00	1.060981e+01
4.260000e-01	-2.183889e+00	1.063408e+01
4.265000e-01	-2.178294e+00	1.065767e+01
4.270000e-01	-2.171895e+00	1.068070e+01
4.275000e-01	-2.164829e+00	1.070320e+01
4.280000e-01	-2.157315e+00	1.072518e+01
4.285000e-01	-2.149587e+00	1.074658e+01
4.290000e-01	-2.141834e+00	1.076735e+01
4.295000e-01	-2.134154e+00	1.078751e+01
4.300000e-01	-2.126559e+00	1.080710e+01
4.305000e-01	-2.119022e+00	1.082626e+01
4.310000e-01	-2.111543e+00	1.084514e+01
4.315000e-01	-2.104215e+00	1.086389e+01
4.320000e-01	-2.097240e+00	1.088261e+01
4.325000e-01	-2.090914e+00	1.090134e+01
4.330000e-01	-2.085561e+00	1.092006e+01
4.335000e-01	-2.081460e+00	1.093872e+01
4.340000e-01	-2.078772e+00	1.095727e+01
4.345000e-01	-2.077518e+00	1.097565e+01
4.350000e-01	-2.077584e+00	1.099390e+01
4.355000e-01	-2.078799e+00	1.101206e+01
4.360000e-01	-2.081002e+00	1.103021e+01
4.365000e-01	-2.084098e+00	1.104843e+01
4.370000e-01	-2.088087e+00	1.106674e+01
4.375000e-01	-2.093044e+00	1.108514e+01
4.380000e-01	-2.099047e+00	1.110354e+01
4.385000e-01	-2.106130e+00	1.112185e+01
4.390000e-01	-2.114213e+00	1.113995e+01
4.395000e-01	-2.123089e+00	1.115777e+01
4.400000e-01	-2.132465e+00	1.117526e+01
4.405000e-01	-2.142037e+00	1.119242e+01
4.410000e-01	-2.151580e+00	1.120929e+01
4.415000e-01	-2.160996e+00	1.122588e+01
4.420000e-01	-2.170323e+00	1.124219e+01
4.425000e-01	-2.179688e+00	1.125817e+01
4.430000e-01	-2.189225e+00	1.127372e+01
4.435000e-01	-2.198993e+00	1.128872e+01
4.440000e-01	-2.208930e+00	1.130306e+01
4.445000e-01	-2.218856e+00	1.131664e+01
4.450000e-01	-2.228522e+00	1.132941e+01
4.455000e-01	-2.237690e+00	1.134135e+01
4.460000e-01	-2.246205e+00	1.135248e+01
4.465000e-01	-2.254033e+00	1.136281e+01
4.470000e-01	-2.261242e+00	1.137234e+01
4.475000e-01	-2.267948e+00	1.138102e+01
4.480000e-01	-2.274235e+00	1.138880e+01
4.485000e-01	-2.280091e+00	1.139560e+01
4.490000e-01	-2.285390e+00	1.140136e+01
4.495000e-01	-2.289919e+00	1.140605e+01
4.500000e-01	-2.293446e+00	1.140968e+01
4.505000e-01	-2.295806e+00	1.141231e+01
4.510000e-01	-2.296962e+00	1.141402e+01
4.515000e-01	-2.297028e+00	1.141490e+01
4.520000e-01	-2.296240e+00	1.141504e+01
4.525000e-01	-2.294881e+00	1.141452e+01
4.530000e-01	-2.293214e+00	1.141337e+01
4.535000e-01	-2.291416e+00	1.141164e+01
4.540000e-01	-2.289568e+00	1.140937e+01
4.545000e-01	-2.287687e+00	1.140663e+01
4.550000e-01	-2.285787e+00	1.140351e+01
4.555000e-01	-2.283949e+00	1.140013e+01
4.560000e-01	-2.282357e+00	1.139662e+01
4.565000e-01	-2.281300e+00	1.139312e+01
4.570000e-01	-2.281104e+00	1.138973e+01
4.575000e-01	-2.282072e+00	1.138652e+01
4.580000e-01	-2.284414e+00	1.138355e+01
4.585000e-01	-2.288202e+00	1.138082e+01
4.590000e-01	-2.293376e+00	1.137836e+01
4.595000e-01	-2.299789e+00	1.137615e+01
4.600000e-01	-2.307274e+00	1.137420e+01
4.605000e-01	-2.315711e+00	1.137255e+01
4.610000e-01	-2.325061e+00	1.137121e+01
4.615000e-01	-2.335357e+00	1.137019e+01
4.620000e-01	-2.346666e+00	1.136949e+01
4.625000e-01	-2.359025e+00	1.136907e+01
4.630000e-01	-2.372397e+00	1.136887e+01
4.635000e-01	-2.386630e+00	1.136881e+01
4.640000e-01	-2.401511e+00	1.136878e+01
4.645000e-01	-2.416762e+00	1.136869e+01
4.650000e-01	-2.432169e+00	1.136847e+01
4.655000e-01	-2.447555e+00	1.136804e+01
4.660000e-01	-2.462861e+00	1.136734e+01
4.665000e-01	-2.478107e+00	1.136633e+01
4.670000e-01	-2.493341e+00	1.136495e+01
4.675000e-01	-2.508581e+00	1.136314e+01
4.680000e-01	-2.523769e+00	1.136082e+01
4.685000e-01	-2.538771e+00	1.135791e+01
4.690000e-01	-2.553390e+00	1.135432e+01
4.695000e-01	-2.567403e+00	1.134998e+01
4.700000e-01	-2.580608e+00	1.134481e+01
4.705000e-01	-2.592867e+00	1.133879e+01
4.710000e-01	-2.604120e+00	1.133189e+01
4.715000e-01	-2.614379e+00	1.132413e+01
4.720000e-01	-2.623694e+00	1.131551e+01
4.725000e-01	-2.632116e+00	1.130607e+01
4.730000e-01	-2.639665e+00	1.129581e+01
4.735000e-01	-2.646314e+00	1.128478e+01
4.740000e-01	-2.652006e+00	1.127298e+01
4.745000e-01	-2.656686e+00	1.126045e+01
4.750000e-01	-2.660337e+00	1.124724e+01
4.755000e-01	-2.663021e+00	1.123340e+01
4.760000e-01	-2.664884e+00	1.121903e+01
4.765000e-01	-2.666150e+00	1.120424e+01
4.770000e-01	-2.667088e+00	1.118914e+01
4.775000e-01	-2.667966e+00	1.117386e+01
4.780000e-01	-2.669015e+00	1.115851e+01
4.785000e-01	-2.670409e+00	1.114321e+01
4.790000e-01	-2.672261e+00	1.112803e+01
4.795000e-01	-2.674646e+00	1.111306e+01
4.800000e-01	-2.677626e+00	1.109837e+01
4.805000e-01	-2.681282e+00	1.108401e+01
4.810000e-01	-2.685721e+00	1.107007e+01
4.815000e-01	-2.691075e+00	1.105663e+01
4.820000e-01	-2.697475e+00	1.104375e+01
4.825000e-01	-2.705019e+00	1.103152e+01
4.830000e-01	-2.713748e+00	1.101997e+01
4.835000e-01	-2.723632e+00	1.100916e+01
4.840000e-01	-2.734576e+00	1.099907e+01
4.845000e-01	-2.746442e+00	1.098970e+01
4.850000e-01	-2.759083e+00	1.098102e+01
4.855000e-01	-2.772378e+00	1.097299e+01
4.860000e-01	-2.786225e+00	1.096556e+01
4.865000e-01	-2.800583e+00	1.095872e+01
4.870000e-01	-2.815440e+00	1.095244e+01
4.875000e-01	-2.830776e+00	1.094671e+01
4.880000e-01	-2.846548e+00	1.094149e+01
4.885000e-01	-2.862677e+00	1.093675e+01
4.890000e-01	-2.879045e+00	1.093244e+01
4.895000e-01	-2.895511e+00	1.092848e+01
4.900000e-01	-2.911936e+00	1.092480e+01
4.905000e-01	-2.928197e+00	1.092132e+01
4.910000e-01	-2.944207e+00	1.091796e+01
4.915000e-01	-2.959906e+00	1.091466e+01
4.920000e-01	-2.975254e+00	1.091137e+01
4.925000e-01	-2.990207e+00	1.090808e+01
4.930000e-01	-3.004700e+00	1.090474e+01
4.935000e-01	-3.018633e+00	1.090133e+01
4.940000e-01	-3.031878e+00	1.089783e+01
4.945000e-01	-3.044288e+00	1.089417e+01
4.950000e-01	-3.055723e+00	1.089032e+01
4.955000e-01	-3.066071e+00	1.088623e+01
4.960000e-01	-3.075261e+00	1.088185e+01
4.965000e-01	-3.083271e+00	1.087719e+01
4.970000e-01	-3.090121e+00	1.087224e+01
4.975000e-01	-3.095859e+00	1.086703e+01
4.980000e-01	-3.100543e+00	1.086161e+01
4.985000e-01	-3.104233e+00	1.085603e+01
4.990000e-01	-3.106988e+00	1.085035e+01
4.995000e-01	-3.108869e+00	1.084460e+01
5.000000e-01	-3.109953e+00	1.083882e+01
5.005000e-01	-3.110342e+00	1.083305e+01
5.010000e-01	-3.110169e+00	1.082732e+01
5.015000e-01	-3.109595e+00	1.082169e+01
5.020000e-01	-3.108801e+00	1.081622e+01
5.025000e-01	-3.107967e+00	1.081101e+01
5.030000e-01	-3.107259e+00	1.080613e+01
5.035000e-01	-3.106814e+00	1.080169e+01
5.040000e-01	-3.106737e+00	1.079776e+01
5.045000e-01	-3.107100e+00	1.079441e+01
5.050000e-01	-3.107955e+00	1.079170e+01
5.055000e-01	-3.109344e+00	1.078963e+01
5.060000e-01	-3.111306e+00	1.078825e+01
5.065000e-01	-3.113884e+00	1.078758e+01
5.070000e-01	-3.117122e+00	1.078763e+01
5.075000e-01	-3.121057e+00	1.078845e+01
5.080000e-01	-3.125715e+00	1.079009e+01
5.085000e-01	-3.131099e+00	1.079258e+01
5.090000e-01	-3.137196e+00	1.079595e+01
5.095000e-01	-3.143976e+00	1.080022e+01
5.100000e-01	-3.151401e+00	1.080538e+01
5.105000e-01	-3.159432e+00	1.081140e+01
5.110000e-01	-3.168036e+00	1.081825e+01
5.115000e-01	-3.177189e+00	1.082587e+01
5.120000e-01	-3.186863e+00	1.083424e+01
5.125000e-01	-3.196997e+00	1.084330e+01
5.130000e-01	-3.207485e+00	1.085300e+01
5.135000e-01	-3.218177e+00	1.086326e+01
5.140000e-01	-3.228899e+00	1.087402e+01
5.142500e-01	-3.234225e+00	1.087955e+01
5.144028e-01	-3.237452e+00	1.088298e+01
5.145000e-01	-3.239492e+00	1.088518e+01
5.150000e-01	-3.249753e+00	1.089664e+01
5.155000e-01	-3.259517e+00	1.090830e+01
5.156543e-01	-3.262405e+00	1.091192e+01
5.158272e-01	-3.265558e+00	1.091598e+01
5.160000e-01	-3.268621e+00	1.092004e+01
5.161670e-01	-3.271489e+00	1.092397e+01
5.163890e-01	-3.275152e+00	1.092917e+01
5.165000e-01	-3.276917e+00	1.093176e+01
5.166787e-01	-3.279659e+00	1.093593e+01
5.170000e-01	-3.284268e+00	1.094337e+01
5.175000e-01	-3.290556e+00	1.095481e+01
5.180000e-01	-3.295686e+00	1.096605e+01
5.185000e-01	-3.299582e+00	1.097708e+01
5.190000e-01	-3.302188e+00	1.098792e+01
5.195000e-01	-3.303477e+00	1.099856e+01
5.200000e-01	-3.303452e+00	1.100902e+01
5.205000e-01	-3.302148e+00	1.101930e+01
5.208631e-01	-3.300438e+00	1.102668e+01
5.209884e-01	-3.299706e+00	1.102920e+01
5.210000e-01	-3.299635e+00	1.102944e+01
5.211252e-01	-3.298828e+00	1.103195e+01
5.212535e-01	-3.297939e+00	1.103453e+01
5.213789e-01	-3.297017e+00	1.103704e+01
5.215000e-01	-3.296083e+00	1.103946e+01
5.216277e-01	-3.295054e+00	1.104201e+01
5.217536e-01	-3.294003e+00	1.104452e+01
5.220000e-01	-3.291852e+00	1.104945e+01
5.223334e-01	-3.288799e+00	1.105614e+01
5.225000e-01	-3.287235e+00	1.105951e+01
5.227343e-01	-3.285016e+00	1.106427e+01
5.230000e-01	-3.282498e+00	1.106972e+01
5.235000e-01	-3.277851e+00	1.108019e+01
5.240000e-01	-3.273421e+00	1.109105e+01
5.245000e-01	-3.269259e+00	1.110244e+01
5.247494e-01	-3.267280e+00	1.110837e+01
5.248804e-01	-3.266264e+00	1.111155e+01
5.250000e-01	-3.265348e+00	1.111451e+01
5.251436e-01	-3.264263e+00	1.111812e+01
5.252880e-01	-3.263186e+00	1.112183e+01
5.254260e-01	-3.262166e+00	1.112543e+01
5.255000e-01	-3.261622e+00	1.112740e+01
5.260000e-01	-3.257982e+00	1.114126e+01
5.265000e-01	-3.254325e+00	1.115620e+01
5.270000e-01	-3.250593e+00	1.117235e+01
5.275000e-01	-3.246825e+00	1.118976e+01
5.280000e-01	-3.243187e+00	1.120845e+01
5.285000e-01	-3.239947e+00	1.122841e+01
5.290000e-01	-3.237413e+00	1.124958e+01
5.295000e-01	-3.235848e+00	1.127188e+01
5.300000e-01	-3.235398e+00	1.129524e+01
5.305000e-01	-3.236054e+00	1.131959e+01
5.310000e-01	-3.237659e+00	1.134486e+01
5.315000e-01	-3.239967e+00	1.137098e+01
5.320000e-01	-3.242720e+00	1.139787e+01
5.325000e-01	-3.245718e+00	1.142540e+01
5.330000e-01	-3.248858e+00	1.145344e+01
5.335000e-01	-3.252117e+00	1.148186e+01
5.340000e-01	-3.255510e+00	1.151053e+01
5.345000e-01	-3.259022e+00	1.153935e+01
5.350000e-01	-3.262552e+00	1.156826e+01
5.355000e-01	-3.265895e+00	1.159718e+01
5.360000e-01	-3.268759e+00	1.162606e+01
5.365000e-01	-3.270825e+00	1.165482e+01
5.370000e-01	-3.271822e+00	1.168338e+01
5.375000e-01	-3.271596e+00	1.171163e+01
5.380000e-01	-3.270135e+00	1.173947e+01
5.385000e-01	-3.267562e+00	1.176683e+01
5.390000e-01	-3.264073e+00	1.179365e+01
5.395000e-01	-3.259867e+00	1.181994e+01
5.400000e-01	-3.255076e+00	1.184574e+01
5.405000e-01	-3.249732e+00	1.187114e+01
5.410000e-01	-3.243780e+00	1.189619e+01
5.415000e-01	-3.237128e+00	1.192098e+01
5.420000e-01	-3.229723e+00	1.194555e+01
5.423333e-01	-3.224383e+00	1.196181e+01
5.425000e-01	-3.221607e+00	1.196992e+01
5.427000e-01	-3.218197e+00	1.197962e+01
5.428500e-01	-3.215592e+00	1.198688e+01
5.430000e-01	-3.212954e+00	1.199413e+01
5.435000e-01	-3.204040e+00	1.201821e+01
5.440000e-01	-3.195193e+00	1.204225e+01
5.445000e-01	-3.186704e+00	1.206635e+01
5.450000e-01	-3.178761e+00	1.209065e+01
5.452361e-01	-3.175221e+00	1.210223e+01
5.453681e-01	-3.173302e+00	1.210874e+01
5.455000e-01	-3.171422e+00	1.211529e+01
5.460000e-01	-3.164623e+00	1.214040e+01
5.465000e-01	-3.158245e+00	1.216607e+01
5.470000e-01	-3.152191e+00	1.219234e+01
5.475000e-01	-3.146452e+00	1.221923e+01
5.480000e-01	-3.141136e+00	1.224671e+01
5.485000e-01	-3.136447e+00	1.227476e+01
5.490000e-01	-3.132621e+00	1.230337e+01
5.495000e-01	-3.129836e+00	1.233257e+01
5.500000e-01	-3.128151e+00	1.236240e+01
5.505000e-01	-3.127487e+00	1.239287e+01
5.510000e-01	-3.127645e+00	1.242399e+01
5.515000e-01	-3.128371e+00	1.245571e+01
5.520000e-01	-3.129436e+00	1.248796e+01
5.525000e-01	-3.130703e+00	1.252059e+01
5.530000e-01	-3.132147e+00	1.255347e+01
5.535000e-01	-3.133832e+00	1.258646e+01
5.540000e-01	-3.135845e+00	1.261946e+01
5.545000e-01	-3.138220e+00	1.265240e+01
5.550000e-01	-3.140876e+00	1.268523e+01
5.555000e-01	-3.143611e+00	1.271794e+01
5.560000e-01	-3.146110e+00	1.275047e+01
5.565000e-01	-3.148061e+00	1.278275e+01
5.570000e-01	-3.149172e+00	1.281469e+01
5.575000e-01	-3.149297e+00	1.284616e+01
5.580000e-01	-3.148413e+00	1.287702e+01
5.585000e-01	-3.146606e+00	1.290720e+01
5.590000e-01	-3.144030e+00	1.293661e+01
5.595000e-01	-3.140803e+00	1.296527e+01
5.600000e-01	-3.136961e+00	1.299319e+01
5.605000e-01	-3.132449e+00	1.302044e+01
5.610000e-01	-3.127131e+00	1.304705e+01
5.615000e-01	-3.120902e+00	1.307304e+01
5.620000e-01	-3.113717e+00	1.309841e+01
5.625000e-01	-3.105640e+00	1.312313e+01
5.630000e-01	-3.096858e+00	1.314719e+01
5.635000e-01	-3.087650e+00	1.317058e+01
5.640000e-01	-3.078331e+00	1.319334e+01
5.645000e-01	-3.069182e+00	1.321555e+01
5.650000e-01	-3.060402e+00	1.323732e+01
5.655000e-01	-3.052082e+00	1.325879e+01
5.660000e-01	-3.044223e+00	1.328006e+01
5.665000e-01	-3.036788e+00	1.330124e+01
5.670000e-01	-3.029754e+00	1.332237e+01
5.675000e-01	-3.023170e+00	1.334350e+01
5.680000e-01	-3.017166e+00	1.336461e+01
5.685000e-01	-3.011941e+00	1.338573e+01
5.690000e-01	-3.007715e+00	1.340688e+01
5.695000e-01	-3.004664e+00	1.342810e+01
5.700000e-01	-3.002874e+00	1.344948e+01
5.705000e-01	-3.002317e+00	1.347109e+01
5.710000e-01	-3.002863e+00	1.349298e+01
5.715000e-01	-3.004323e+00	1.351517e+01
5.720000e-01	-3.006512e+00	1.353764e+01
5.725000e-01	-3.009294e+00	1.356031e+01
5.730000e-01	-3.012612e+00	1.358309e+01
5.735000e-01	-3.016476e+00	1.360585e+01
5.740000e-01	-3.020929e+00	1.362850e+01
5.745000e-01	-3.025991e+00	1.365096e+01
5.750000e-01	-3.031611e+00	1.367316e+01
5.755000e-01	-3.037646e+00	1.369508e+01
5.760000e-01	-3.043867e+00	1.371667e+01
5.765000e-01	-3.050001e+00	1.373788e+01
5.770000e-01	-3.055780e+00	1.375861e+01
5.775000e-01	-3.061002e+00	1.377876e+01
5.780000e-01	-3.065551e+00	1.379819e+01
5.785000e-01	-3.069405e+00	1.381678e+01
5.790000e-01	-3.072605e+00	1.383445e+01
5.795000e-01	-3.075206e+00	1.385116e+01
5.800000e-01	-3.077237e+00	1.386689e+01
5.805000e-01	-3.078672e+00	1.388169e+01
5.810000e-01	-3.079430e+00	1.389562e+01
5.815000e-01	-3.079418e+00	1.390873e+01
5.820000e-01	-3.078526e+00	1.392107e+01
5.825000e-01	-3.076668e+00	1.393267e+01
5.830000e-01	-3.073820e+00	1.394354e+01
5.834297e-01	-3.070664e+00	1.395230e+01
5.835000e-01	-3.070095e+00	1.395368e+01
5.836318e-01	-3.068993e+00	1.395624e+01
5.837783e-01	-3.067721e+00	1.395903e+01
5.839363e-01	-3.066301e+00	1.396197e+01
5.840000e-01	-3.065716e+00	1.396314e+01
5.841435e-01	-3.064378e+00	1.396574e+01
5.845000e-01	-3.060964e+00	1.397199e+01
5.850000e-01	-3.056114e+00	1.398035e+01
5.855000e-01	-3.051408e+00	1.398836e+01
5.860000e-01	-3.047037e+00	1.399615e+01
5.865000e-01	-3.043164e+00	1.400385e+01
5.870000e-01	-3.039949e+00	1.401151e+01
5.874123e-01	-3.037899e+00	1.401784e+01
5.875000e-01	-3.037537e+00	1.401919e+01
5.876276e-01	-3.037056e+00	1.402117e+01
5.877592e-01	-3.036617e+00	1.402321e+01
5.878884e-01	-3.036241e+00	1.402524e+01
5.880000e-01	-3.035961e+00	1.402700e+01
5.881338e-01	-3.035678e+00	1.402913e+01
5.885000e-01	-3.035195e+00	1.403507e+01
5.890000e-01	-3.035200e+00	1.404351e+01
5.895000e-01	-3.035936e+00	1.405242e+01
5.900000e-01	-3.037371e+00	1.406185e+01
5.905000e-01	-3.039480e+00	1.407183e+01
5.910000e-01	-3.042236e+00	1.408238e+01
5.915000e-01	-3.045600e+00	1.409347e+01
5.920000e-01	-3.049518e+00	1.410505e+01
5.925000e-01	-3.053923e+00	1.411704e+01
5.930000e-01	-3.058753e+00	1.412932e+01
5.935000e-01	-3.063967e+00	1.414175e+01
5.940000e-01	-3.069554e+00	1.415417e+01
5.945000e-01	-3.075543e+00	1.416640e+01
5.950000e-01	-3.081980e+00	1.417828e+01
5.955000e-01	-3.088912e+00	1.418963e+01
5.960000e-01	-3.096336e+00	1.420032e+01
5.965000e-01	-3.104161e+00	1.421028e+01
5.970000e-01	-3.112200e+00	1.421951e+01
5.975000e-01	-3.120203e+00	1.422805e+01
5.980000e-01	-3.127913e+00	1.423598e+01
5.985000e-01	-3.135132e+00	1.424332e+01
5.990000e-01	-3.141767e+00	1.425006e+01
5.995000e-01	-3.147831e+00	1.425611e+01
6.000000e-01	-3.153409e+00	1.426137e+01


