"     ankle"

"Time      "	".JOINT_15.Ax_Ay_Az_Projection_Angles.Z"	".JOINT_14.Ax_Ay_Az_Projection_Angles.Z"
0.000000e+00	0.000000e+00	1.193196e-13
5.000000e-04	1.119139e-05	2.994238e-04
1.000000e-03	8.868376e-05	1.116792e-03
1.500000e-03	2.997157e-04	2.320769e-03
2.000000e-03	7.046400e-04	3.780355e-03
2.500000e-03	1.345289e-03	5.383091e-03
3.000000e-03	2.237666e-03	7.048323e-03
3.500000e-03	3.372082e-03	8.733759e-03
4.000000e-03	4.721800e-03	1.043546e-02
4.500000e-03	6.255139e-03	1.218170e-02
5.000000e-03	7.944987e-03	1.402278e-02
5.500000e-03	9.771888e-03	1.602033e-02
6.000000e-03	1.171991e-02	1.823895e-02
6.500000e-03	1.376772e-02	2.074147e-02
7.000000e-03	1.587944e-02	2.358699e-02
7.500000e-03	1.800005e-02	2.682996e-02
8.000000e-03	2.005813e-02	3.051838e-02
8.500000e-03	2.197507e-02	3.468995e-02
9.000000e-03	2.367900e-02	3.936603e-02
9.500000e-03	2.511967e-02	4.454223e-02
1.000000e-02	2.628269e-02	5.017296e-02
1.050000e-02	2.719242e-02	5.616714e-02
1.100000e-02	2.789882e-02	6.240514e-02
1.150000e-02	2.845454e-02	6.877107e-02
1.200000e-02	2.889237e-02	7.518710e-02
1.250000e-02	2.921317e-02	8.163573e-02
1.300000e-02	2.938928e-02	8.816102e-02
1.350000e-02	2.938157e-02	9.484906e-02
1.400000e-02	2.916217e-02	1.017966e-01
1.450000e-02	2.873275e-02	1.090815e-01
1.500000e-02	2.812992e-02	1.167460e-01
1.550000e-02	2.741538e-02	1.247997e-01
1.600000e-02	2.665489e-02	1.332367e-01
1.650000e-02	2.589500e-02	1.420583e-01
1.700000e-02	2.514761e-02	1.512872e-01
1.750000e-02	2.440963e-02	1.609297e-01
1.800000e-02	2.369390e-02	1.709279e-01
1.850000e-02	2.301616e-02	1.811984e-01
1.900000e-02	2.240022e-02	1.916400e-01
1.950000e-02	2.188135e-02	2.021404e-01
2.000000e-02	2.150358e-02	2.125848e-01
2.050000e-02	2.131193e-02	2.228673e-01
2.100000e-02	2.134276e-02	2.329010e-01
2.150000e-02	2.161608e-02	2.426256e-01
2.200000e-02	2.213285e-02	2.520115e-01
2.250000e-02	2.287827e-02	2.610596e-01
2.300000e-02	2.382955e-02	2.697980e-01
2.350000e-02	2.496496e-02	2.782771e-01
2.400000e-02	2.627040e-02	2.865640e-01
2.450000e-02	2.774121e-02	2.947383e-01
2.500000e-02	2.937790e-02	3.028863e-01
2.550000e-02	3.117469e-02	3.110891e-01
2.600000e-02	3.310828e-02	3.194099e-01
2.650000e-02	3.513436e-02	3.278900e-01
2.700000e-02	3.719352e-02	3.365517e-01
2.750000e-02	3.922526e-02	3.454051e-01
2.800000e-02	4.118625e-02	3.544521e-01
2.850000e-02	4.306579e-02	3.636837e-01
2.900000e-02	4.488904e-02	3.730793e-01
2.950000e-02	4.670519e-02	3.826102e-01
3.000000e-02	4.856596e-02	3.922461e-01
3.050000e-02	5.050352e-02	4.019609e-01
3.100000e-02	5.251700e-02	4.117351e-01
3.150000e-02	5.457304e-02	4.215539e-01
3.200000e-02	5.662139e-02	4.313990e-01
3.250000e-02	5.863507e-02	4.412065e-01
3.300000e-02	6.061489e-02	4.508960e-01
3.350000e-02	6.258100e-02	4.604091e-01
3.400000e-02	6.457629e-02	4.697032e-01
3.450000e-02	6.664692e-02	4.787350e-01
3.500000e-02	6.882110e-02	4.874365e-01
3.550000e-02	7.112354e-02	4.957549e-01
3.600000e-02	7.357644e-02	5.036600e-01
3.650000e-02	7.619471e-02	5.111334e-01
3.700000e-02	7.899056e-02	5.181668e-01
3.750000e-02	8.197814e-02	5.247583e-01
3.800000e-02	8.517413e-02	5.309031e-01
3.850000e-02	8.859629e-02	5.365877e-01
3.900000e-02	9.226075e-02	5.417883e-01
3.950000e-02	9.617897e-02	5.464746e-01
4.000000e-02	1.003560e-01	5.506165e-01
4.050000e-02	1.047904e-01	5.541910e-01
4.100000e-02	1.094764e-01	5.571847e-01
4.150000e-02	1.144067e-01	5.595935e-01
4.200000e-02	1.195754e-01	5.614175e-01
4.250000e-02	1.249798e-01	5.626547e-01
4.300000e-02	1.306201e-01	5.632959e-01
4.350000e-02	1.364974e-01	5.633240e-01
4.400000e-02	1.426113e-01	5.627163e-01
4.450000e-02	1.489576e-01	5.614516e-01
4.500000e-02	1.555276e-01	5.595167e-01
4.550000e-02	1.623091e-01	5.569115e-01
4.600000e-02	1.692888e-01	5.536503e-01
4.650000e-02	1.764555e-01	5.497581e-01
4.700000e-02	1.838018e-01	5.452658e-01
4.750000e-02	1.913245e-01	5.402030e-01
4.800000e-02	1.990244e-01	5.345941e-01
4.850000e-02	2.069033e-01	5.284566e-01
4.900000e-02	2.149619e-01	5.218033e-01
4.950000e-02	2.231988e-01	5.146455e-01
5.000000e-02	2.316101e-01	5.069963e-01
5.050000e-02	2.401916e-01	4.988721e-01
5.100000e-02	2.489404e-01	4.902904e-01
5.150000e-02	2.578580e-01	4.812663e-01
5.200000e-02	2.669503e-01	4.718070e-01
5.250000e-02	2.762280e-01	4.619089e-01
5.300000e-02	2.857041e-01	4.515560e-01
5.350000e-02	2.953917e-01	4.407230e-01
5.400000e-02	3.053015e-01	4.293788e-01
5.450000e-02	3.154409e-01	4.174948e-01
5.500000e-02	3.258150e-01	4.050473e-01
5.550000e-02	3.364282e-01	3.920196e-01
5.600000e-02	3.472857e-01	3.784047e-01
5.650000e-02	3.583945e-01	3.642005e-01
5.700000e-02	3.697628e-01	3.494087e-01
5.750000e-02	3.813993e-01	3.340339e-01
5.800000e-02	3.933106e-01	3.180838e-01
5.850000e-02	4.054996e-01	3.015727e-01
5.900000e-02	4.179670e-01	2.845244e-01
5.950000e-02	4.307501e-01	2.670084e-01
6.000000e-02	4.439099e-01	2.491262e-01
6.050000e-02	4.575042e-01	2.309872e-01
6.100000e-02	4.715892e-01	2.127030e-01
6.150000e-02	4.862197e-01	1.943837e-01
6.200000e-02	5.014494e-01	1.761335e-01
6.250000e-02	5.173274e-01	1.580487e-01
6.300000e-02	5.338950e-01	1.402165e-01
6.350000e-02	5.511818e-01	1.227147e-01
6.400000e-02	5.692037e-01	1.056126e-01
6.450000e-02	5.879629e-01	8.897068e-02
6.500000e-02	6.074495e-01	7.284197e-02
6.550000e-02	6.276458e-01	5.727220e-02
6.600000e-02	6.485274e-01	4.229740e-02
6.650000e-02	6.700647e-01	2.794331e-02
6.700000e-02	6.922224e-01	1.422656e-02
6.750000e-02	7.149578e-01	1.157571e-03
6.800000e-02	7.382197e-01	-1.125703e-02
6.850000e-02	7.619481e-01	-2.301251e-02
6.900000e-02	7.860742e-01	-3.410485e-02
6.950000e-02	8.105221e-01	-4.453102e-02
7.000000e-02	8.352107e-01	-5.429055e-02
7.050000e-02	8.600567e-01	-6.338765e-02
7.100000e-02	8.849755e-01	-7.183339e-02
7.150000e-02	9.098840e-01	-7.964662e-02
7.200000e-02	9.346976e-01	-8.685468e-02
7.250000e-02	9.593341e-01	-9.349012e-02
7.300000e-02	9.837298e-01	-9.957597e-02
7.350000e-02	1.007862e+00	-1.051071e-01
7.400000e-02	1.031758e+00	-1.100453e-01
7.450000e-02	1.055481e+00	-1.143321e-01
7.500000e-02	1.079108e+00	-1.179127e-01
7.550000e-02	1.102695e+00	-1.207621e-01
7.600000e-02	1.126258e+00	-1.229014e-01
7.650000e-02	1.149764e+00	-1.243985e-01
7.700000e-02	1.173147e+00	-1.253519e-01
7.750000e-02	1.196330e+00	-1.258603e-01
7.800000e-02	1.219258e+00	-1.259930e-01
7.850000e-02	1.241915e+00	-1.257744e-01
7.900000e-02	1.264324e+00	-1.251849e-01
7.950000e-02	1.286537e+00	-1.241773e-01
8.000000e-02	1.308608e+00	-1.227011e-01
8.050000e-02	1.330565e+00	-1.207245e-01
8.100000e-02	1.352396e+00	-1.182443e-01
8.150000e-02	1.374053e+00	-1.152804e-01
8.200000e-02	1.395459e+00	-1.118586e-01
8.250000e-02	1.416542e+00	-1.079888e-01
8.300000e-02	1.437251e+00	-1.036493e-01
8.350000e-02	1.457574e+00	-9.878281e-02
8.400000e-02	1.477540e+00	-9.330909e-02
8.450000e-02	1.497198e+00	-8.714731e-02
8.500000e-02	1.516597e+00	-8.024074e-02
8.550000e-02	1.535764e+00	-7.257543e-02
8.600000e-02	1.554693e+00	-6.418425e-02
8.650000e-02	1.573345e+00	-5.513670e-02
8.700000e-02	1.591665e+00	-4.551833e-02
8.750000e-02	1.609604e+00	-3.540809e-02
8.800000e-02	1.627137e+00	-2.486283e-02
8.850000e-02	1.644274e+00	-1.391429e-02
8.900000e-02	1.661056e+00	-2.578031e-03
8.950000e-02	1.677539e+00	9.129410e-03
9.000000e-02	1.693775e+00	2.117365e-02
9.050000e-02	1.709792e+00	3.349345e-02
9.100000e-02	1.725583e+00	4.600293e-02
9.150000e-02	1.741074e+00	5.851775e-02
9.200000e-02	1.756046e+00	7.056653e-02
9.250000e-02	1.770257e+00	8.166062e-02
9.300000e-02	1.783499e+00	9.139527e-02
9.350000e-02	1.795612e+00	9.947522e-02
9.400000e-02	1.806481e+00	1.057228e-01
9.450000e-02	1.816031e+00	1.100698e-01
9.500000e-02	1.824203e+00	1.125398e-01
9.550000e-02	1.830942e+00	1.132293e-01
9.600000e-02	1.836179e+00	1.122929e-01
9.650000e-02	1.839844e+00	1.099361e-01
9.700000e-02	1.841879e+00	1.064029e-01
9.750000e-02	1.842277e+00	1.019364e-01
9.800000e-02	1.841116e+00	9.674478e-02
9.850000e-02	1.838557e+00	9.099793e-02
9.900000e-02	1.834831e+00	8.485148e-02
9.950000e-02	1.830187e+00	7.848403e-02
1.000000e-01	1.824849e+00	7.212705e-02
1.005000e-01	1.818985e+00	6.607095e-02
1.010000e-01	1.812700e+00	6.064148e-02
1.015000e-01	1.806045e+00	5.613618e-02
1.020000e-01	1.799018e+00	5.269844e-02
1.025000e-01	1.791567e+00	5.021736e-02
1.030000e-01	1.783606e+00	4.833871e-02
1.035000e-01	1.775049e+00	4.658791e-02
1.040000e-01	1.765834e+00	4.455006e-02
1.045000e-01	1.755951e+00	4.203539e-02
1.050000e-01	1.745438e+00	3.915550e-02
1.055000e-01	1.734367e+00	3.628577e-02
1.060000e-01	1.722820e+00	3.392252e-02
1.065000e-01	1.710858e+00	3.250823e-02
1.070000e-01	1.698503e+00	3.228658e-02
1.075000e-01	1.685735e+00	3.324765e-02
1.080000e-01	1.672501e+00	3.518777e-02
1.085000e-01	1.658742e+00	3.784114e-02
1.090000e-01	1.644417e+00	4.102850e-02
1.095000e-01	1.629526e+00	4.475755e-02
1.100000e-01	1.614110e+00	4.923131e-02
1.105000e-01	1.598243e+00	5.476030e-02
1.110000e-01	1.582008e+00	6.161985e-02
1.115000e-01	1.565467e+00	6.991365e-02
1.120000e-01	1.548642e+00	7.950393e-02
1.125000e-01	1.531504e+00	9.003157e-02
1.130000e-01	1.513986e+00	1.010368e-01
1.135000e-01	1.496051e+00	1.119940e-01
1.140000e-01	1.477772e+00	1.223524e-01
1.145000e-01	1.459305e+00	1.317326e-01
1.150000e-01	1.440871e+00	1.399475e-01
1.155000e-01	1.422718e+00	1.469446e-01
1.160000e-01	1.405080e+00	1.527134e-01
1.165000e-01	1.388127e+00	1.571979e-01
1.170000e-01	1.372007e+00	1.603044e-01
1.175000e-01	1.356907e+00	1.619659e-01
1.180000e-01	1.342957e+00	1.620825e-01
1.185000e-01	1.330244e+00	1.605816e-01
1.190000e-01	1.318862e+00	1.574941e-01
1.195000e-01	1.308955e+00	1.529991e-01
1.200000e-01	1.300733e+00	1.474112e-01
1.205000e-01	1.294447e+00	1.411065e-01
1.210000e-01	1.290356e+00	1.344243e-01
1.215000e-01	1.288670e+00	1.275752e-01
1.220000e-01	1.289514e+00	1.205919e-01
1.225000e-01	1.292913e+00	1.133378e-01
1.230000e-01	1.298813e+00	1.055725e-01
1.235000e-01	1.307113e+00	9.704321e-02
1.240000e-01	1.317721e+00	8.757429e-02
1.245000e-01	1.330578e+00	7.711675e-02
1.250000e-01	1.345674e+00	6.574943e-02
1.255000e-01	1.363021e+00	5.363452e-02
1.260000e-01	1.382616e+00	4.094665e-02
1.265000e-01	1.404392e+00	2.782182e-02
1.270000e-01	1.428198e+00	1.432603e-02
1.275000e-01	1.453784e+00	4.785670e-04
1.280000e-01	1.480841e+00	-1.369297e-02
1.285000e-01	1.509041e+00	-2.809004e-02
1.290000e-01	1.538072e+00	-4.249301e-02
1.295000e-01	1.567684e+00	-5.655062e-02
1.300000e-01	1.597686e+00	-6.982389e-02
1.305000e-01	1.627922e+00	-8.186342e-02
1.310000e-01	1.658239e+00	-9.229797e-02
1.315000e-01	1.688444e+00	-1.009117e-01
1.320000e-01	1.718310e+00	-1.077115e-01
1.325000e-01	1.747602e+00	-1.129376e-01
1.330000e-01	1.776130e+00	-1.169677e-01
1.335000e-01	1.803822e+00	-1.201463e-01
1.340000e-01	1.830742e+00	-1.226397e-01
1.345000e-01	1.857061e+00	-1.243805e-01
1.350000e-01	1.882988e+00	-1.251263e-01
1.355000e-01	1.908679e+00	-1.246027e-01
1.360000e-01	1.934179e+00	-1.226626e-01
1.365000e-01	1.959401e+00	-1.193926e-01
1.370000e-01	1.984155e+00	-1.151141e-01
1.375000e-01	2.008222e+00	-1.102820e-01
1.380000e-01	2.031431e+00	-1.053198e-01
1.385000e-01	2.053723e+00	-1.004600e-01
1.390000e-01	2.075160e+00	-9.566460e-02
1.395000e-01	2.095901e+00	-9.064813e-02
1.400000e-01	2.116138e+00	-8.501615e-02
1.405000e-01	2.136052e+00	-7.846247e-02
1.410000e-01	2.155770e+00	-7.096270e-02
1.415000e-01	2.175297e+00	-6.270432e-02
1.420000e-01	2.194527e+00	-5.398646e-02
1.425000e-01	2.213311e+00	-4.511761e-02
1.430000e-01	2.231561e+00	-3.631696e-02
1.435000e-01	2.249310e+00	-2.766142e-02
1.440000e-01	2.266742e+00	-1.910007e-02
1.445000e-01	2.284146e+00	-1.052887e-02
1.450000e-01	2.301835e+00	-1.893193e-03
1.455000e-01	2.320055e+00	6.725829e-03
1.460000e-01	2.338915e+00	1.507659e-02
1.465000e-01	2.358376e+00	2.277180e-02
1.470000e-01	2.378295e+00	2.937485e-02
1.475000e-01	2.398500e+00	3.450869e-02
1.480000e-01	2.418880e+00	3.794529e-02
1.485000e-01	2.439436e+00	3.963838e-02
1.490000e-01	2.460281e+00	3.969844e-02
1.495000e-01	2.481587e+00	3.831552e-02
1.500000e-01	2.503511e+00	3.567503e-02
1.505000e-01	2.526113e+00	3.189544e-02
1.510000e-01	2.549310e+00	2.700864e-02
1.515000e-01	2.572884e+00	2.099754e-02
1.520000e-01	2.596547e+00	1.386930e-02
1.525000e-01	2.620020e+00	5.725483e-03
1.530000e-01	2.643102e+00	-3.192692e-03
1.535000e-01	2.665724e+00	-1.251982e-02
1.540000e-01	2.687929e+00	-2.181455e-02
1.545000e-01	2.709820e+00	-3.065642e-02
1.550000e-01	2.731459e+00	-3.876546e-02
1.555000e-01	2.752791e+00	-4.607818e-02
1.560000e-01	2.773666e+00	-5.262929e-02
1.565000e-01	2.793871e+00	-5.848145e-02
1.570000e-01	2.813145e+00	-6.375785e-02
1.575000e-01	2.831240e+00	-6.860907e-02
1.580000e-01	2.847985e+00	-7.317259e-02
1.585000e-01	2.863324e+00	-7.757752e-02
1.590000e-01	2.877305e+00	-8.196445e-02
1.595000e-01	2.890040e+00	-8.649429e-02
1.600000e-01	2.901627e+00	-9.133794e-02
1.605000e-01	2.912093e+00	-9.664973e-02
1.610000e-01	2.921366e+00	-1.025348e-01
1.615000e-01	2.929284e+00	-1.090236e-01
1.620000e-01	2.935660e+00	-1.160634e-01
1.625000e-01	2.940348e+00	-1.235294e-01
1.630000e-01	2.943301e+00	-1.312496e-01
1.635000e-01	2.944594e+00	-1.390365e-01
1.640000e-01	2.944400e+00	-1.467104e-01
1.645000e-01	2.942926e+00	-1.541126e-01
1.650000e-01	2.940344e+00	-1.611076e-01
1.655000e-01	2.936740e+00	-1.675760e-01
1.660000e-01	2.932096e+00	-1.734085e-01
1.665000e-01	2.926318e+00	-1.785054e-01
1.670000e-01	2.919295e+00	-1.827846e-01
1.675000e-01	2.910963e+00	-1.861906e-01
1.680000e-01	2.901351e+00	-1.887190e-01
1.685000e-01	2.890624e+00	-1.904897e-01
1.690000e-01	2.879016e+00	-1.916648e-01
1.695000e-01	2.866768e+00	-1.924267e-01
1.700000e-01	2.854071e+00	-1.929752e-01
1.705000e-01	2.841043e+00	-1.935241e-01
1.710000e-01	2.827726e+00	-1.942890e-01
1.715000e-01	2.814119e+00	-1.954676e-01
1.720000e-01	2.800232e+00	-1.972165e-01
1.725000e-01	2.786121e+00	-1.996348e-01
1.730000e-01	2.771906e+00	-2.027722e-01
1.735000e-01	2.757748e+00	-2.066502e-01
1.740000e-01	2.743810e+00	-2.112789e-01
1.745000e-01	2.730219e+00	-2.166661e-01
1.750000e-01	2.717032e+00	-2.228147e-01
1.755000e-01	2.704235e+00	-2.297139e-01
1.760000e-01	2.691763e+00	-2.373284e-01
1.765000e-01	2.679544e+00	-2.455964e-01
1.770000e-01	2.667531e+00	-2.544361e-01
1.775000e-01	2.655730e+00	-2.637604e-01
1.780000e-01	2.644201e+00	-2.734996e-01
1.785000e-01	2.633027e+00	-2.836193e-01
1.790000e-01	2.622283e+00	-2.941270e-01
1.795000e-01	2.612002e+00	-3.050673e-01
1.800000e-01	2.602156e+00	-3.165033e-01
1.805000e-01	2.592663e+00	-3.284944e-01
1.810000e-01	2.583409e+00	-3.410740e-01
1.815000e-01	2.574280e+00	-3.542347e-01
1.820000e-01	2.565192e+00	-3.679226e-01
1.825000e-01	2.556105e+00	-3.820433e-01
1.830000e-01	2.547017e+00	-3.964739e-01
1.835000e-01	2.537936e+00	-4.110743e-01
1.840000e-01	2.528852e+00	-4.256944e-01
1.845000e-01	2.519711e+00	-4.401729e-01
1.850000e-01	2.510412e+00	-4.543331e-01
1.855000e-01	2.500817e+00	-4.679764e-01
1.860000e-01	2.490778e+00	-4.808806e-01
1.865000e-01	2.480175e+00	-4.928075e-01
1.870000e-01	2.468933e+00	-5.035193e-01
1.875000e-01	2.457035e+00	-5.128013e-01
1.880000e-01	2.444506e+00	-5.204820e-01
1.885000e-01	2.431392e+00	-5.264571e-01
1.890000e-01	2.417769e+00	-5.306746e-01
1.895000e-01	2.403846e+00	-5.330661e-01
1.900000e-01	2.389866e+00	-5.335981e-01
1.905000e-01	2.376071e+00	-5.322884e-01
1.910000e-01	2.362711e+00	-5.292011e-01
1.915000e-01	2.350046e+00	-5.244498e-01
1.920000e-01	2.338329e+00	-5.182054e-01
1.925000e-01	2.327785e+00	-5.107033e-01
1.930000e-01	2.318585e+00	-5.022434e-01
1.935000e-01	2.310826e+00	-4.931797e-01
1.940000e-01	2.304532e+00	-4.838989e-01
1.945000e-01	2.299654e+00	-4.747926e-01
1.950000e-01	2.296100e+00	-4.662297e-01
1.955000e-01	2.293755e+00	-4.585314e-01
1.960000e-01	2.292505e+00	-4.519599e-01
1.965000e-01	2.292243e+00	-4.467178e-01
1.970000e-01	2.292872e+00	-4.429563e-01
1.975000e-01	2.294309e+00	-4.407764e-01
1.980000e-01	2.296534e+00	-4.402078e-01
1.985000e-01	2.299617e+00	-4.411945e-01
1.990000e-01	2.303711e+00	-4.436064e-01
1.995000e-01	2.309003e+00	-4.472763e-01
2.000000e-01	2.315655e+00	-4.520488e-01
2.005000e-01	2.323742e+00	-4.578232e-01
2.010000e-01	2.333228e+00	-4.645762e-01
2.015000e-01	2.343980e+00	-4.723536e-01
2.020000e-01	2.355809e+00	-4.812392e-01
2.025000e-01	2.368536e+00	-4.913105e-01
2.030000e-01	2.382040e+00	-5.025998e-01
2.035000e-01	2.396278e+00	-5.150768e-01
2.040000e-01	2.411272e+00	-5.286500e-01
2.045000e-01	2.427068e+00	-5.431904e-01
2.050000e-01	2.443674e+00	-5.585590e-01
2.055000e-01	2.461024e+00	-5.746270e-01
2.060000e-01	2.478950e+00	-5.912745e-01
2.065000e-01	2.497208e+00	-6.083705e-01
2.070000e-01	2.515526e+00	-6.257457e-01
2.075000e-01	2.533656e+00	-6.431599e-01
2.080000e-01	2.551413e+00	-6.602911e-01
2.085000e-01	2.568695e+00	-6.767491e-01
2.090000e-01	2.585474e+00	-6.921097e-01
2.095000e-01	2.601752e+00	-7.059632e-01
2.100000e-01	2.617524e+00	-7.179607e-01
2.105000e-01	2.632738e+00	-7.278442e-01
2.110000e-01	2.647290e+00	-7.354571e-01
2.115000e-01	2.661037e+00	-7.407262e-01
2.120000e-01	2.673848e+00	-7.436493e-01
2.125000e-01	2.685650e+00	-7.442928e-01
2.130000e-01	2.696471e+00	-7.427913e-01
2.135000e-01	2.706429e+00	-7.392860e-01
2.140000e-01	2.715679e+00	-7.338771e-01
2.145000e-01	2.724347e+00	-7.266118e-01
2.150000e-01	2.732565e+00	-7.176606e-01
2.155000e-01	2.740458e+00	-7.073709e-01
2.160000e-01	2.748094e+00	-6.961515e-01
2.165000e-01	2.755495e+00	-6.844269e-01
2.170000e-01	2.762666e+00	-6.726056e-01
2.175000e-01	2.769631e+00	-6.610426e-01
2.180000e-01	2.776475e+00	-6.499962e-01
2.185000e-01	2.783358e+00	-6.396109e-01
2.190000e-01	2.790500e+00	-6.299310e-01
2.195000e-01	2.798146e+00	-6.209406e-01
2.200000e-01	2.806505e+00	-6.126192e-01
2.205000e-01	2.815712e+00	-6.049921e-01
2.210000e-01	2.825801e+00	-5.981535e-01
2.215000e-01	2.836679e+00	-5.923564e-01
2.220000e-01	2.848166e+00	-5.879609e-01
2.225000e-01	2.860106e+00	-5.852634e-01
2.230000e-01	2.872401e+00	-5.844612e-01
2.235000e-01	2.885024e+00	-5.856499e-01
2.240000e-01	2.898001e+00	-5.888428e-01
2.245000e-01	2.911375e+00	-5.940049e-01
2.250000e-01	2.925159e+00	-6.010853e-01
2.255000e-01	2.939306e+00	-6.100359e-01
2.260000e-01	2.953705e+00	-6.208072e-01
2.265000e-01	2.968198e+00	-6.333244e-01
2.270000e-01	2.982618e+00	-6.474548e-01
2.275000e-01	2.996836e+00	-6.629783e-01
2.280000e-01	3.010786e+00	-6.795758e-01
2.285000e-01	3.024472e+00	-6.968442e-01
2.290000e-01	3.037947e+00	-7.143278e-01
2.295000e-01	3.051276e+00	-7.315631e-01
2.300000e-01	3.064496e+00	-7.481227e-01
2.305000e-01	3.077583e+00	-7.636464e-01
2.310000e-01	3.090427e+00	-7.778998e-01
2.315000e-01	3.102839e+00	-7.907917e-01
2.320000e-01	3.114593e+00	-8.023406e-01
2.325000e-01	3.125487e+00	-8.126005e-01
2.330000e-01	3.135399e+00	-8.215804e-01
2.335000e-01	3.144317e+00	-8.291916e-01
2.340000e-01	3.152326e+00	-8.352450e-01
2.345000e-01	3.159571e+00	-8.394986e-01
2.350000e-01	3.166194e+00	-8.417397e-01
2.355000e-01	3.172286e+00	-8.418655e-01
2.360000e-01	3.177866e+00	-8.399307e-01
2.365000e-01	3.182895e+00	-8.361482e-01
2.370000e-01	3.187317e+00	-8.308394e-01
2.375000e-01	3.191121e+00	-8.243559e-01
2.380000e-01	3.194375e+00	-8.170099e-01
2.385000e-01	3.197246e+00	-8.090318e-01
2.390000e-01	3.199959e+00	-8.005932e-01
2.395000e-01	3.202675e+00	-7.920378e-01
2.400000e-01	3.205470e+00	-7.838312e-01
2.405000e-01	3.208359e+00	-7.764551e-01
2.410000e-01	3.211310e+00	-7.703698e-01
2.415000e-01	3.214265e+00	-7.659693e-01
2.420000e-01	3.217184e+00	-7.635404e-01
2.425000e-01	3.220072e+00	-7.632372e-01
2.430000e-01	3.222994e+00	-7.650770e-01
2.435000e-01	3.226064e+00	-7.689582e-01
2.440000e-01	3.229415e+00	-7.746929e-01
2.445000e-01	3.233164e+00	-7.820419e-01
2.450000e-01	3.237379e+00	-7.907423e-01
2.455000e-01	3.242072e+00	-8.005241e-01
2.460000e-01	3.247206e+00	-8.111109e-01
2.465000e-01	3.252726e+00	-8.222127e-01
2.470000e-01	3.258592e+00	-8.335205e-01
2.475000e-01	3.264803e+00	-8.447171e-01
2.480000e-01	3.271382e+00	-8.555342e-01
2.485000e-01	3.278340e+00	-8.658247e-01
2.490000e-01	3.285642e+00	-8.755916e-01
2.495000e-01	3.293194e+00	-8.849588e-01
2.500000e-01	3.300854e+00	-8.940968e-01
2.505000e-01	3.308455e+00	-9.031319e-01
2.510000e-01	3.315851e+00	-9.120711e-01
2.515000e-01	3.322943e+00	-9.207784e-01
2.520000e-01	3.329693e+00	-9.290025e-01
2.525000e-01	3.336110e+00	-9.364456e-01
2.530000e-01	3.342227e+00	-9.428453e-01
2.535000e-01	3.348065e+00	-9.480372e-01
2.540000e-01	3.353611e+00	-9.519744e-01
2.545000e-01	3.358812e+00	-9.546991e-01
2.550000e-01	3.363588e+00	-9.562819e-01
2.555000e-01	3.367863e+00	-9.567575e-01
2.560000e-01	3.371599e+00	-9.560843e-01
2.565000e-01	3.374815e+00	-9.541474e-01
2.570000e-01	3.377596e+00	-9.508057e-01
2.575000e-01	3.380073e+00	-9.459643e-01
2.580000e-01	3.382394e+00	-9.396431e-01
2.585000e-01	3.384703e+00	-9.320222e-01
2.590000e-01	3.387106e+00	-9.234284e-01
2.595000e-01	3.389677e+00	-9.142833e-01
2.600000e-01	3.392472e+00	-9.050344e-01
2.605000e-01	3.395555e+00	-8.960771e-01
2.610000e-01	3.399016e+00	-8.877029e-01
2.615000e-01	3.402985e+00	-8.801110e-01
2.620000e-01	3.407623e+00	-8.734360e-01
2.625000e-01	3.413105e+00	-8.677951e-01
2.630000e-01	3.419586e+00	-8.633346e-01
2.635000e-01	3.427069e+00	-8.601917e-01
2.640000e-01	3.435438e+00	-8.585040e-01
2.645000e-01	3.444540e+00	-8.584037e-01
2.650000e-01	3.454219e+00	-8.599658e-01
2.655000e-01	3.464343e+00	-8.631642e-01
2.660000e-01	3.474833e+00	-8.678596e-01
2.665000e-01	3.485668e+00	-8.738262e-01
2.670000e-01	3.496875e+00	-8.808085e-01
2.675000e-01	3.508517e+00	-8.885889e-01
2.680000e-01	3.520667e+00	-8.970395e-01
2.685000e-01	3.533393e+00	-9.061395e-01
2.690000e-01	3.546757e+00	-9.159525e-01
2.695000e-01	3.560811e+00	-9.265732e-01
2.700000e-01	3.575609e+00	-9.380639e-01
2.705000e-01	3.591202e+00	-9.504020e-01
2.710000e-01	3.607599e+00	-9.634449e-01
2.715000e-01	3.624724e+00	-9.769291e-01
2.720000e-01	3.642403e+00	-9.905200e-01
2.725000e-01	3.660388e+00	-1.003886e+00
2.730000e-01	3.678411e+00	-1.016772e+00
2.735000e-01	3.696247e+00	-1.029037e+00
2.740000e-01	3.713756e+00	-1.040649e+00
2.745000e-01	3.730889e+00	-1.051623e+00
2.750000e-01	3.747662e+00	-1.061948e+00
2.755000e-01	3.764103e+00	-1.071529e+00
2.760000e-01	3.780204e+00	-1.080156e+00
2.765000e-01	3.795895e+00	-1.087530e+00
2.770000e-01	3.811046e+00	-1.093336e+00
2.775000e-01	3.825503e+00	-1.097313e+00
2.780000e-01	3.839141e+00	-1.099326e+00
2.785000e-01	3.851905e+00	-1.099385e+00
2.790000e-01	3.863833e+00	-1.097620e+00
2.795000e-01	3.875038e+00	-1.094215e+00
2.800000e-01	3.885676e+00	-1.089341e+00
2.805000e-01	3.895895e+00	-1.083117e+00
2.810000e-01	3.905803e+00	-1.075593e+00
2.815000e-01	3.915452e+00	-1.066791e+00
2.820000e-01	3.924854e+00	-1.056762e+00
2.825000e-01	3.934015e+00	-1.045645e+00
2.830000e-01	3.942972e+00	-1.033700e+00
2.835000e-01	3.951818e+00	-1.021296e+00
2.840000e-01	3.960712e+00	-1.008868e+00
2.845000e-01	3.969847e+00	-9.968340e-01
2.850000e-01	3.979427e+00	-9.855448e-01
2.855000e-01	3.989612e+00	-9.752220e-01
2.860000e-01	4.000512e+00	-9.659846e-01
2.865000e-01	4.012170e+00	-9.578701e-01
2.870000e-01	4.024593e+00	-9.509059e-01
2.875000e-01	4.037776e+00	-9.451437e-01
2.880000e-01	4.051736e+00	-9.407086e-01
2.885000e-01	4.066526e+00	-9.377594e-01
2.890000e-01	4.082234e+00	-9.364644e-01
2.895000e-01	4.098954e+00	-9.369256e-01
2.900000e-01	4.116761e+00	-9.391529e-01
2.905000e-01	4.135684e+00	-9.430431e-01
2.910000e-01	4.155688e+00	-9.483906e-01
2.915000e-01	4.176694e+00	-9.549765e-01
2.920000e-01	4.198577e+00	-9.625736e-01
2.925000e-01	4.221232e+00	-9.710558e-01
2.930000e-01	4.244567e+00	-9.803496e-01
2.935000e-01	4.268512e+00	-9.904280e-01
2.940000e-01	4.293016e+00	-1.001273e+00
2.945000e-01	4.318031e+00	-1.012830e+00
2.950000e-01	4.343492e+00	-1.024975e+00
2.955000e-01	4.369302e+00	-1.037504e+00
2.960000e-01	4.395326e+00	-1.050154e+00
2.965000e-01	4.421402e+00	-1.062637e+00
2.970000e-01	4.447357e+00	-1.074687e+00
2.975000e-01	4.473028e+00	-1.086093e+00
2.980000e-01	4.498282e+00	-1.096706e+00
2.985000e-01	4.523020e+00	-1.106427e+00
2.990000e-01	4.547174e+00	-1.115175e+00
2.995000e-01	4.570698e+00	-1.122851e+00
3.000000e-01	4.593548e+00	-1.129311e+00
3.005000e-01	4.615675e+00	-1.134367e+00
3.010000e-01	4.637018e+00	-1.137811e+00
3.015000e-01	4.657515e+00	-1.139447e+00
3.020000e-01	4.677112e+00	-1.139144e+00
3.025000e-01	4.695783e+00	-1.136858e+00
3.030000e-01	4.713539e+00	-1.132650e+00
3.035000e-01	4.730431e+00	-1.126664e+00
3.040000e-01	4.746547e+00	-1.119099e+00
3.045000e-01	4.761995e+00	-1.110169e+00
3.050000e-01	4.776877e+00	-1.100062e+00
3.055000e-01	4.791255e+00	-1.089111e+00
3.060000e-01	4.805089e+00	-1.077759e+00
3.065000e-01	4.818325e+00	-1.066459e+00
3.070000e-01	4.830916e+00	-1.055662e+00
3.075000e-01	4.842849e+00	-1.045800e+00
3.080000e-01	4.854157e+00	-1.037265e+00
3.085000e-01	4.864916e+00	-1.030378e+00
3.090000e-01	4.875226e+00	-1.025358e+00
3.095000e-01	4.885192e+00	-1.022305e+00
3.100000e-01	4.894901e+00	-1.021193e+00
3.105000e-01	4.904420e+00	-1.021884e+00
3.110000e-01	4.913795e+00	-1.024155e+00
3.115000e-01	4.923072e+00	-1.027734e+00
3.120000e-01	4.932315e+00	-1.032327e+00
3.125000e-01	4.941618e+00	-1.037640e+00
3.130000e-01	4.951105e+00	-1.043393e+00
3.135000e-01	4.960919e+00	-1.049315e+00
3.140000e-01	4.971192e+00	-1.055165e+00
3.145000e-01	4.981998e+00	-1.060801e+00
3.150000e-01	4.993311e+00	-1.066245e+00
3.155000e-01	5.005007e+00	-1.071682e+00
3.160000e-01	5.016906e+00	-1.077397e+00
3.165000e-01	5.028827e+00	-1.083671e+00
3.170000e-01	5.040651e+00	-1.090675e+00
3.175000e-01	5.052344e+00	-1.098398e+00
3.180000e-01	5.063953e+00	-1.106649e+00
3.185000e-01	5.075561e+00	-1.115111e+00
3.190000e-01	5.087232e+00	-1.123440e+00
3.195000e-01	5.098957e+00	-1.131359e+00
3.200000e-01	5.110643e+00	-1.138714e+00
3.205000e-01	5.122123e+00	-1.145473e+00
3.210000e-01	5.133207e+00	-1.151672e+00
3.215000e-01	5.143735e+00	-1.157335e+00
3.220000e-01	5.153628e+00	-1.162399e+00
3.225000e-01	5.162900e+00	-1.166691e+00
3.230000e-01	5.171635e+00	-1.169950e+00
3.235000e-01	5.179954e+00	-1.171905e+00
3.240000e-01	5.187954e+00	-1.172365e+00
3.245000e-01	5.195676e+00	-1.171295e+00
3.250000e-01	5.203099e+00	-1.168850e+00
3.255000e-01	5.210155e+00	-1.165336e+00
3.260000e-01	5.216779e+00	-1.161147e+00
3.265000e-01	5.222953e+00	-1.156662e+00
3.270000e-01	5.228735e+00	-1.152161e+00
3.275000e-01	5.234256e+00	-1.147806e+00
3.280000e-01	5.239691e+00	-1.143656e+00
3.285000e-01	5.245221e+00	-1.139721e+00
3.290000e-01	5.250981e+00	-1.136033e+00
3.295000e-01	5.257035e+00	-1.132694e+00
3.300000e-01	5.263379e+00	-1.129887e+00
3.305000e-01	5.269960e+00	-1.127845e+00
3.310000e-01	5.276722e+00	-1.126782e+00
3.315000e-01	5.283641e+00	-1.126828e+00
3.320000e-01	5.290748e+00	-1.127980e+00
3.325000e-01	5.298128e+00	-1.130091e+00
3.330000e-01	5.305883e+00	-1.132940e+00
3.335000e-01	5.314110e+00	-1.136263e+00
3.340000e-01	5.322853e+00	-1.139874e+00
3.345000e-01	5.332093e+00	-1.143669e+00
3.350000e-01	5.341752e+00	-1.147678e+00
3.355000e-01	5.351719e+00	-1.152017e+00
3.360000e-01	5.361893e+00	-1.156826e+00
3.365000e-01	5.372211e+00	-1.162213e+00
3.370000e-01	5.382667e+00	-1.168201e+00
3.375000e-01	5.393302e+00	-1.174728e+00
3.380000e-01	5.404170e+00	-1.181685e+00
3.385000e-01	5.415323e+00	-1.188941e+00
3.390000e-01	5.426758e+00	-1.196420e+00
3.395000e-01	5.438414e+00	-1.204126e+00
3.400000e-01	5.450188e+00	-1.212121e+00
3.405000e-01	5.461945e+00	-1.220502e+00
3.410000e-01	5.473575e+00	-1.229327e+00
3.415000e-01	5.484992e+00	-1.238572e+00
3.420000e-01	5.496168e+00	-1.248100e+00
3.425000e-01	5.507116e+00	-1.257651e+00
3.430000e-01	5.517860e+00	-1.266929e+00
3.435000e-01	5.528410e+00	-1.275599e+00
3.440000e-01	5.538737e+00	-1.283439e+00
3.445000e-01	5.548773e+00	-1.290290e+00
3.450000e-01	5.558426e+00	-1.296080e+00
3.455000e-01	5.567595e+00	-1.300799e+00
3.460000e-01	5.576205e+00	-1.304471e+00
3.465000e-01	5.584224e+00	-1.307110e+00
3.470000e-01	5.591670e+00	-1.308706e+00
3.475000e-01	5.598608e+00	-1.309229e+00
3.480000e-01	5.605129e+00	-1.308649e+00
3.485000e-01	5.611324e+00	-1.306978e+00
3.490000e-01	5.617264e+00	-1.304299e+00
3.495000e-01	5.622990e+00	-1.300783e+00
3.500000e-01	5.628519e+00	-1.296680e+00
3.505000e-01	5.633858e+00	-1.292285e+00
3.510000e-01	5.639029e+00	-1.287890e+00
3.515000e-01	5.644081e+00	-1.283738e+00
3.520000e-01	5.649102e+00	-1.279996e+00
3.525000e-01	5.654201e+00	-1.276747e+00
3.530000e-01	5.659515e+00	-1.274010e+00
3.535000e-01	5.665221e+00	-1.271715e+00
3.540000e-01	5.671567e+00	-1.269691e+00
3.545000e-01	5.678774e+00	-1.267788e+00
3.550000e-01	5.687012e+00	-1.265922e+00
3.555000e-01	5.696396e+00	-1.264071e+00
3.560000e-01	5.707010e+00	-1.262248e+00
3.565000e-01	5.718920e+00	-1.260468e+00
3.570000e-01	5.732190e+00	-1.258723e+00
3.575000e-01	5.746885e+00	-1.256978e+00
3.580000e-01	5.763062e+00	-1.255195e+00
3.585000e-01	5.780751e+00	-1.253363e+00
3.590000e-01	5.799935e+00	-1.251542e+00
3.595000e-01	5.820538e+00	-1.249878e+00
3.600000e-01	5.842423e+00	-1.248598e+00
3.605000e-01	5.865408e+00	-1.247979e+00
3.610000e-01	5.889286e+00	-1.248298e+00
3.615000e-01	5.913851e+00	-1.249779e+00
3.620000e-01	5.938917e+00	-1.252558e+00
3.625000e-01	5.964328e+00	-1.256666e+00
3.630000e-01	5.989986e+00	-1.262008e+00
3.635000e-01	6.015865e+00	-1.268377e+00
3.640000e-01	6.041995e+00	-1.275488e+00
3.645000e-01	6.068420e+00	-1.283040e+00
3.650000e-01	6.095152e+00	-1.290767e+00
3.655000e-01	6.122134e+00	-1.298476e+00
3.660000e-01	6.149234e+00	-1.306044e+00
3.665000e-01	6.176261e+00	-1.313387e+00
3.670000e-01	6.203012e+00	-1.320417e+00
3.675000e-01	6.229314e+00	-1.327009e+00
3.680000e-01	6.255059e+00	-1.332990e+00
3.685000e-01	6.280218e+00	-1.338154e+00
3.690000e-01	6.304821e+00	-1.342304e+00
3.695000e-01	6.328921e+00	-1.345303e+00
3.700000e-01	6.352552e+00	-1.347107e+00
3.705000e-01	6.375702e+00	-1.347774e+00
3.710000e-01	6.398298e+00	-1.347452e+00
3.715000e-01	6.420238e+00	-1.346319e+00
3.720000e-01	6.441409e+00	-1.344554e+00
3.725000e-01	6.461746e+00	-1.342269e+00
3.730000e-01	6.481244e+00	-1.339516e+00
3.735000e-01	6.499962e+00	-1.336292e+00
3.740000e-01	6.518025e+00	-1.332571e+00
3.745000e-01	6.535563e+00	-1.328346e+00
3.750000e-01	6.552694e+00	-1.323666e+00
3.755000e-01	6.569477e+00	-1.318626e+00
3.760000e-01	6.585922e+00	-1.313371e+00
3.765000e-01	6.602004e+00	-1.308031e+00
3.770000e-01	6.617682e+00	-1.302721e+00
3.775000e-01	6.632947e+00	-1.297489e+00
3.780000e-01	6.647842e+00	-1.292323e+00
3.785000e-01	6.662457e+00	-1.287182e+00
3.790000e-01	6.676932e+00	-1.282031e+00
3.795000e-01	6.691385e+00	-1.276890e+00
3.800000e-01	6.705913e+00	-1.271836e+00
3.805000e-01	6.720569e+00	-1.267013e+00
3.810000e-01	6.735356e+00	-1.262604e+00
3.815000e-01	6.750237e+00	-1.258804e+00
3.820000e-01	6.765161e+00	-1.255779e+00
3.825000e-01	6.780088e+00	-1.253645e+00
3.830000e-01	6.795010e+00	-1.252454e+00
3.835000e-01	6.809956e+00	-1.252210e+00
3.840000e-01	6.824982e+00	-1.252888e+00
3.845000e-01	6.840150e+00	-1.254463e+00
3.850000e-01	6.855501e+00	-1.256928e+00
3.855000e-01	6.871040e+00	-1.260292e+00
3.860000e-01	6.886721e+00	-1.264571e+00
3.865000e-01	6.902464e+00	-1.269761e+00
3.870000e-01	6.918171e+00	-1.275808e+00
3.875000e-01	6.933747e+00	-1.282601e+00
3.880000e-01	6.949128e+00	-1.289965e+00
3.885000e-01	6.964284e+00	-1.297684e+00
3.890000e-01	6.979217e+00	-1.305530e+00
3.895000e-01	6.993945e+00	-1.313298e+00
3.900000e-01	7.008480e+00	-1.320835e+00
3.905000e-01	7.022809e+00	-1.328043e+00
3.910000e-01	7.036888e+00	-1.334882e+00
3.915000e-01	7.050641e+00	-1.341344e+00
3.920000e-01	7.063981e+00	-1.347428e+00
3.925000e-01	7.076827e+00	-1.353124e+00
3.930000e-01	7.089125e+00	-1.358401e+00
3.935000e-01	7.100858e+00	-1.363217e+00
3.940000e-01	7.112045e+00	-1.367533e+00
3.945000e-01	7.122726e+00	-1.371333e+00
3.950000e-01	7.132948e+00	-1.374644e+00
3.955000e-01	7.142742e+00	-1.377532e+00
3.960000e-01	7.152115e+00	-1.380093e+00
3.965000e-01	7.161050e+00	-1.382430e+00
3.970000e-01	7.169514e+00	-1.384629e+00
3.975000e-01	7.177480e+00	-1.386734e+00
3.980000e-01	7.184936e+00	-1.388742e+00
3.985000e-01	7.191903e+00	-1.390610e+00
3.990000e-01	7.198432e+00	-1.392273e+00
3.995000e-01	7.204595e+00	-1.393670e+00
4.000000e-01	7.210470e+00	-1.394764e+00
4.005000e-01	7.216124e+00	-1.395556e+00
4.010000e-01	7.221600e+00	-1.396084e+00
4.015000e-01	7.226917e+00	-1.396408e+00
4.020000e-01	7.232076e+00	-1.396590e+00
4.025000e-01	7.237064e+00	-1.396698e+00
4.030000e-01	7.241880e+00	-1.396768e+00
4.035000e-01	7.246547e+00	-1.396815e+00
4.040000e-01	7.251112e+00	-1.396852e+00
4.045000e-01	7.255636e+00	-1.396908e+00
4.050000e-01	7.260183e+00	-1.397044e+00
4.055000e-01	7.264798e+00	-1.397358e+00
4.060000e-01	7.269500e+00	-1.397975e+00
4.065000e-01	7.274276e+00	-1.399024e+00
4.070000e-01	7.279092e+00	-1.400616e+00
4.075000e-01	7.283905e+00	-1.402816e+00
4.080000e-01	7.288680e+00	-1.405638e+00
4.085000e-01	7.293401e+00	-1.409049e+00
4.090000e-01	7.298069e+00	-1.412982e+00
4.095000e-01	7.302700e+00	-1.417360e+00
4.100000e-01	7.307307e+00	-1.422115e+00
4.105000e-01	7.311895e+00	-1.427192e+00
4.110000e-01	7.316445e+00	-1.432559e+00
4.115000e-01	7.320922e+00	-1.438184e+00
4.120000e-01	7.325274e+00	-1.444027e+00
4.125000e-01	7.329443e+00	-1.450023e+00
4.130000e-01	7.333272e+00	-1.455999e+00
4.135000e-01	7.336537e+00	-1.461706e+00
4.140000e-01	7.339061e+00	-1.466932e+00
4.145000e-01	7.340728e+00	-1.471541e+00
4.150000e-01	7.341493e+00	-1.475508e+00
4.155000e-01	7.341376e+00	-1.478920e+00
4.160000e-01	7.340461e+00	-1.481962e+00
4.165000e-01	7.338880e+00	-1.484884e+00
4.170000e-01	7.336805e+00	-1.487959e+00
4.175000e-01	7.334435e+00	-1.491451e+00
4.180000e-01	7.331983e+00	-1.495583e+00
4.185000e-01	7.329649e+00	-1.500524e+00
4.190000e-01	7.327570e+00	-1.506357e+00
4.195000e-01	7.325766e+00	-1.513058e+00
4.200000e-01	7.324137e+00	-1.520512e+00
4.205000e-01	7.322502e+00	-1.528552e+00
4.210000e-01	7.320679e+00	-1.537015e+00
4.215000e-01	7.318548e+00	-1.545787e+00
4.220000e-01	7.316093e+00	-1.554808e+00
4.225000e-01	7.313394e+00	-1.564065e+00
4.230000e-01	7.310582e+00	-1.573543e+00
4.235000e-01	7.307768e+00	-1.583190e+00
4.240000e-01	7.304991e+00	-1.592893e+00
4.245000e-01	7.302189e+00	-1.602491e+00
4.250000e-01	7.299226e+00	-1.611812e+00
4.255000e-01	7.295936e+00	-1.620723e+00
4.260000e-01	7.292192e+00	-1.629169e+00
4.265000e-01	7.287949e+00	-1.637190e+00
4.270000e-01	7.283258e+00	-1.644899e+00
4.275000e-01	7.278236e+00	-1.652435e+00
4.280000e-01	7.273017e+00	-1.659908e+00
4.285000e-01	7.267686e+00	-1.667361e+00
4.290000e-01	7.262251e+00	-1.674754e+00
4.295000e-01	7.256635e+00	-1.681992e+00
4.300000e-01	7.250712e+00	-1.688965e+00
4.305000e-01	7.244361e+00	-1.695597e+00
4.310000e-01	7.237515e+00	-1.701872e+00
4.315000e-01	7.230187e+00	-1.707836e+00
4.320000e-01	7.222466e+00	-1.713560e+00
4.325000e-01	7.214483e+00	-1.719094e+00
4.330000e-01	7.206347e+00	-1.724432e+00
4.335000e-01	7.198119e+00	-1.729494e+00
4.340000e-01	7.189790e+00	-1.734152e+00
4.345000e-01	7.181302e+00	-1.738271e+00
4.350000e-01	7.172583e+00	-1.741764e+00
4.355000e-01	7.163595e+00	-1.744633e+00
4.360000e-01	7.154369e+00	-1.746983e+00
4.365000e-01	7.145012e+00	-1.749003e+00
4.370000e-01	7.135676e+00	-1.750902e+00
4.375000e-01	7.126546e+00	-1.752903e+00
4.380000e-01	7.117764e+00	-1.755158e+00
4.385000e-01	7.109411e+00	-1.757755e+00
4.390000e-01	7.101502e+00	-1.760734e+00
4.395000e-01	7.094001e+00	-1.764156e+00
4.400000e-01	7.086835e+00	-1.768315e+00
4.405000e-01	7.079960e+00	-1.773577e+00
4.410000e-01	7.073396e+00	-1.780279e+00
4.415000e-01	7.067212e+00	-1.788690e+00
4.420000e-01	7.061492e+00	-1.798964e+00
4.425000e-01	7.056293e+00	-1.811094e+00
4.430000e-01	7.051614e+00	-1.824885e+00
4.435000e-01	7.047386e+00	-1.839959e+00
4.440000e-01	7.043491e+00	-1.855800e+00
4.445000e-01	7.039803e+00	-1.871815e+00
4.450000e-01	7.036224e+00	-1.887418e+00
4.455000e-01	7.032712e+00	-1.902106e+00
4.460000e-01	7.029270e+00	-1.915562e+00
4.465000e-01	7.025914e+00	-1.927716e+00
4.470000e-01	7.022641e+00	-1.938722e+00
4.475000e-01	7.019401e+00	-1.948856e+00
4.480000e-01	7.016097e+00	-1.958382e+00
4.485000e-01	7.012611e+00	-1.967439e+00
4.490000e-01	7.008837e+00	-1.975988e+00
4.495000e-01	7.004716e+00	-1.983846e+00
4.500000e-01	7.000250e+00	-1.990780e+00
4.505000e-01	6.995499e+00	-1.996617e+00
4.510000e-01	6.990549e+00	-2.001336e+00
4.515000e-01	6.985486e+00	-2.005081e+00
4.520000e-01	6.980357e+00	-2.008107e+00
4.525000e-01	6.975168e+00	-2.010700e+00
4.530000e-01	6.969886e+00	-2.013050e+00
4.535000e-01	6.964469e+00	-2.015192e+00
4.540000e-01	6.958902e+00	-2.016998e+00
4.545000e-01	6.953212e+00	-2.018239e+00
4.550000e-01	6.947483e+00	-2.018675e+00
4.555000e-01	6.941830e+00	-2.018165e+00
4.560000e-01	6.936393e+00	-2.016713e+00
4.565000e-01	6.931372e+00	-2.014435e+00
4.570000e-01	6.926938e+00	-2.011560e+00
4.575000e-01	6.923193e+00	-2.008368e+00
4.580000e-01	6.920186e+00	-2.005107e+00
4.585000e-01	6.917961e+00	-2.001934e+00
4.590000e-01	6.916588e+00	-1.998911e+00
4.595000e-01	6.916196e+00	-1.996037e+00
4.600000e-01	6.916965e+00	-1.993321e+00
4.605000e-01	6.919104e+00	-1.990842e+00
4.610000e-01	6.922803e+00	-1.988780e+00
4.615000e-01	6.928191e+00	-1.987403e+00
4.620000e-01	6.935315e+00	-1.987012e+00
4.625000e-01	6.944146e+00	-1.987867e+00
4.630000e-01	6.954606e+00	-1.990111e+00
4.635000e-01	6.966613e+00	-1.993742e+00
4.640000e-01	6.980118e+00	-1.998613e+00
4.645000e-01	6.995116e+00	-2.004485e+00
4.650000e-01	7.011641e+00	-2.011086e+00
4.655000e-01	7.029728e+00	-2.018179e+00
4.660000e-01	7.049373e+00	-2.025589e+00
4.665000e-01	7.070500e+00	-2.033211e+00
4.670000e-01	7.092953e+00	-2.040979e+00
4.675000e-01	7.116510e+00	-2.048828e+00
4.680000e-01	7.140922e+00	-2.056655e+00
4.685000e-01	7.165957e+00	-2.064311e+00
4.690000e-01	7.191427e+00	-2.071608e+00
4.695000e-01	7.217200e+00	-2.078362e+00
4.700000e-01	7.243185e+00	-2.084432e+00
4.705000e-01	7.269295e+00	-2.089759e+00
4.710000e-01	7.295426e+00	-2.094369e+00
4.715000e-01	7.321458e+00	-2.098341e+00
4.720000e-01	7.347275e+00	-2.101760e+00
4.725000e-01	7.372795e+00	-2.104668e+00
4.730000e-01	7.397980e+00	-2.107052e+00
4.735000e-01	7.422841e+00	-2.108842e+00
4.740000e-01	7.447423e+00	-2.109937e+00
4.745000e-01	7.471775e+00	-2.110250e+00
4.750000e-01	7.495933e+00	-2.109724e+00
4.755000e-01	7.519886e+00	-2.108433e+00
4.760000e-01	7.543571e+00	-2.106626e+00
4.765000e-01	7.566910e+00	-2.104482e+00
4.770000e-01	7.589849e+00	-2.102081e+00
4.775000e-01	7.612372e+00	-2.099402e+00
4.780000e-01	7.634518e+00	-2.096359e+00
4.785000e-01	7.656367e+00	-2.092856e+00
4.790000e-01	7.678021e+00	-2.088829e+00
4.795000e-01	7.699571e+00	-2.084260e+00
4.800000e-01	7.721076e+00	-2.079169e+00
4.805000e-01	7.742555e+00	-2.073582e+00
4.810000e-01	7.763983e+00	-2.067483e+00
4.815000e-01	7.785256e+00	-2.060741e+00
4.820000e-01	7.806322e+00	-2.053228e+00
4.825000e-01	7.827203e+00	-2.044889e+00
4.830000e-01	7.847964e+00	-2.035788e+00
4.835000e-01	7.868695e+00	-2.026150e+00
4.840000e-01	7.889481e+00	-2.016337e+00
4.845000e-01	7.910396e+00	-2.006787e+00
4.850000e-01	7.931503e+00	-1.997925e+00
4.855000e-01	7.952870e+00	-1.990089e+00
4.860000e-01	7.974590e+00	-1.983481e+00
4.865000e-01	7.996787e+00	-1.978163e+00
4.870000e-01	8.019612e+00	-1.974103e+00
4.875000e-01	8.043212e+00	-1.971220e+00
4.880000e-01	8.067693e+00	-1.969425e+00
4.885000e-01	8.093066e+00	-1.968629e+00
4.890000e-01	8.119246e+00	-1.968741e+00
4.895000e-01	8.146079e+00	-1.969659e+00
4.900000e-01	8.173390e+00	-1.971257e+00
4.905000e-01	8.201041e+00	-1.973377e+00
4.910000e-01	8.228960e+00	-1.975836e+00
4.915000e-01	8.257144e+00	-1.978440e+00
4.920000e-01	8.285633e+00	-1.981013e+00
4.925000e-01	8.314464e+00	-1.983424e+00
4.930000e-01	8.343633e+00	-1.985613e+00
4.935000e-01	8.373066e+00	-1.987594e+00
4.940000e-01	8.402631e+00	-1.989446e+00
4.945000e-01	8.432166e+00	-1.991286e+00
4.950000e-01	8.461521e+00	-1.993235e+00
4.955000e-01	8.490599e+00	-1.995386e+00
4.960000e-01	8.519371e+00	-1.997782e+00
4.965000e-01	8.547863e+00	-2.000407e+00
4.970000e-01	8.576110e+00	-2.003178e+00
4.975000e-01	8.604092e+00	-2.005950e+00
4.980000e-01	8.631774e+00	-2.008609e+00
4.985000e-01	8.659107e+00	-2.011110e+00
4.990000e-01	8.686040e+00	-2.013460e+00
4.995000e-01	8.712515e+00	-2.015671e+00
5.000000e-01	8.738456e+00	-2.017679e+00
5.005000e-01	8.763795e+00	-2.019329e+00
5.010000e-01	8.788495e+00	-2.020396e+00
5.015000e-01	8.812555e+00	-2.020624e+00
5.020000e-01	8.836005e+00	-2.019790e+00
5.025000e-01	8.858893e+00	-2.017766e+00
5.030000e-01	8.881265e+00	-2.014548e+00
5.035000e-01	8.903147e+00	-2.010246e+00
5.040000e-01	8.924535e+00	-2.005045e+00
5.045000e-01	8.945399e+00	-1.999149e+00
5.050000e-01	8.965706e+00	-1.992733e+00
5.055000e-01	8.985436e+00	-1.985927e+00
5.060000e-01	9.004606e+00	-1.978821e+00
5.065000e-01	9.023272e+00	-1.971502e+00
5.070000e-01	9.041520e+00	-1.964087e+00
5.075000e-01	9.059449e+00	-1.956749e+00
5.080000e-01	9.077145e+00	-1.949710e+00
5.085000e-01	9.094666e+00	-1.943215e+00
5.090000e-01	9.112036e+00	-1.937482e+00
5.095000e-01	9.129254e+00	-1.932652e+00
5.100000e-01	9.146312e+00	-1.928769e+00
5.105000e-01	9.163216e+00	-1.925771e+00
5.110000e-01	9.179995e+00	-1.923528e+00
5.115000e-01	9.196702e+00	-1.921880e+00
5.120000e-01	9.213407e+00	-1.920683e+00
5.125000e-01	9.230172e+00	-1.919844e+00
5.130000e-01	9.247037e+00	-1.919328e+00
5.135000e-01	9.264011e+00	-1.919140e+00
5.140000e-01	9.281072e+00	-1.919299e+00
5.145000e-01	9.298182e+00	-1.919813e+00
5.150000e-01	9.315301e+00	-1.920662e+00
5.155000e-01	9.332411e+00	-1.921804e+00
5.160000e-01	9.349515e+00	-1.923201e+00
5.165000e-01	9.366639e+00	-1.924840e+00
5.170000e-01	9.383819e+00	-1.926761e+00
5.175000e-01	9.401080e+00	-1.929055e+00
5.180000e-01	9.418427e+00	-1.931857e+00
5.185000e-01	9.435835e+00	-1.935309e+00
5.190000e-01	9.453257e+00	-1.939527e+00
5.195000e-01	9.470635e+00	-1.944570e+00
5.200000e-01	9.487914e+00	-1.950422e+00
5.205000e-01	9.505026e+00	-1.956967e+00
5.210000e-01	9.521878e+00	-1.963977e+00
5.215000e-01	9.538390e+00	-1.971197e+00
5.220000e-01	9.554489e+00	-1.978388e+00
5.225000e-01	9.570121e+00	-1.985365e+00
5.230000e-01	9.585244e+00	-1.992008e+00
5.235000e-01	9.599838e+00	-1.998257e+00
5.240000e-01	9.613906e+00	-2.004082e+00
5.245000e-01	9.627471e+00	-2.009459e+00
5.250000e-01	9.640577e+00	-2.014344e+00
5.255000e-01	9.653275e+00	-2.018676e+00
5.260000e-01	9.665605e+00	-2.022368e+00
5.265000e-01	9.677565e+00	-2.025315e+00
5.270000e-01	9.689103e+00	-2.027414e+00
5.275000e-01	9.700128e+00	-2.028603e+00
5.280000e-01	9.710544e+00	-2.028885e+00
5.285000e-01	9.720279e+00	-2.028352e+00
5.290000e-01	9.729316e+00	-2.027163e+00
5.295000e-01	9.737691e+00	-2.025518e+00
5.300000e-01	9.745483e+00	-2.023616e+00
5.305000e-01	9.752782e+00	-2.021609e+00
5.310000e-01	9.759659e+00	-2.019589e+00
5.315000e-01	9.766150e+00	-2.017595e+00
5.320000e-01	9.772248e+00	-2.015635e+00
5.325000e-01	9.777928e+00	-2.013726e+00
5.330000e-01	9.783169e+00	-2.011916e+00
5.335000e-01	9.787982e+00	-2.010293e+00
5.340000e-01	9.792420e+00	-2.008969e+00
5.345000e-01	9.796578e+00	-2.008048e+00
5.350000e-01	9.800569e+00	-2.007588e+00
5.355000e-01	9.804493e+00	-2.007589e+00
5.360000e-01	9.808420e+00	-2.007995e+00
5.365000e-01	9.812376e+00	-2.008725e+00
5.370000e-01	9.816352e+00	-2.009708e+00
5.375000e-01	9.820306e+00	-2.010980e+00
5.380000e-01	9.824189e+00	-2.012705e+00
5.385000e-01	9.827986e+00	-2.015073e+00
5.390000e-01	9.831710e+00	-2.018299e+00
5.395000e-01	9.835394e+00	-2.022583e+00
5.400000e-01	9.839070e+00	-2.028074e+00
5.405000e-01	9.842745e+00	-2.034834e+00
5.410000e-01	9.846393e+00	-2.042825e+00
5.415000e-01	9.849951e+00	-2.051912e+00
5.420000e-01	9.853340e+00	-2.061890e+00
5.425000e-01	9.856486e+00	-2.072517e+00
5.430000e-01	9.859336e+00	-2.083550e+00
5.435000e-01	9.861868e+00	-2.094788e+00
5.440000e-01	9.864072e+00	-2.106110e+00
5.445000e-01	9.865941e+00	-2.117487e+00
5.450000e-01	9.867442e+00	-2.128945e+00
5.455000e-01	9.868516e+00	-2.140507e+00
5.460000e-01	9.869085e+00	-2.152135e+00
5.465000e-01	9.869061e+00	-2.163692e+00
5.470000e-01	9.868369e+00	-2.174955e+00
5.475000e-01	9.866965e+00	-2.185646e+00
5.480000e-01	9.864837e+00	-2.195511e+00
5.485000e-01	9.862002e+00	-2.204363e+00
5.490000e-01	9.858488e+00	-2.212126e+00
5.495000e-01	9.854317e+00	-2.218825e+00
5.500000e-01	9.849497e+00	-2.224558e+00
5.505000e-01	9.844014e+00	-2.229441e+00
5.510000e-01	9.837846e+00	-2.233562e+00
5.515000e-01	9.830976e+00	-2.236960e+00
5.520000e-01	9.823411e+00	-2.239632e+00
5.525000e-01	9.815189e+00	-2.241564e+00
5.530000e-01	9.806377e+00	-2.242774e+00
5.535000e-01	9.797068e+00	-2.243348e+00
5.540000e-01	9.787356e+00	-2.243444e+00
5.545000e-01	9.777328e+00	-2.243278e+00
5.550000e-01	9.767053e+00	-2.243084e+00
5.555000e-01	9.756587e+00	-2.243075e+00
5.560000e-01	9.745979e+00	-2.243404e+00
5.565000e-01	9.735290e+00	-2.244156e+00
5.570000e-01	9.724592e+00	-2.245358e+00
5.575000e-01	9.713987e+00	-2.247008e+00
5.580000e-01	9.703582e+00	-2.249110e+00
5.585000e-01	9.693495e+00	-2.251699e+00
5.590000e-01	9.683821e+00	-2.254839e+00
5.595000e-01	9.674644e+00	-2.258637e+00
5.600000e-01	9.666010e+00	-2.263189e+00
5.605000e-01	9.657944e+00	-2.268573e+00
5.610000e-01	9.650454e+00	-2.274821e+00
5.615000e-01	9.643547e+00	-2.281914e+00
5.620000e-01	9.637229e+00	-2.289806e+00
5.625000e-01	9.631516e+00	-2.298429e+00
5.630000e-01	9.626421e+00	-2.307724e+00
5.635000e-01	9.621946e+00	-2.317657e+00
5.640000e-01	9.618069e+00	-2.328223e+00
5.645000e-01	9.614740e+00	-2.339431e+00
5.650000e-01	9.611884e+00	-2.351279e+00
5.655000e-01	9.609406e+00	-2.363734e+00
5.660000e-01	9.607210e+00	-2.376719e+00
5.665000e-01	9.605208e+00	-2.390109e+00
5.670000e-01	9.603330e+00	-2.403749e+00
5.675000e-01	9.601516e+00	-2.417469e+00
5.680000e-01	9.599709e+00	-2.431094e+00
5.685000e-01	9.597789e+00	-2.444366e+00
5.690000e-01	9.595592e+00	-2.457004e+00
5.695000e-01	9.592979e+00	-2.468799e+00
5.700000e-01	9.589850e+00	-2.479628e+00
5.705000e-01	9.586157e+00	-2.489438e+00
5.710000e-01	9.581901e+00	-2.498228e+00
5.715000e-01	9.577132e+00	-2.506030e+00
5.720000e-01	9.571935e+00	-2.512896e+00
5.725000e-01	9.566407e+00	-2.518950e+00
5.730000e-01	9.560634e+00	-2.524458e+00
5.735000e-01	9.554687e+00	-2.529681e+00
5.740000e-01	9.548603e+00	-2.534790e+00
5.745000e-01	9.542372e+00	-2.539829e+00
5.750000e-01	9.535949e+00	-2.544723e+00
5.755000e-01	9.529282e+00	-2.549324e+00
5.760000e-01	9.522344e+00	-2.553490e+00
5.765000e-01	9.515156e+00	-2.557144e+00
5.770000e-01	9.507785e+00	-2.560296e+00
5.775000e-01	9.500337e+00	-2.563036e+00
5.780000e-01	9.492917e+00	-2.565487e+00
5.785000e-01	9.485609e+00	-2.567764e+00
5.790000e-01	9.478447e+00	-2.569954e+00
5.795000e-01	9.471421e+00	-2.572118e+00
5.800000e-01	9.464497e+00	-2.574300e+00
5.805000e-01	9.457645e+00	-2.576548e+00
5.810000e-01	9.450875e+00	-2.578931e+00
5.815000e-01	9.444285e+00	-2.581515e+00
5.820000e-01	9.438088e+00	-2.584326e+00
5.825000e-01	9.432526e+00	-2.587375e+00
5.830000e-01	9.427829e+00	-2.590641e+00
5.835000e-01	9.424178e+00	-2.594064e+00
5.840000e-01	9.421692e+00	-2.597553e+00
5.845000e-01	9.420433e+00	-2.601006e+00
5.850000e-01	9.420427e+00	-2.604340e+00
5.855000e-01	9.421697e+00	-2.607514e+00
5.860000e-01	9.424287e+00	-2.610529e+00
5.865000e-01	9.428264e+00	-2.613424e+00
5.870000e-01	9.433716e+00	-2.616245e+00
5.875000e-01	9.440717e+00	-2.619021e+00
5.880000e-01	9.449305e+00	-2.621750e+00
5.885000e-01	9.459460e+00	-2.624401e+00
5.890000e-01	9.471102e+00	-2.626933e+00
5.895000e-01	9.484106e+00	-2.629323e+00
5.900000e-01	9.498331e+00	-2.631591e+00
5.905000e-01	9.513642e+00	-2.633813e+00
5.910000e-01	9.529933e+00	-2.636098e+00
5.915000e-01	9.547121e+00	-2.638616e+00
5.920000e-01	9.565126e+00	-2.641594e+00
5.925000e-01	9.583861e+00	-2.645209e+00
5.930000e-01	9.603213e+00	-2.649538e+00
5.935000e-01	9.623043e+00	-2.654538e+00
5.940000e-01	9.643192e+00	-2.660057e+00
5.945000e-01	9.663514e+00	-2.665867e+00
5.950000e-01	9.683924e+00	-2.671702e+00
5.955000e-01	9.704430e+00	-2.677289e+00
5.960000e-01	9.725116e+00	-2.682394e+00
5.965000e-01	9.746102e+00	-2.686860e+00
5.970000e-01	9.767477e+00	-2.690631e+00
5.975000e-01	9.789252e+00	-2.693742e+00
5.980000e-01	9.811344e+00	-2.696283e+00
5.985000e-01	9.833596e+00	-2.698344e+00
5.990000e-01	9.855822e+00	-2.699970e+00
5.995000e-01	9.877873e+00	-2.701142e+00
6.000000e-01	9.899677e+00	-2.701787e+00


