"     ankle"

"Time      "	".JOINT_15.Ax_Ay_Az_Projection_Angles.Z"	".JOINT_14.Ax_Ay_Az_Projection_Angles.Z"
0.000000e+00	0.000000e+00	1.193196e-13
5.000000e-04	1.820465e-05	2.873941e-04
1.000000e-03	1.420701e-04	1.025891e-03
1.500000e-03	4.745836e-04	2.026584e-03
2.000000e-03	1.107730e-03	3.113589e-03
2.500000e-03	2.109746e-03	4.146056e-03
3.000000e-03	3.517051e-03	5.033693e-03
3.500000e-03	5.333474e-03	5.743170e-03
4.000000e-03	7.537656e-03	6.295860e-03
4.500000e-03	1.009506e-02	6.758798e-03
5.000000e-03	1.296824e-02	7.231168e-03
5.500000e-03	1.612121e-02	7.829896e-03
6.000000e-03	1.951692e-02	8.677094e-03
6.500000e-03	2.310981e-02	9.890859e-03
7.000000e-03	2.683806e-02	1.157866e-02
7.500000e-03	3.061996e-02	1.383197e-02
8.000000e-03	3.435762e-02	1.672067e-02
8.500000e-03	3.794649e-02	2.028676e-02
9.000000e-03	4.129559e-02	2.452884e-02
9.500000e-03	4.435337e-02	2.937646e-02
1.000000e-02	4.712043e-02	3.468395e-02
1.050000e-02	4.963956e-02	4.025720e-02
1.100000e-02	5.196864e-02	4.590392e-02
1.150000e-02	5.414933e-02	5.148675e-02
1.200000e-02	5.618548e-02	5.695838e-02
1.250000e-02	5.804092e-02	6.236452e-02
1.300000e-02	5.965712e-02	6.781538e-02
1.350000e-02	6.098234e-02	7.343910e-02
1.400000e-02	6.199918e-02	7.933790e-02
1.450000e-02	6.273813e-02	8.556482e-02
1.500000e-02	6.327118e-02	9.212900e-02
1.550000e-02	6.368813e-02	9.902409e-02
1.600000e-02	6.406605e-02	1.062635e-01
1.650000e-02	6.444439e-02	1.139039e-01
1.700000e-02	6.481611e-02	1.220440e-01
1.750000e-02	6.513693e-02	1.307987e-01
1.800000e-02	6.534866e-02	1.402558e-01
1.850000e-02	6.542271e-02	1.504072e-01
1.900000e-02	6.540202e-02	1.610876e-01
1.950000e-02	6.534023e-02	1.721020e-01
2.000000e-02	6.529934e-02	1.832428e-01
2.050000e-02	6.535109e-02	1.942935e-01
2.100000e-02	6.556274e-02	2.050570e-01
2.150000e-02	6.599045e-02	2.153682e-01
2.200000e-02	6.667687e-02	2.251022e-01
2.250000e-02	6.765307e-02	2.341792e-01
2.300000e-02	6.894367e-02	2.425656e-01
2.350000e-02	7.057259e-02	2.502748e-01
2.400000e-02	7.256677e-02	2.573660e-01
2.450000e-02	7.495615e-02	2.639406e-01
2.500000e-02	7.776706e-02	2.701306e-01
2.550000e-02	8.100743e-02	2.760720e-01
2.600000e-02	8.465363e-02	2.818770e-01
2.650000e-02	8.864829e-02	2.876199e-01
2.700000e-02	9.291070e-02	2.933402e-01
2.750000e-02	9.735603e-02	2.990572e-01
2.800000e-02	1.019161e-01	3.047900e-01
2.850000e-02	1.065534e-01	3.105707e-01
2.900000e-02	1.112644e-01	3.164443e-01
2.950000e-02	1.160699e-01	3.224565e-01
3.000000e-02	1.209990e-01	3.286323e-01
3.050000e-02	1.260717e-01	3.349561e-01
3.100000e-02	1.312891e-01	3.413616e-01
3.150000e-02	1.366338e-01	3.477379e-01
3.200000e-02	1.420795e-01	3.539481e-01
3.250000e-02	1.476069e-01	3.598567e-01
3.300000e-02	1.532173e-01	3.653553e-01
3.350000e-02	1.589384e-01	3.703786e-01
3.400000e-02	1.648212e-01	3.749034e-01
3.450000e-02	1.709268e-01	3.789359e-01
3.500000e-02	1.773115e-01	3.824911e-01
3.550000e-02	1.840132e-01	3.855737e-01
3.600000e-02	1.910463e-01	3.881671e-01
3.650000e-02	1.984065e-01	3.902352e-01
3.700000e-02	2.060831e-01	3.917339e-01
3.750000e-02	2.140730e-01	3.926259e-01
3.800000e-02	2.223933e-01	3.928934e-01
3.850000e-02	2.310824e-01	3.925392e-01
3.900000e-02	2.401954e-01	3.915761e-01
3.950000e-02	2.497920e-01	3.900104e-01
4.000000e-02	2.599240e-01	3.878221e-01
4.050000e-02	2.706257e-01	3.849522e-01
4.100000e-02	2.819127e-01	3.812998e-01
4.150000e-02	2.937874e-01	3.767353e-01
4.200000e-02	3.062501e-01	3.711148e-01
4.250000e-02	3.193095e-01	3.643087e-01
4.300000e-02	3.329905e-01	3.562101e-01
4.350000e-02	3.473302e-01	3.467525e-01
4.400000e-02	3.623758e-01	3.358988e-01
4.450000e-02	3.781647e-01	3.236378e-01
4.500000e-02	3.947207e-01	3.099691e-01
4.550000e-02	4.120440e-01	2.948962e-01
4.600000e-02	4.301104e-01	2.784287e-01
4.650000e-02	4.488803e-01	2.605880e-01
4.700000e-02	4.683080e-01	2.414224e-01
4.750000e-02	4.883525e-01	2.210144e-01
4.800000e-02	5.089805e-01	1.994976e-01
4.850000e-02	5.301690e-01	1.770279e-01
4.900000e-02	5.518931e-01	1.538041e-01
4.950000e-02	5.741251e-01	1.300014e-01
5.000000e-02	5.968150e-01	1.058175e-01
5.050000e-02	6.199001e-01	8.140128e-02
5.100000e-02	6.432967e-01	5.688513e-02
5.150000e-02	6.669092e-01	3.238084e-02
5.200000e-02	6.906742e-01	8.005672e-03
5.250000e-02	7.145903e-01	-1.609903e-02
5.300000e-02	7.386773e-01	-3.979539e-02
5.350000e-02	7.629714e-01	-6.294674e-02
5.400000e-02	7.875123e-01	-8.542260e-02
5.450000e-02	8.123306e-01	-1.071063e-01
5.500000e-02	8.374396e-01	-1.279034e-01
5.550000e-02	8.628325e-01	-1.477472e-01
5.600000e-02	8.884884e-01	-1.665991e-01
5.650000e-02	9.143823e-01	-1.844420e-01
5.700000e-02	9.404960e-01	-2.012701e-01
5.750000e-02	9.668250e-01	-2.170782e-01
5.800000e-02	9.933785e-01	-2.318544e-01
5.850000e-02	1.020173e+00	-2.455794e-01
5.900000e-02	1.047223e+00	-2.582323e-01
5.950000e-02	1.074529e+00	-2.698016e-01
6.000000e-02	1.102071e+00	-2.802955e-01
6.050000e-02	1.129812e+00	-2.897497e-01
6.100000e-02	1.157702e+00	-2.982288e-01
6.150000e-02	1.185687e+00	-3.058202e-01
6.200000e-02	1.213720e+00	-3.126247e-01
6.250000e-02	1.241759e+00	-3.187457e-01
6.300000e-02	1.269770e+00	-3.242808e-01
6.350000e-02	1.297729e+00	-3.293116e-01
6.400000e-02	1.325639e+00	-3.338893e-01
6.450000e-02	1.353528e+00	-3.380315e-01
6.500000e-02	1.381450e+00	-3.417319e-01
6.550000e-02	1.409459e+00	-3.449801e-01
6.600000e-02	1.437590e+00	-3.477789e-01
6.650000e-02	1.465843e+00	-3.501538e-01
6.700000e-02	1.494174e+00	-3.521471e-01
6.750000e-02	1.522509e+00	-3.538004e-01
6.800000e-02	1.550756e+00	-3.551309e-01
6.850000e-02	1.578832e+00	-3.561121e-01
6.900000e-02	1.606679e+00	-3.566672e-01
6.950000e-02	1.634264e+00	-3.566760e-01
7.000000e-02	1.661577e+00	-3.559957e-01
7.050000e-02	1.688612e+00	-3.544851e-01
7.100000e-02	1.715352e+00	-3.520265e-01
7.150000e-02	1.741758e+00	-3.485368e-01
7.200000e-02	1.767766e+00	-3.439629e-01
7.250000e-02	1.793299e+00	-3.382700e-01
7.300000e-02	1.818284e+00	-3.314258e-01
7.350000e-02	1.842672e+00	-3.233916e-01
7.400000e-02	1.866446e+00	-3.141227e-01
7.450000e-02	1.889626e+00	-3.035817e-01
7.500000e-02	1.912257e+00	-2.917572e-01
7.550000e-02	1.934397e+00	-2.786833e-01
7.600000e-02	1.956099e+00	-2.644479e-01
7.650000e-02	1.977397e+00	-2.491922e-01
7.700000e-02	1.998308e+00	-2.330934e-01
7.750000e-02	2.018840e+00	-2.163422e-01
7.800000e-02	2.039002e+00	-1.991210e-01
7.850000e-02	2.058822e+00	-1.815886e-01
7.900000e-02	2.078351e+00	-1.638785e-01
7.950000e-02	2.097667e+00	-1.461083e-01
8.000000e-02	2.116853e+00	-1.283875e-01
8.050000e-02	2.135998e+00	-1.108383e-01
8.100000e-02	2.155171e+00	-9.359836e-02
8.150000e-02	2.174417e+00	-7.680696e-02
8.200000e-02	2.193754e+00	-6.059849e-02
8.250000e-02	2.213188e+00	-4.508448e-02
8.300000e-02	2.232720e+00	-3.034141e-02
8.350000e-02	2.252361e+00	-1.640796e-02
8.400000e-02	2.272139e+00	-3.293416e-03
8.450000e-02	2.292097e+00	9.005571e-03
8.500000e-02	2.312287e+00	2.048593e-02
8.550000e-02	2.332756e+00	3.112398e-02
8.600000e-02	2.353536e+00	4.086997e-02
8.650000e-02	2.374638e+00	4.965387e-02
8.700000e-02	2.396050e+00	5.738931e-02
8.750000e-02	2.417659e+00	6.380921e-02
8.800000e-02	2.439292e+00	6.853299e-02
8.850000e-02	2.460790e+00	7.123202e-02
8.900000e-02	2.482029e+00	7.165795e-02
8.950000e-02	2.502926e+00	6.965571e-02
9.000000e-02	2.523431e+00	6.516349e-02
9.050000e-02	2.543517e+00	5.820318e-02
9.100000e-02	2.563162e+00	4.886819e-02
9.150000e-02	2.582341e+00	3.731229e-02
9.200000e-02	2.601020e+00	2.374206e-02
9.250000e-02	2.619159e+00	8.415279e-03
9.300000e-02	2.636731e+00	-8.361501e-03
9.350000e-02	2.653731e+00	-2.623641e-02
9.400000e-02	2.670187e+00	-4.482478e-02
9.450000e-02	2.686166e+00	-6.372926e-02
9.500000e-02	2.701759e+00	-8.256620e-02
9.550000e-02	2.717071e+00	-1.009948e-01
9.600000e-02	2.732194e+00	-1.187640e-01
9.650000e-02	2.747167e+00	-1.357904e-01
9.700000e-02	2.761953e+00	-1.521941e-01
9.750000e-02	2.776460e+00	-1.682632e-01
9.800000e-02	2.790575e+00	-1.843572e-01
9.850000e-02	2.804221e+00	-2.007896e-01
9.900000e-02	2.817393e+00	-2.177318e-01
9.950000e-02	2.830172e+00	-2.351760e-01
1.000000e-01	2.842705e+00	-2.529664e-01
1.005000e-01	2.855154e+00	-2.708842e-01
1.010000e-01	2.867654e+00	-2.887460e-01
1.015000e-01	2.880269e+00	-3.064791e-01
1.020000e-01	2.892987e+00	-3.241378e-01
1.025000e-01	2.905736e+00	-3.418673e-01
1.030000e-01	2.918434e+00	-3.598166e-01
1.035000e-01	2.931026e+00	-3.780547e-01
1.040000e-01	2.943514e+00	-3.965163e-01
1.045000e-01	2.955965e+00	-4.150023e-01
1.050000e-01	2.968478e+00	-4.332335e-01
1.055000e-01	2.981152e+00	-4.509373e-01
1.060000e-01	2.994039e+00	-4.679336e-01
1.065000e-01	3.007119e+00	-4.841849e-01
1.070000e-01	3.020301e+00	-4.997924e-01
1.075000e-01	3.033450e+00	-5.149396e-01
1.080000e-01	3.046426e+00	-5.298069e-01
1.085000e-01	3.059121e+00	-5.444935e-01
1.090000e-01	3.071485e+00	-5.589667e-01
1.095000e-01	3.083521e+00	-5.730754e-01
1.100000e-01	3.095255e+00	-5.865967e-01
1.105000e-01	3.106707e+00	-5.993072e-01
1.110000e-01	3.117853e+00	-6.110460e-01
1.115000e-01	3.128615e+00	-6.217460e-01
1.120000e-01	3.138864e+00	-6.314219e-01
1.125000e-01	3.148450e+00	-6.401214e-01
1.130000e-01	3.157247e+00	-6.478626e-01
1.135000e-01	3.165175e+00	-6.545820e-01
1.140000e-01	3.172221e+00	-6.601275e-01
1.145000e-01	3.178439e+00	-6.642649e-01
1.150000e-01	3.183913e+00	-6.667666e-01
1.155000e-01	3.188735e+00	-6.674489e-01
1.160000e-01	3.192977e+00	-6.662471e-01
1.165000e-01	3.196663e+00	-6.632532e-01
1.170000e-01	3.199792e+00	-6.586440e-01
1.175000e-01	3.202356e+00	-6.527063e-01
1.180000e-01	3.204371e+00	-6.457030e-01
1.185000e-01	3.205905e+00	-6.378693e-01
1.190000e-01	3.207071e+00	-6.293593e-01
1.195000e-01	3.208038e+00	-6.202883e-01
1.200000e-01	3.208962e+00	-6.107401e-01
1.205000e-01	3.210008e+00	-6.008434e-01
1.210000e-01	3.211267e+00	-5.907507e-01
1.215000e-01	3.212789e+00	-5.807070e-01
1.220000e-01	3.214565e+00	-5.709590e-01
1.225000e-01	3.216562e+00	-5.617466e-01
1.230000e-01	3.218754e+00	-5.532221e-01
1.235000e-01	3.221141e+00	-5.454406e-01
1.240000e-01	3.223750e+00	-5.383552e-01
1.245000e-01	3.226644e+00	-5.318209e-01
1.250000e-01	3.229877e+00	-5.256738e-01
1.255000e-01	3.233487e+00	-5.197611e-01
1.260000e-01	3.237467e+00	-5.139971e-01
1.265000e-01	3.241767e+00	-5.083596e-01
1.270000e-01	3.246300e+00	-5.028921e-01
1.275000e-01	3.250989e+00	-4.976540e-01
1.280000e-01	3.255774e+00	-4.926965e-01
1.285000e-01	3.260643e+00	-4.880365e-01
1.290000e-01	3.265634e+00	-4.836607e-01
1.295000e-01	3.270819e+00	-4.795479e-01
1.300000e-01	3.276284e+00	-4.757067e-01
1.305000e-01	3.282096e+00	-4.721943e-01
1.310000e-01	3.288288e+00	-4.691924e-01
1.315000e-01	3.294807e+00	-4.670790e-01
1.320000e-01	3.301591e+00	-4.662304e-01
1.325000e-01	3.308593e+00	-4.669689e-01
1.330000e-01	3.315798e+00	-4.695485e-01
1.335000e-01	3.323231e+00	-4.741413e-01
1.340000e-01	3.330953e+00	-4.808428e-01
1.345000e-01	3.339046e+00	-4.896817e-01
1.350000e-01	3.347599e+00	-5.006298e-01
1.355000e-01	3.356700e+00	-5.135973e-01
1.360000e-01	3.366523e+00	-5.283502e-01
1.365000e-01	3.377289e+00	-5.445473e-01
1.370000e-01	3.389215e+00	-5.618128e-01
1.375000e-01	3.402496e+00	-5.797740e-01
1.380000e-01	3.417302e+00	-5.981284e-01
1.385000e-01	3.433756e+00	-6.167079e-01
1.390000e-01	3.451933e+00	-6.354970e-01
1.395000e-01	3.471863e+00	-6.545930e-01
1.400000e-01	3.493546e+00	-6.741277e-01
1.405000e-01	3.516964e+00	-6.941802e-01
1.410000e-01	3.542094e+00	-7.147151e-01
1.415000e-01	3.568905e+00	-7.355683e-01
1.420000e-01	3.597353e+00	-7.564811e-01
1.425000e-01	3.627366e+00	-7.771689e-01
1.430000e-01	3.658829e+00	-7.973908e-01
1.435000e-01	3.691577e+00	-8.169944e-01
1.440000e-01	3.725390e+00	-8.359148e-01
1.445000e-01	3.760008e+00	-8.541340e-01
1.450000e-01	3.795144e+00	-8.716141e-01
1.455000e-01	3.830504e+00	-8.882353e-01
1.460000e-01	3.865805e+00	-9.037644e-01
1.465000e-01	3.900780e+00	-9.178708e-01
1.470000e-01	3.935177e+00	-9.301839e-01
1.475000e-01	3.968753e+00	-9.403707e-01
1.480000e-01	4.001263e+00	-9.482055e-01
1.485000e-01	4.032487e+00	-9.535816e-01
1.490000e-01	4.062283e+00	-9.564687e-01
1.495000e-01	4.090629e+00	-9.568815e-01
1.500000e-01	4.117631e+00	-9.548636e-01
1.505000e-01	4.143453e+00	-9.505317e-01
1.510000e-01	4.168197e+00	-9.442094e-01
1.515000e-01	4.191854e+00	-9.362873e-01
1.520000e-01	4.214285e+00	-9.271401e-01
1.525000e-01	4.235240e+00	-9.170747e-01
1.530000e-01	4.254465e+00	-9.063613e-01
1.535000e-01	4.271846e+00	-8.953583e-01
1.540000e-01	4.287398e+00	-8.843161e-01
1.545000e-01	4.301260e+00	-8.733112e-01
1.550000e-01	4.313660e+00	-8.622637e-01
1.555000e-01	4.324869e+00	-8.509936e-01
1.560000e-01	4.335135e+00	-8.392942e-01
1.565000e-01	4.344645e+00	-8.269990e-01
1.570000e-01	4.353512e+00	-8.140195e-01
1.575000e-01	4.361799e+00	-8.003475e-01
1.580000e-01	4.369566e+00	-7.860308e-01
1.585000e-01	4.376907e+00	-7.711708e-01
1.590000e-01	4.383957e+00	-7.559585e-01
1.595000e-01	4.390880e+00	-7.406906e-01
1.600000e-01	4.397855e+00	-7.257480e-01
1.605000e-01	4.405049e+00	-7.115443e-01
1.610000e-01	4.412599e+00	-6.984583e-01
1.615000e-01	4.420609e+00	-6.867829e-01
1.620000e-01	4.429154e+00	-6.767009e-01
1.625000e-01	4.438291e+00	-6.682992e-01
1.630000e-01	4.448078e+00	-6.616127e-01
1.635000e-01	4.458584e+00	-6.566779e-01
1.640000e-01	4.469892e+00	-6.535739e-01
1.645000e-01	4.482087e+00	-6.524320e-01
1.650000e-01	4.495249e+00	-6.534142e-01
1.655000e-01	4.509437e+00	-6.566663e-01
1.660000e-01	4.524674e+00	-6.622655e-01
1.665000e-01	4.540952e+00	-6.701839e-01
1.670000e-01	4.558231e+00	-6.802830e-01
1.675000e-01	4.576454e+00	-6.923426e-01
1.680000e-01	4.595559e+00	-7.061125e-01
1.685000e-01	4.615483e+00	-7.213687e-01
1.690000e-01	4.636171e+00	-7.379495e-01
1.695000e-01	4.657570e+00	-7.557656e-01
1.700000e-01	4.679618e+00	-7.747710e-01
1.705000e-01	4.702242e+00	-7.949170e-01
1.710000e-01	4.725348e+00	-8.161047e-01
1.715000e-01	4.748825e+00	-8.381549e-01
1.720000e-01	4.772543e+00	-8.608068e-01
1.725000e-01	4.796360e+00	-8.837455e-01
1.730000e-01	4.820131e+00	-9.066475e-01
1.735000e-01	4.843717e+00	-9.292272e-01
1.740000e-01	4.866984e+00	-9.512623e-01
1.745000e-01	4.889810e+00	-9.726002e-01
1.750000e-01	4.912077e+00	-9.931269e-01
1.755000e-01	4.933683e+00	-1.012739e+00
1.760000e-01	4.954520e+00	-1.031286e+00
1.765000e-01	4.974496e+00	-1.048582e+00
1.770000e-01	4.993518e+00	-1.064387e+00
1.775000e-01	5.011498e+00	-1.078424e+00
1.780000e-01	5.028364e+00	-1.090465e+00
1.785000e-01	5.044069e+00	-1.100370e+00
1.790000e-01	5.058580e+00	-1.108081e+00
1.795000e-01	5.071899e+00	-1.113651e+00
1.800000e-01	5.084057e+00	-1.117217e+00
1.805000e-01	5.095110e+00	-1.118938e+00
1.810000e-01	5.105155e+00	-1.118996e+00
1.815000e-01	5.114289e+00	-1.117520e+00
1.820000e-01	5.122623e+00	-1.114630e+00
1.825000e-01	5.130281e+00	-1.110448e+00
1.830000e-01	5.137384e+00	-1.105119e+00
1.835000e-01	5.144058e+00	-1.098834e+00
1.840000e-01	5.150431e+00	-1.091840e+00
1.845000e-01	5.156623e+00	-1.084409e+00
1.850000e-01	5.162774e+00	-1.076873e+00
1.855000e-01	5.169036e+00	-1.069563e+00
1.860000e-01	5.175540e+00	-1.062718e+00
1.865000e-01	5.182422e+00	-1.056510e+00
1.870000e-01	5.189789e+00	-1.051013e+00
1.875000e-01	5.197708e+00	-1.046239e+00
1.880000e-01	5.206218e+00	-1.042178e+00
1.885000e-01	5.215333e+00	-1.038822e+00
1.890000e-01	5.225041e+00	-1.036179e+00
1.895000e-01	5.235318e+00	-1.034282e+00
1.900000e-01	5.246133e+00	-1.033170e+00
1.905000e-01	5.257459e+00	-1.032875e+00
1.910000e-01	5.269272e+00	-1.033393e+00
1.915000e-01	5.281550e+00	-1.034676e+00
1.920000e-01	5.294264e+00	-1.036634e+00
1.925000e-01	5.307379e+00	-1.039163e+00
1.930000e-01	5.320841e+00	-1.042137e+00
1.935000e-01	5.334580e+00	-1.045461e+00
1.940000e-01	5.348520e+00	-1.049104e+00
1.945000e-01	5.362589e+00	-1.053092e+00
1.950000e-01	5.376735e+00	-1.057489e+00
1.955000e-01	5.390929e+00	-1.062373e+00
1.960000e-01	5.405175e+00	-1.067792e+00
1.965000e-01	5.419494e+00	-1.073757e+00
1.970000e-01	5.433915e+00	-1.080231e+00
1.975000e-01	5.448457e+00	-1.087151e+00
1.980000e-01	5.463125e+00	-1.094459e+00
1.985000e-01	5.477902e+00	-1.102120e+00
1.990000e-01	5.492766e+00	-1.110145e+00
1.995000e-01	5.507700e+00	-1.118581e+00
2.000000e-01	5.522787e+00	-1.127449e+00
2.005000e-01	5.538170e+00	-1.136746e+00
2.010000e-01	5.554000e+00	-1.146450e+00
2.015000e-01	5.570463e+00	-1.156492e+00
2.020000e-01	5.587772e+00	-1.166750e+00
2.025000e-01	5.606155e+00	-1.177068e+00
2.030000e-01	5.625820e+00	-1.187300e+00
2.035000e-01	5.646916e+00	-1.197346e+00
2.040000e-01	5.669518e+00	-1.207179e+00
2.045000e-01	5.693606e+00	-1.216851e+00
2.050000e-01	5.719085e+00	-1.226467e+00
2.055000e-01	5.745802e+00	-1.236148e+00
2.060000e-01	5.773580e+00	-1.245991e+00
2.065000e-01	5.802234e+00	-1.256031e+00
2.070000e-01	5.831586e+00	-1.266237e+00
2.075000e-01	5.861451e+00	-1.276526e+00
2.080000e-01	5.891622e+00	-1.286785e+00
2.085000e-01	5.921854e+00	-1.296910e+00
2.090000e-01	5.951853e+00	-1.306823e+00
2.095000e-01	5.981300e+00	-1.316461e+00
2.100000e-01	6.009927e+00	-1.325732e+00
2.105000e-01	6.037587e+00	-1.334459e+00
2.110000e-01	6.064276e+00	-1.342370e+00
2.115000e-01	6.090091e+00	-1.349124e+00
2.120000e-01	6.115161e+00	-1.354365e+00
2.125000e-01	6.139564e+00	-1.357792e+00
2.130000e-01	6.163268e+00	-1.359212e+00
2.135000e-01	6.186119e+00	-1.358571e+00
2.140000e-01	6.207893e+00	-1.355937e+00
2.145000e-01	6.228365e+00	-1.351452e+00
2.150000e-01	6.247395e+00	-1.345276e+00
2.155000e-01	6.264983e+00	-1.337540e+00
2.160000e-01	6.281268e+00	-1.328330e+00
2.165000e-01	6.296485e+00	-1.317716e+00
2.170000e-01	6.310885e+00	-1.305782e+00
2.175000e-01	6.324664e+00	-1.292675e+00
2.180000e-01	6.337923e+00	-1.278631e+00
2.185000e-01	6.350665e+00	-1.263967e+00
2.190000e-01	6.362849e+00	-1.249056e+00
2.195000e-01	6.374457e+00	-1.234272e+00
2.200000e-01	6.385563e+00	-1.219944e+00
2.205000e-01	6.396358e+00	-1.206321e+00
2.210000e-01	6.407148e+00	-1.193583e+00
2.215000e-01	6.418293e+00	-1.181860e+00
2.220000e-01	6.430122e+00	-1.171281e+00
2.225000e-01	6.442884e+00	-1.162004e+00
2.230000e-01	6.456725e+00	-1.154254e+00
2.235000e-01	6.471677e+00	-1.148295e+00
2.240000e-01	6.487715e+00	-1.144403e+00
2.245000e-01	6.504823e+00	-1.142811e+00
2.250000e-01	6.523046e+00	-1.143681e+00
2.255000e-01	6.542505e+00	-1.147083e+00
2.260000e-01	6.563370e+00	-1.153003e+00
2.265000e-01	6.585719e+00	-1.161326e+00
2.270000e-01	6.609392e+00	-1.171817e+00
2.275000e-01	6.634099e+00	-1.184258e+00
2.280000e-01	6.659458e+00	-1.198483e+00
2.285000e-01	6.685043e+00	-1.214364e+00
2.290000e-01	6.710461e+00	-1.231787e+00
2.295000e-01	6.735429e+00	-1.250613e+00
2.300000e-01	6.759817e+00	-1.270657e+00
2.305000e-01	6.783654e+00	-1.291682e+00
2.310000e-01	6.807089e+00	-1.313426e+00
2.315000e-01	6.830323e+00	-1.335629e+00
2.320000e-01	6.853531e+00	-1.358063e+00
2.325000e-01	6.876812e+00	-1.380546e+00
2.330000e-01	6.900140e+00	-1.402903e+00
2.335000e-01	6.923310e+00	-1.424896e+00
2.340000e-01	6.945950e+00	-1.446160e+00
2.345000e-01	6.967593e+00	-1.466206e+00
2.350000e-01	6.987802e+00	-1.484475e+00
2.355000e-01	7.006286e+00	-1.500441e+00
2.360000e-01	7.022954e+00	-1.513716e+00
2.365000e-01	7.037900e+00	-1.524104e+00
2.370000e-01	7.051319e+00	-1.531605e+00
2.375000e-01	7.063395e+00	-1.536366e+00
2.380000e-01	7.074203e+00	-1.538583e+00
2.385000e-01	7.083676e+00	-1.538422e+00
2.390000e-01	7.091640e+00	-1.535979e+00
2.395000e-01	7.097909e+00	-1.531295e+00
2.400000e-01	7.102392e+00	-1.524421e+00
2.405000e-01	7.105169e+00	-1.515494e+00
2.410000e-01	7.106502e+00	-1.504787e+00
2.415000e-01	7.106757e+00	-1.492767e+00
2.420000e-01	7.106108e+00	-1.480386e+00
2.425000e-01	7.104550e+00	-1.468771e+00
2.430000e-01	7.101953e+00	-1.458897e+00
2.435000e-01	7.098078e+00	-1.451476e+00
2.440000e-01	7.092664e+00	-1.446910e+00
2.445000e-01	7.085539e+00	-1.445299e+00
2.450000e-01	7.076723e+00	-1.446497e+00
2.455000e-01	7.066473e+00	-1.450183e+00
2.460000e-01	7.055255e+00	-1.455935e+00
2.465000e-01	7.043651e+00	-1.463271e+00
2.470000e-01	7.032234e+00	-1.471671e+00
2.475000e-01	7.021469e+00	-1.480587e+00
2.480000e-01	7.011651e+00	-1.489471e+00
2.485000e-01	7.002852e+00	-1.497939e+00
2.490000e-01	6.994924e+00	-1.505954e+00
2.495000e-01	6.987575e+00	-1.513909e+00
2.500000e-01	6.980505e+00	-1.522523e+00
2.505000e-01	6.973539e+00	-1.532616e+00
2.510000e-01	6.966698e+00	-1.544848e+00
2.515000e-01	6.960187e+00	-1.559508e+00
2.520000e-01	6.954290e+00	-1.576458e+00
2.525000e-01	6.949246e+00	-1.595223e+00
2.530000e-01	6.945126e+00	-1.615195e+00
2.535000e-01	6.941784e+00	-1.635865e+00
2.540000e-01	6.938894e+00	-1.656970e+00
2.545000e-01	6.936056e+00	-1.678514e+00
2.550000e-01	6.932921e+00	-1.700649e+00
2.555000e-01	6.929301e+00	-1.723478e+00
2.560000e-01	6.925194e+00	-1.746868e+00
2.565000e-01	6.920739e+00	-1.770352e+00
2.570000e-01	6.916121e+00	-1.793179e+00
2.575000e-01	6.911448e+00	-1.814476e+00
2.580000e-01	6.906676e+00	-1.833473e+00
2.585000e-01	6.901596e+00	-1.849720e+00
2.590000e-01	6.895909e+00	-1.863177e+00
2.595000e-01	6.889324e+00	-1.874160e+00
2.600000e-01	6.881666e+00	-1.883191e+00
2.605000e-01	6.872939e+00	-1.890804e+00
2.610000e-01	6.863327e+00	-1.897361e+00
2.615000e-01	6.853126e+00	-1.902984e+00
2.620000e-01	6.842641e+00	-1.907598e+00
2.625000e-01	6.832085e+00	-1.911064e+00
2.630000e-01	6.821523e+00	-1.913347e+00
2.635000e-01	6.810885e+00	-1.914632e+00
2.640000e-01	6.800029e+00	-1.915355e+00
2.645000e-01	6.788839e+00	-1.916095e+00
2.650000e-01	6.777314e+00	-1.917451e+00
2.655000e-01	6.765590e+00	-1.919811e+00
2.660000e-01	6.753962e+00	-1.923281e+00
2.665000e-01	6.742740e+00	-1.927668e+00
2.670000e-01	6.732233e+00	-1.932538e+00
2.675000e-01	6.722609e+00	-1.937471e+00
2.680000e-01	6.713905e+00	-1.942091e+00
2.685000e-01	6.706025e+00	-1.946308e+00
2.690000e-01	6.698817e+00	-1.950288e+00
2.695000e-01	6.692176e+00	-1.954348e+00
2.700000e-01	6.686111e+00	-1.958877e+00
2.705000e-01	6.680749e+00	-1.964094e+00
2.710000e-01	6.676304e+00	-1.970084e+00
2.715000e-01	6.673014e+00	-1.976779e+00
2.720000e-01	6.671071e+00	-1.984025e+00
2.725000e-01	6.670560e+00	-1.991697e+00
2.730000e-01	6.671438e+00	-1.999791e+00
2.735000e-01	6.673552e+00	-2.008479e+00
2.740000e-01	6.676698e+00	-2.018085e+00
2.745000e-01	6.680691e+00	-2.029000e+00
2.750000e-01	6.685416e+00	-2.041555e+00
2.755000e-01	6.690857e+00	-2.055905e+00
2.760000e-01	6.697074e+00	-2.071962e+00
2.765000e-01	6.704154e+00	-2.089398e+00
2.770000e-01	6.712148e+00	-2.107721e+00
2.775000e-01	6.721016e+00	-2.126384e+00
2.780000e-01	6.730609e+00	-2.144901e+00
2.785000e-01	6.740687e+00	-2.162918e+00
2.790000e-01	6.750972e+00	-2.180230e+00
2.795000e-01	6.761212e+00	-2.196730e+00
2.800000e-01	6.771244e+00	-2.212336e+00
2.805000e-01	6.781015e+00	-2.226910e+00
2.810000e-01	6.790575e+00	-2.240219e+00
2.815000e-01	6.800034e+00	-2.251951e+00
2.820000e-01	6.809500e+00	-2.261782e+00
2.825000e-01	6.819032e+00	-2.269466e+00
2.830000e-01	6.828607e+00	-2.274925e+00
2.835000e-01	6.838134e+00	-2.278291e+00
2.840000e-01	6.847493e+00	-2.279891e+00
2.845000e-01	6.856585e+00	-2.280179e+00
2.850000e-01	6.865387e+00	-2.279634e+00
2.855000e-01	6.873976e+00	-2.278661e+00
2.860000e-01	6.882515e+00	-2.277530e+00
2.865000e-01	6.891218e+00	-2.276361e+00
2.870000e-01	6.900293e+00	-2.275164e+00
2.875000e-01	6.909888e+00	-2.273906e+00
2.880000e-01	6.920065e+00	-2.272587e+00
2.885000e-01	6.930796e+00	-2.271274e+00
2.890000e-01	6.942004e+00	-2.270108e+00
2.895000e-01	6.953607e+00	-2.269255e+00
2.900000e-01	6.965569e+00	-2.268843e+00
2.905000e-01	6.977932e+00	-2.268905e+00
2.910000e-01	6.990810e+00	-2.269348e+00
2.915000e-01	7.004365e+00	-2.269970e+00
2.920000e-01	7.018757e+00	-2.270518e+00
2.925000e-01	7.034096e+00	-2.270768e+00
2.930000e-01	7.050418e+00	-2.270596e+00
2.935000e-01	7.067676e+00	-2.270026e+00
2.940000e-01	7.085774e+00	-2.269223e+00
2.945000e-01	7.104607e+00	-2.268454e+00
2.950000e-01	7.124108e+00	-2.268015e+00
2.955000e-01	7.144276e+00	-2.268162e+00
2.960000e-01	7.165182e+00	-2.269066e+00
2.965000e-01	7.186945e+00	-2.270800e+00
2.970000e-01	7.209683e+00	-2.273370e+00
2.975000e-01	7.233478e+00	-2.276756e+00
2.980000e-01	7.258334e+00	-2.280963e+00
2.985000e-01	7.284177e+00	-2.286036e+00
2.990000e-01	7.310872e+00	-2.292059e+00
2.995000e-01	7.338263e+00	-2.299109e+00
3.000000e-01	7.366214e+00	-2.307204e+00
3.005000e-01	7.394644e+00	-2.316257e+00
3.010000e-01	7.423536e+00	-2.326052e+00
3.015000e-01	7.452920e+00	-2.336258e+00
3.020000e-01	7.482841e+00	-2.346480e+00
3.025000e-01	7.513319e+00	-2.356322e+00
3.030000e-01	7.544322e+00	-2.365453e+00
3.035000e-01	7.575754e+00	-2.373646e+00
3.040000e-01	7.607471e+00	-2.380787e+00
3.045000e-01	7.639318e+00	-2.386854e+00
3.050000e-01	7.671169e+00	-2.391876e+00
3.055000e-01	7.702954e+00	-2.395886e+00
3.060000e-01	7.734678e+00	-2.398898e+00
3.065000e-01	7.766406e+00	-2.400907e+00
3.070000e-01	7.798233e+00	-2.401907e+00
3.075000e-01	7.830243e+00	-2.401927e+00
3.080000e-01	7.862482e+00	-2.401061e+00
3.085000e-01	7.894935e+00	-2.399475e+00
3.090000e-01	7.927541e+00	-2.397395e+00
3.095000e-01	7.960210e+00	-2.395059e+00
3.100000e-01	7.992868e+00	-2.392675e+00
3.105000e-01	8.025475e+00	-2.390367e+00
3.110000e-01	8.058051e+00	-2.388158e+00
3.115000e-01	8.090663e+00	-2.385964e+00
3.120000e-01	8.123401e+00	-2.383634e+00
3.125000e-01	8.156350e+00	-2.380989e+00
3.130000e-01	8.189554e+00	-2.377867e+00
3.135000e-01	8.223006e+00	-2.374158e+00
3.140000e-01	8.256652e+00	-2.369808e+00
3.145000e-01	8.290410e+00	-2.364809e+00
3.150000e-01	8.324209e+00	-2.359173e+00
3.155000e-01	8.358015e+00	-2.352912e+00
3.160000e-01	8.391852e+00	-2.346024e+00
3.165000e-01	8.425799e+00	-2.338502e+00
3.170000e-01	8.459971e+00	-2.330359e+00
3.175000e-01	8.494490e+00	-2.321656e+00
3.180000e-01	8.529450e+00	-2.312532e+00
3.185000e-01	8.564904e+00	-2.303206e+00
3.190000e-01	8.600855e+00	-2.293965e+00
3.195000e-01	8.637277e+00	-2.285127e+00
3.200000e-01	8.674135e+00	-2.277002e+00
3.205000e-01	8.711417e+00	-2.269845e+00
3.210000e-01	8.749147e+00	-2.263831e+00
3.215000e-01	8.787385e+00	-2.259048e+00
3.220000e-01	8.826217e+00	-2.255513e+00
3.225000e-01	8.865722e+00	-2.253193e+00
3.230000e-01	8.905949e+00	-2.252032e+00
3.235000e-01	8.946893e+00	-2.251966e+00
3.240000e-01	8.988495e+00	-2.252929e+00
3.245000e-01	9.030655e+00	-2.254839e+00
3.250000e-01	9.073252e+00	-2.257582e+00
3.255000e-01	9.116179e+00	-2.260998e+00
3.260000e-01	9.159357e+00	-2.264882e+00
3.265000e-01	9.202747e+00	-2.268997e+00
3.270000e-01	9.246337e+00	-2.273102e+00
3.275000e-01	9.290124e+00	-2.276984e+00
3.280000e-01	9.334093e+00	-2.280491e+00
3.285000e-01	9.378191e+00	-2.283541e+00
3.290000e-01	9.422327e+00	-2.286123e+00
3.295000e-01	9.466379e+00	-2.288279e+00
3.300000e-01	9.510215e+00	-2.290073e+00
3.305000e-01	9.553715e+00	-2.291566e+00
3.310000e-01	9.596792e+00	-2.292793e+00
3.315000e-01	9.639404e+00	-2.293760e+00
3.320000e-01	9.681540e+00	-2.294447e+00
3.325000e-01	9.723209e+00	-2.294824e+00
3.330000e-01	9.764414e+00	-2.294866e+00
3.335000e-01	9.805136e+00	-2.294553e+00
3.340000e-01	9.845322e+00	-2.293873e+00
3.345000e-01	9.884894e+00	-2.292806e+00
3.350000e-01	9.923762e+00	-2.291310e+00
3.355000e-01	9.961848e+00	-2.289305e+00
3.360000e-01	9.999108e+00	-2.286677e+00
3.365000e-01	1.003554e+01	-2.283285e+00
3.370000e-01	1.007118e+01	-2.278986e+00
3.375000e-01	1.010611e+01	-2.273665e+00
3.380000e-01	1.014038e+01	-2.267257e+00
3.385000e-01	1.017408e+01	-2.259770e+00
3.390000e-01	1.020725e+01	-2.251284e+00
3.395000e-01	1.023992e+01	-2.241944e+00
3.400000e-01	1.027212e+01	-2.231945e+00
3.405000e-01	1.030387e+01	-2.221509e+00
3.410000e-01	1.033522e+01	-2.210869e+00
3.415000e-01	1.036629e+01	-2.200265e+00
3.420000e-01	1.039718e+01	-2.189940e+00
3.425000e-01	1.042804e+01	-2.180141e+00
3.430000e-01	1.045901e+01	-2.171123e+00
3.435000e-01	1.049022e+01	-2.163140e+00
3.440000e-01	1.052173e+01	-2.156434e+00
3.445000e-01	1.055360e+01	-2.151216e+00
3.450000e-01	1.058584e+01	-2.147638e+00
3.455000e-01	1.061841e+01	-2.145841e+00
3.460000e-01	1.065118e+01	-2.146168e+00
3.465000e-01	1.068401e+01	-2.149006e+00
3.470000e-01	1.071676e+01	-2.154576e+00
3.475000e-01	1.074933e+01	-2.162913e+00
3.480000e-01	1.078165e+01	-2.173871e+00
3.485000e-01	1.081361e+01	-2.187138e+00
3.490000e-01	1.084512e+01	-2.202267e+00
3.495000e-01	1.087603e+01	-2.218697e+00
3.500000e-01	1.090619e+01	-2.235791e+00
3.505000e-01	1.093549e+01	-2.252857e+00
3.510000e-01	1.096381e+01	-2.269193e+00
3.515000e-01	1.099110e+01	-2.284126e+00
3.520000e-01	1.101737e+01	-2.297070e+00
3.525000e-01	1.104262e+01	-2.307631e+00
3.530000e-01	1.106683e+01	-2.315730e+00
3.535000e-01	1.108992e+01	-2.321627e+00
3.540000e-01	1.111177e+01	-2.325839e+00
3.545000e-01	1.113221e+01	-2.328965e+00
3.550000e-01	1.115113e+01	-2.331497e+00
3.555000e-01	1.116848e+01	-2.333684e+00
3.560000e-01	1.118430e+01	-2.335491e+00
3.565000e-01	1.119873e+01	-2.336669e+00
3.570000e-01	1.121192e+01	-2.336899e+00
3.575000e-01	1.122402e+01	-2.335950e+00
3.580000e-01	1.123512e+01	-2.333780e+00
3.585000e-01	1.124524e+01	-2.330550e+00
3.590000e-01	1.125437e+01	-2.326552e+00
3.595000e-01	1.126248e+01	-2.322069e+00
3.600000e-01	1.126959e+01	-2.317258e+00
3.605000e-01	1.127577e+01	-2.312079e+00
3.610000e-01	1.128119e+01	-2.306314e+00
3.615000e-01	1.128605e+01	-2.299684e+00
3.620000e-01	1.129059e+01	-2.291981e+00
3.625000e-01	1.129499e+01	-2.283226e+00
3.630000e-01	1.129939e+01	-2.273721e+00
3.635000e-01	1.130384e+01	-2.264022e+00
3.640000e-01	1.130839e+01	-2.254831e+00
3.645000e-01	1.131306e+01	-2.246838e+00
3.650000e-01	1.131794e+01	-2.240596e+00
3.655000e-01	1.132314e+01	-2.236438e+00
3.660000e-01	1.132883e+01	-2.234486e+00
3.665000e-01	1.133519e+01	-2.234746e+00
3.670000e-01	1.134234e+01	-2.237200e+00
3.675000e-01	1.135036e+01	-2.241896e+00
3.680000e-01	1.135924e+01	-2.248976e+00
3.685000e-01	1.136887e+01	-2.258635e+00
3.690000e-01	1.137914e+01	-2.271020e+00
3.695000e-01	1.138992e+01	-2.286134e+00
3.700000e-01	1.140109e+01	-2.303756e+00
3.705000e-01	1.141260e+01	-2.323423e+00
3.710000e-01	1.142440e+01	-2.344514e+00
3.715000e-01	1.143645e+01	-2.366312e+00
3.720000e-01	1.144866e+01	-2.388208e+00
3.725000e-01	1.146089e+01	-2.409713e+00
3.730000e-01	1.147298e+01	-2.430569e+00
3.735000e-01	1.148470e+01	-2.450647e+00
3.740000e-01	1.149578e+01	-2.469746e+00
3.745000e-01	1.150600e+01	-2.487516e+00
3.750000e-01	1.151521e+01	-2.503626e+00
3.755000e-01	1.152334e+01	-2.517784e+00
3.760000e-01	1.153040e+01	-2.529792e+00
3.765000e-01	1.153643e+01	-2.539625e+00
3.770000e-01	1.154147e+01	-2.547494e+00
3.775000e-01	1.154559e+01	-2.553872e+00
3.780000e-01	1.154881e+01	-2.559453e+00
3.785000e-01	1.155120e+01	-2.565033e+00
3.790000e-01	1.155282e+01	-2.571323e+00
3.795000e-01	1.155374e+01	-2.578710e+00
3.800000e-01	1.155405e+01	-2.587128e+00
3.805000e-01	1.155377e+01	-2.596089e+00
3.810000e-01	1.155294e+01	-2.604881e+00
3.815000e-01	1.155154e+01	-2.612829e+00
3.820000e-01	1.154957e+01	-2.619519e+00
3.825000e-01	1.154700e+01	-2.624899e+00
3.830000e-01	1.154388e+01	-2.629221e+00
3.835000e-01	1.154026e+01	-2.632867e+00
3.840000e-01	1.153623e+01	-2.636131e+00
3.845000e-01	1.153190e+01	-2.639072e+00
3.850000e-01	1.152735e+01	-2.641494e+00
3.855000e-01	1.152268e+01	-2.643061e+00
3.860000e-01	1.151791e+01	-2.643487e+00
3.865000e-01	1.151307e+01	-2.642739e+00
3.870000e-01	1.150818e+01	-2.641140e+00
3.875000e-01	1.150329e+01	-2.639338e+00
3.880000e-01	1.149848e+01	-2.638157e+00
3.885000e-01	1.149386e+01	-2.638370e+00
3.890000e-01	1.148957e+01	-2.640503e+00
3.895000e-01	1.148572e+01	-2.644737e+00
3.900000e-01	1.148242e+01	-2.650926e+00
3.905000e-01	1.147970e+01	-2.658754e+00
3.910000e-01	1.147755e+01	-2.667903e+00
3.915000e-01	1.147591e+01	-2.678190e+00
3.920000e-01	1.147472e+01	-2.689620e+00
3.925000e-01	1.147393e+01	-2.702326e+00
3.930000e-01	1.147351e+01	-2.716435e+00
3.935000e-01	1.147348e+01	-2.731920e+00
3.940000e-01	1.147385e+01	-2.748505e+00
3.945000e-01	1.147462e+01	-2.765688e+00
3.950000e-01	1.147577e+01	-2.782811e+00
3.955000e-01	1.147724e+01	-2.799279e+00
3.960000e-01	1.147890e+01	-2.814664e+00
3.965000e-01	1.148065e+01	-2.828851e+00
3.970000e-01	1.148236e+01	-2.842007e+00
3.975000e-01	1.148397e+01	-2.854454e+00
3.980000e-01	1.148544e+01	-2.866590e+00
3.985000e-01	1.148680e+01	-2.878669e+00
3.990000e-01	1.148806e+01	-2.890798e+00
3.995000e-01	1.148926e+01	-2.902895e+00
3.998205e-01	1.148999e+01	-2.910556e+00
4.000000e-01	1.149039e+01	-2.914794e+00
4.001667e-01	1.149074e+01	-2.918688e+00
4.005000e-01	1.149140e+01	-2.926337e+00
4.010000e-01	1.149216e+01	-2.937447e+00
4.015000e-01	1.149252e+01	-2.948141e+00
4.018500e-01	1.149243e+01	-2.955457e+00
4.020000e-01	1.149230e+01	-2.958564e+00
4.025000e-01	1.149143e+01	-2.968871e+00
4.030000e-01	1.148984e+01	-2.979130e+00
4.035000e-01	1.148756e+01	-2.989236e+00
4.040000e-01	1.148465e+01	-2.998880e+00
4.045000e-01	1.148117e+01	-3.007697e+00
4.048126e-01	1.147874e+01	-3.012597e+00
4.050000e-01	1.147720e+01	-3.015265e+00
4.055000e-01	1.147281e+01	-3.021317e+00
4.059250e-01	1.146877e+01	-3.025236e+00
4.060000e-01	1.146803e+01	-3.025812e+00
4.065000e-01	1.146289e+01	-3.028851e+00
4.070000e-01	1.145744e+01	-3.030690e+00
4.071762e-01	1.145547e+01	-3.031108e+00
4.073255e-01	1.145379e+01	-3.031384e+00
4.074592e-01	1.145227e+01	-3.031578e+00
4.075000e-01	1.145181e+01	-3.031628e+00
4.076579e-01	1.145001e+01	-3.031781e+00
4.077974e-01	1.144842e+01	-3.031870e+00
4.080000e-01	1.144612e+01	-3.031927e+00
4.085000e-01	1.144050e+01	-3.031750e+00
4.087608e-01	1.143763e+01	-3.031492e+00
4.089160e-01	1.143596e+01	-3.031287e+00
4.090000e-01	1.143506e+01	-3.031159e+00
4.091860e-01	1.143311e+01	-3.030838e+00
4.093145e-01	1.143178e+01	-3.030585e+00
4.095000e-01	1.142990e+01	-3.030179e+00
4.100000e-01	1.142507e+01	-3.028889e+00
4.105000e-01	1.142063e+01	-3.027508e+00
4.108472e-01	1.141780e+01	-3.026693e+00
4.110000e-01	1.141663e+01	-3.026420e+00
4.112003e-01	1.141517e+01	-3.026177e+00
4.114001e-01	1.141381e+01	-3.026095e+00
4.115000e-01	1.141316e+01	-3.026125e+00
4.120000e-01	1.141030e+01	-3.027138e+00
4.125000e-01	1.140816e+01	-3.029873e+00
4.126279e-01	1.140774e+01	-3.030881e+00
4.127565e-01	1.140737e+01	-3.032025e+00
4.128817e-01	1.140708e+01	-3.033262e+00
4.130000e-01	1.140686e+01	-3.034541e+00
4.131257e-01	1.140669e+01	-3.036015e+00
4.135000e-01	1.140662e+01	-3.041066e+00
4.140000e-01	1.140768e+01	-3.049177e+00
4.145000e-01	1.141022e+01	-3.058519e+00
4.150000e-01	1.141442e+01	-3.068753e+00
4.155000e-01	1.142045e+01	-3.079616e+00
4.160000e-01	1.142846e+01	-3.090939e+00
4.165000e-01	1.143856e+01	-3.102608e+00
4.170000e-01	1.145084e+01	-3.114494e+00
4.175000e-01	1.146526e+01	-3.126395e+00
4.180000e-01	1.148175e+01	-3.138004e+00
4.185000e-01	1.150009e+01	-3.148948e+00
4.190000e-01	1.152003e+01	-3.158851e+00
4.195000e-01	1.154125e+01	-3.167428e+00
4.200000e-01	1.156340e+01	-3.174549e+00
4.205000e-01	1.158612e+01	-3.180267e+00
4.210000e-01	1.160909e+01	-3.184778e+00
4.215000e-01	1.163195e+01	-3.188346e+00
4.220000e-01	1.165439e+01	-3.191216e+00
4.225000e-01	1.167613e+01	-3.193516e+00
4.230000e-01	1.169703e+01	-3.195198e+00
4.235000e-01	1.171711e+01	-3.196071e+00
4.240000e-01	1.173649e+01	-3.195887e+00
4.245000e-01	1.175536e+01	-3.194462e+00
4.250000e-01	1.177390e+01	-3.191771e+00
4.255000e-01	1.179222e+01	-3.187981e+00
4.260000e-01	1.181031e+01	-3.183402e+00
4.265000e-01	1.182810e+01	-3.178389e+00
4.270000e-01	1.184551e+01	-3.173231e+00
4.275000e-01	1.186251e+01	-3.168060e+00
4.280000e-01	1.187918e+01	-3.162847e+00
4.285000e-01	1.189572e+01	-3.157452e+00
4.290000e-01	1.191240e+01	-3.151728e+00
4.291903e-01	1.191885e+01	-3.149448e+00
4.295000e-01	1.192952e+01	-3.145626e+00
4.300000e-01	1.194734e+01	-3.139264e+00
4.305000e-01	1.196598e+01	-3.132925e+00
4.307697e-01	1.197639e+01	-3.129645e+00
4.308997e-01	1.198149e+01	-3.128119e+00
4.310000e-01	1.198547e+01	-3.126974e+00
4.312143e-01	1.199406e+01	-3.124635e+00
4.315000e-01	1.200571e+01	-3.121783e+00
4.320000e-01	1.202660e+01	-3.117614e+00
4.325000e-01	1.204805e+01	-3.114574e+00
4.330000e-01	1.207003e+01	-3.112623e+00
4.335000e-01	1.209259e+01	-3.111637e+00
4.340000e-01	1.211585e+01	-3.111498e+00
4.345000e-01	1.213989e+01	-3.112162e+00
4.350000e-01	1.216476e+01	-3.113690e+00
4.355000e-01	1.219041e+01	-3.116232e+00
4.360000e-01	1.221667e+01	-3.119939e+00
4.365000e-01	1.224333e+01	-3.124892e+00
4.370000e-01	1.227016e+01	-3.131033e+00
4.375000e-01	1.229696e+01	-3.138126e+00
4.380000e-01	1.232362e+01	-3.145858e+00
4.385000e-01	1.235010e+01	-3.153800e+00
4.386652e-01	1.235881e+01	-3.156404e+00
4.390000e-01	1.237643e+01	-3.161626e+00
4.395000e-01	1.240264e+01	-3.169322e+00
4.400000e-01	1.242874e+01	-3.176985e+00
4.405000e-01	1.245465e+01	-3.184741e+00
4.410000e-01	1.248022e+01	-3.192659e+00
4.415000e-01	1.250527e+01	-3.200685e+00
4.420000e-01	1.252961e+01	-3.208596e+00
4.425000e-01	1.255308e+01	-3.216002e+00
4.430000e-01	1.257564e+01	-3.222404e+00
4.435000e-01	1.259730e+01	-3.227277e+00
4.440000e-01	1.261816e+01	-3.230175e+00
4.445000e-01	1.263830e+01	-3.230839e+00
4.450000e-01	1.265780e+01	-3.229289e+00
4.455000e-01	1.267665e+01	-3.225840e+00
4.460000e-01	1.269477e+01	-3.221012e+00
4.465000e-01	1.271209e+01	-3.215376e+00
4.466673e-01	1.271768e+01	-3.213397e+00
4.468355e-01	1.272321e+01	-3.211383e+00
4.470000e-01	1.272852e+01	-3.209399e+00
4.471894e-01	1.273451e+01	-3.207107e+00
4.473584e-01	1.273975e+01	-3.205057e+00
4.475000e-01	1.274407e+01	-3.203336e+00
4.480000e-01	1.275885e+01	-3.197213e+00
4.485000e-01	1.277303e+01	-3.190910e+00
4.490000e-01	1.278684e+01	-3.184282e+00
4.495000e-01	1.280051e+01	-3.177292e+00
4.500000e-01	1.281418e+01	-3.170081e+00
4.505000e-01	1.282795e+01	-3.162964e+00
4.510000e-01	1.284186e+01	-3.156344e+00
4.515000e-01	1.285590e+01	-3.150585e+00
4.520000e-01	1.287011e+01	-3.145904e+00
4.521667e-01	1.287490e+01	-3.144592e+00
4.523333e-01	1.287971e+01	-3.143399e+00
4.525000e-01	1.288456e+01	-3.142319e+00
4.526667e-01	1.288946e+01	-3.141343e+00
4.530000e-01	1.289940e+01	-3.139664e+00
4.535000e-01	1.291480e+01	-3.137682e+00
4.540000e-01	1.293093e+01	-3.136144e+00
4.545000e-01	1.294793e+01	-3.134951e+00
4.550000e-01	1.296583e+01	-3.134188e+00
4.555000e-01	1.298458e+01	-3.134094e+00
4.560000e-01	1.300408e+01	-3.134985e+00
4.565000e-01	1.302417e+01	-3.137135e+00
4.570000e-01	1.304473e+01	-3.140688e+00
4.575000e-01	1.306568e+01	-3.145610e+00
4.580000e-01	1.308697e+01	-3.151712e+00
4.585000e-01	1.310861e+01	-3.158724e+00
4.590000e-01	1.313056e+01	-3.166382e+00
4.595000e-01	1.315276e+01	-3.174508e+00
4.600000e-01	1.317508e+01	-3.183035e+00
4.605000e-01	1.319732e+01	-3.191972e+00
4.610000e-01	1.321925e+01	-3.201336e+00
4.615000e-01	1.324066e+01	-3.211075e+00
4.620000e-01	1.326139e+01	-3.221008e+00
4.625000e-01	1.328134e+01	-3.230817e+00
4.630000e-01	1.330048e+01	-3.240081e+00
4.635000e-01	1.331882e+01	-3.248365e+00
4.640000e-01	1.333636e+01	-3.255298e+00
4.645000e-01	1.335311e+01	-3.260642e+00
4.650000e-01	1.336901e+01	-3.264315e+00
4.655000e-01	1.338398e+01	-3.266381e+00
4.660000e-01	1.339794e+01	-3.266979e+00
4.665000e-01	1.341085e+01	-3.266278e+00
4.670000e-01	1.342270e+01	-3.264413e+00
4.675000e-01	1.343360e+01	-3.261488e+00
4.680000e-01	1.344367e+01	-3.257576e+00
4.685000e-01	1.345309e+01	-3.252785e+00
4.686500e-01	1.345581e+01	-3.251194e+00
4.690000e-01	1.346203e+01	-3.247262e+00
4.695000e-01	1.347064e+01	-3.241294e+00
4.700000e-01	1.347903e+01	-3.235230e+00
4.705000e-01	1.348725e+01	-3.229506e+00
4.710000e-01	1.349537e+01	-3.224523e+00
4.715000e-01	1.350346e+01	-3.220658e+00
4.720000e-01	1.351162e+01	-3.218120e+00
4.725000e-01	1.351998e+01	-3.217023e+00
4.730000e-01	1.352868e+01	-3.217378e+00
4.735000e-01	1.353789e+01	-3.219122e+00
4.740000e-01	1.354771e+01	-3.222153e+00
4.745000e-01	1.355821e+01	-3.226371e+00
4.750000e-01	1.356937e+01	-3.231690e+00
4.755000e-01	1.358114e+01	-3.238037e+00
4.760000e-01	1.359342e+01	-3.245334e+00
4.765000e-01	1.360611e+01	-3.253473e+00
4.770000e-01	1.361910e+01	-3.262300e+00
4.775000e-01	1.363232e+01	-3.271608e+00
4.780000e-01	1.364571e+01	-3.281160e+00
4.785000e-01	1.365922e+01	-3.290708e+00
4.790000e-01	1.367278e+01	-3.300037e+00
4.795000e-01	1.368630e+01	-3.308987e+00
4.800000e-01	1.369963e+01	-3.317470e+00
4.805000e-01	1.371262e+01	-3.325465e+00
4.810000e-01	1.372511e+01	-3.332998e+00
4.815000e-01	1.373695e+01	-3.340112e+00
4.820000e-01	1.374802e+01	-3.346838e+00
4.825000e-01	1.375828e+01	-3.353176e+00
4.830000e-01	1.376771e+01	-3.359090e+00
4.835000e-01	1.377633e+01	-3.364516e+00
4.840000e-01	1.378417e+01	-3.369380e+00
4.845000e-01	1.379126e+01	-3.373622e+00
4.850000e-01	1.379761e+01	-3.377207e+00
4.855000e-01	1.380323e+01	-3.380133e+00
4.860000e-01	1.380810e+01	-3.382426e+00
4.865000e-01	1.381224e+01	-3.384124e+00
4.870000e-01	1.381568e+01	-3.385269e+00
4.875000e-01	1.381851e+01	-3.385895e+00
4.880000e-01	1.382084e+01	-3.386018e+00
4.885000e-01	1.382281e+01	-3.385653e+00
4.889217e-01	1.382430e+01	-3.384990e+00
4.890000e-01	1.382456e+01	-3.384835e+00
4.891389e-01	1.382503e+01	-3.384535e+00
4.892644e-01	1.382545e+01	-3.384239e+00
4.893896e-01	1.382586e+01	-3.383921e+00
4.895000e-01	1.382623e+01	-3.383621e+00
4.900000e-01	1.382805e+01	-3.382023e+00
4.905000e-01	1.383033e+01	-3.380043e+00
4.910000e-01	1.383333e+01	-3.377746e+00
4.915000e-01	1.383731e+01	-3.375266e+00
4.920000e-01	1.384250e+01	-3.372789e+00
4.925000e-01	1.384909e+01	-3.370532e+00
4.926738e-01	1.385174e+01	-3.369840e+00
4.928606e-01	1.385480e+01	-3.369167e+00
4.930000e-01	1.385725e+01	-3.368718e+00
4.931313e-01	1.385967e+01	-3.368341e+00
4.932713e-01	1.386238e+01	-3.367993e+00
4.935000e-01	1.386711e+01	-3.367554e+00
4.940000e-01	1.387876e+01	-3.367217e+00
4.945000e-01	1.389225e+01	-3.367856e+00
4.950000e-01	1.390757e+01	-3.369592e+00
4.953764e-01	1.392026e+01	-3.371697e+00
4.955000e-01	1.392464e+01	-3.372558e+00
4.960000e-01	1.394336e+01	-3.377001e+00
4.965000e-01	1.396356e+01	-3.383126e+00
4.970000e-01	1.398505e+01	-3.391035e+00
4.975000e-01	1.400760e+01	-3.400705e+00
4.980000e-01	1.403097e+01	-3.411983e+00
4.985000e-01	1.405488e+01	-3.424584e+00
4.990000e-01	1.407904e+01	-3.438102e+00
4.995000e-01	1.410316e+01	-3.452029e+00
5.000000e-01	1.412695e+01	-3.465775e+00
5.005000e-01	1.415021e+01	-3.478709e+00
5.010000e-01	1.417282e+01	-3.490249e+00
5.015000e-01	1.419473e+01	-3.499967e+00
5.020000e-01	1.421591e+01	-3.507652e+00
5.025000e-01	1.423634e+01	-3.513309e+00
5.030000e-01	1.425591e+01	-3.517095e+00
5.035000e-01	1.427448e+01	-3.519230e+00
5.040000e-01	1.429184e+01	-3.519900e+00
5.045000e-01	1.430782e+01	-3.519208e+00
5.050000e-01	1.432230e+01	-3.517174e+00
5.055000e-01	1.433527e+01	-3.513789e+00
5.060000e-01	1.434681e+01	-3.509090e+00
5.061667e-01	1.435037e+01	-3.507253e+00
5.063333e-01	1.435380e+01	-3.505294e+00
5.065000e-01	1.435710e+01	-3.503224e+00
5.066667e-01	1.436029e+01	-3.501055e+00
5.070000e-01	1.436636e+01	-3.496474e+00
5.075000e-01	1.437480e+01	-3.489227e+00
5.080000e-01	1.438258e+01	-3.481900e+00
5.085000e-01	1.438981e+01	-3.474853e+00
5.090000e-01	1.439657e+01	-3.468309e+00
5.095000e-01	1.440293e+01	-3.462337e+00
5.100000e-01	1.440900e+01	-3.456878e+00
5.105000e-01	1.441495e+01	-3.451818e+00
5.110000e-01	1.442099e+01	-3.447089e+00
5.115000e-01	1.442737e+01	-3.442726e+00
5.120000e-01	1.443433e+01	-3.438895e+00
5.125000e-01	1.444204e+01	-3.435870e+00
5.128070e-01	1.444721e+01	-3.434549e+00
5.130000e-01	1.445062e+01	-3.433963e+00
5.135000e-01	1.446009e+01	-3.433449e+00
5.140000e-01	1.447040e+01	-3.434507e+00
5.145000e-01	1.448148e+01	-3.437197e+00
5.150000e-01	1.449324e+01	-3.441485e+00
5.155000e-01	1.450564e+01	-3.447303e+00
5.160000e-01	1.451865e+01	-3.454601e+00
5.165000e-01	1.453225e+01	-3.463395e+00
5.170000e-01	1.454642e+01	-3.473764e+00
5.175000e-01	1.456109e+01	-3.485802e+00
5.180000e-01	1.457612e+01	-3.499558e+00
5.185000e-01	1.459135e+01	-3.514978e+00
5.190000e-01	1.460652e+01	-3.531822e+00
5.195000e-01	1.462140e+01	-3.549705e+00
5.200000e-01	1.463577e+01	-3.568096e+00
5.205000e-01	1.464944e+01	-3.586449e+00
5.210000e-01	1.466228e+01	-3.604175e+00
5.215000e-01	1.467421e+01	-3.620869e+00
5.220000e-01	1.468516e+01	-3.636192e+00
5.225000e-01	1.469506e+01	-3.649886e+00
5.230000e-01	1.470383e+01	-3.661754e+00
5.235000e-01	1.471136e+01	-3.671624e+00
5.240000e-01	1.471757e+01	-3.679326e+00
5.245000e-01	1.472236e+01	-3.684698e+00
5.250000e-01	1.472567e+01	-3.687609e+00
5.253329e-01	1.472706e+01	-3.688146e+00
5.255000e-01	1.472751e+01	-3.687994e+00
5.258918e-01	1.472795e+01	-3.686606e+00
5.260000e-01	1.472792e+01	-3.685985e+00
5.261318e-01	1.472781e+01	-3.685099e+00
5.262672e-01	1.472760e+01	-3.684051e+00
5.264119e-01	1.472728e+01	-3.682784e+00
5.265000e-01	1.472703e+01	-3.681943e+00
5.266265e-01	1.472662e+01	-3.680648e+00
5.270000e-01	1.472501e+01	-3.676293e+00
5.275000e-01	1.472202e+01	-3.669502e+00
5.280000e-01	1.471823e+01	-3.662057e+00
5.285000e-01	1.471379e+01	-3.654430e+00
5.290000e-01	1.470881e+01	-3.647040e+00
5.295000e-01	1.470341e+01	-3.640238e+00
5.300000e-01	1.469773e+01	-3.634287e+00
5.305000e-01	1.469192e+01	-3.629364e+00
5.310000e-01	1.468618e+01	-3.625568e+00
5.315000e-01	1.468070e+01	-3.622954e+00
5.320000e-01	1.467571e+01	-3.621587e+00
5.325000e-01	1.467138e+01	-3.621578e+00
5.330000e-01	1.466786e+01	-3.623092e+00
5.331667e-01	1.466688e+01	-3.623967e+00
5.333889e-01	1.466574e+01	-3.625440e+00
5.335000e-01	1.466524e+01	-3.626311e+00
5.336667e-01	1.466458e+01	-3.627790e+00
5.338333e-01	1.466402e+01	-3.629478e+00
5.340000e-01	1.466357e+01	-3.631377e+00
5.345000e-01	1.466287e+01	-3.638343e+00
5.350000e-01	1.466312e+01	-3.647141e+00
5.355000e-01	1.466430e+01	-3.657600e+00
5.360000e-01	1.466641e+01	-3.669481e+00
5.365000e-01	1.466940e+01	-3.682544e+00
5.370000e-01	1.467322e+01	-3.696602e+00
5.375000e-01	1.467778e+01	-3.711553e+00
5.380000e-01	1.468295e+01	-3.727369e+00
5.385000e-01	1.468855e+01	-3.744059e+00
5.390000e-01	1.469438e+01	-3.761607e+00
5.395000e-01	1.470023e+01	-3.779921e+00
5.400000e-01	1.470588e+01	-3.798803e+00
5.405000e-01	1.471116e+01	-3.817956e+00
5.410000e-01	1.471589e+01	-3.837024e+00
5.415000e-01	1.471992e+01	-3.855643e+00
5.420000e-01	1.472311e+01	-3.873491e+00
5.425000e-01	1.472534e+01	-3.890328e+00
5.430000e-01	1.472650e+01	-3.905975e+00
5.435000e-01	1.472646e+01	-3.920295e+00
5.440000e-01	1.472516e+01	-3.933153e+00
5.445000e-01	1.472253e+01	-3.944389e+00
5.450000e-01	1.471855e+01	-3.953808e+00
5.455000e-01	1.471326e+01	-3.961203e+00
5.460000e-01	1.470673e+01	-3.966397e+00
5.465000e-01	1.469905e+01	-3.969295e+00
5.468511e-01	1.469305e+01	-3.969968e+00
5.470000e-01	1.469036e+01	-3.969923e+00
5.472978e-01	1.468476e+01	-3.969282e+00
5.475000e-01	1.468079e+01	-3.968445e+00
5.480000e-01	1.467051e+01	-3.965162e+00
5.485000e-01	1.465965e+01	-3.960443e+00
5.490000e-01	1.464839e+01	-3.954723e+00
5.495000e-01	1.463690e+01	-3.948393e+00
5.500000e-01	1.462538e+01	-3.941853e+00
5.505000e-01	1.461401e+01	-3.935423e+00
5.510000e-01	1.460299e+01	-3.929438e+00
5.515000e-01	1.459249e+01	-3.924182e+00
5.520000e-01	1.458269e+01	-3.920010e+00
5.525000e-01	1.457374e+01	-3.917256e+00
5.530000e-01	1.456576e+01	-3.916274e+00
5.535000e-01	1.455885e+01	-3.917355e+00
5.540000e-01	1.455307e+01	-3.920733e+00
5.545000e-01	1.454847e+01	-3.926499e+00
5.550000e-01	1.454508e+01	-3.934644e+00
5.555000e-01	1.454293e+01	-3.945080e+00
5.560000e-01	1.454198e+01	-3.957591e+00
5.565000e-01	1.454227e+01	-3.971779e+00
5.570000e-01	1.454384e+01	-3.987063e+00
5.575000e-01	1.454670e+01	-4.002964e+00
5.580000e-01	1.455077e+01	-4.019189e+00
5.585000e-01	1.455592e+01	-4.035622e+00
5.590000e-01	1.456193e+01	-4.052290e+00
5.595000e-01	1.456855e+01	-4.069286e+00
5.600000e-01	1.457552e+01	-4.086700e+00
5.605000e-01	1.458257e+01	-4.104552e+00
5.610000e-01	1.458950e+01	-4.122716e+00
5.615000e-01	1.459614e+01	-4.140880e+00
5.620000e-01	1.460240e+01	-4.158587e+00
5.625000e-01	1.460822e+01	-4.175338e+00
5.630000e-01	1.461350e+01	-4.190726e+00
5.635000e-01	1.461814e+01	-4.204528e+00
5.640000e-01	1.462200e+01	-4.216722e+00
5.645000e-01	1.462490e+01	-4.227436e+00
5.650000e-01	1.462672e+01	-4.236825e+00
5.655000e-01	1.462739e+01	-4.244965e+00
5.660000e-01	1.462691e+01	-4.251776e+00
5.665000e-01	1.462537e+01	-4.257038e+00
5.670000e-01	1.462292e+01	-4.260470e+00
5.675000e-01	1.461971e+01	-4.261860e+00
5.678333e-01	1.461723e+01	-4.261624e+00
5.680000e-01	1.461590e+01	-4.261169e+00
5.681667e-01	1.461451e+01	-4.260502e+00
5.685000e-01	1.461159e+01	-4.258586e+00
5.690000e-01	1.460689e+01	-4.254504e+00
5.695000e-01	1.460188e+01	-4.249415e+00
5.700000e-01	1.459670e+01	-4.243791e+00
5.705000e-01	1.459152e+01	-4.237974e+00
5.710000e-01	1.458657e+01	-4.232141e+00
5.715000e-01	1.458209e+01	-4.226354e+00
5.716261e-01	1.458107e+01	-4.224916e+00
5.720000e-01	1.457834e+01	-4.220773e+00
5.725000e-01	1.457551e+01	-4.215681e+00
5.730000e-01	1.457373e+01	-4.211423e+00
5.735000e-01	1.457306e+01	-4.208429e+00
5.740000e-01	1.457350e+01	-4.207146e+00
5.744561e-01	1.457486e+01	-4.207791e+00
5.745000e-01	1.457504e+01	-4.207952e+00
5.746781e-01	1.457585e+01	-4.208788e+00
5.748050e-01	1.457651e+01	-4.209562e+00
5.749349e-01	1.457726e+01	-4.210509e+00
5.750000e-01	1.457766e+01	-4.211042e+00
5.751348e-01	1.457855e+01	-4.212267e+00
5.755000e-01	1.458138e+01	-4.216371e+00
5.760000e-01	1.458624e+01	-4.223654e+00
5.765000e-01	1.459225e+01	-4.232464e+00
5.770000e-01	1.459939e+01	-4.242395e+00
5.775000e-01	1.460758e+01	-4.253209e+00
5.780000e-01	1.461670e+01	-4.264891e+00
5.785000e-01	1.462657e+01	-4.277599e+00
5.790000e-01	1.463702e+01	-4.291529e+00
5.795000e-01	1.464789e+01	-4.306751e+00
5.800000e-01	1.465908e+01	-4.323090e+00
5.805000e-01	1.467049e+01	-4.340093e+00
5.810000e-01	1.468205e+01	-4.357119e+00
5.815000e-01	1.469369e+01	-4.373493e+00
5.820000e-01	1.470527e+01	-4.388676e+00
5.825000e-01	1.471664e+01	-4.402386e+00
5.830000e-01	1.472762e+01	-4.414611e+00
5.835000e-01	1.473802e+01	-4.425526e+00
5.840000e-01	1.474771e+01	-4.435344e+00
5.845000e-01	1.475665e+01	-4.444162e+00
5.850000e-01	1.476482e+01	-4.451879e+00
5.855000e-01	1.477229e+01	-4.458205e+00
5.860000e-01	1.477912e+01	-4.462765e+00
5.865000e-01	1.478536e+01	-4.465247e+00
5.870000e-01	1.479106e+01	-4.465544e+00
5.875000e-01	1.479621e+01	-4.463823e+00
5.880000e-01	1.480083e+01	-4.460487e+00
5.882442e-01	1.480289e+01	-4.458434e+00
5.885000e-01	1.480494e+01	-4.456070e+00
5.890000e-01	1.480865e+01	-4.451071e+00
5.895000e-01	1.481214e+01	-4.445815e+00
5.900000e-01	1.481563e+01	-4.440417e+00
5.905000e-01	1.481934e+01	-4.434812e+00
5.910000e-01	1.482350e+01	-4.428864e+00
5.915000e-01	1.482827e+01	-4.422505e+00
5.920000e-01	1.483374e+01	-4.415843e+00
5.925000e-01	1.483996e+01	-4.409197e+00
5.930000e-01	1.484695e+01	-4.403030e+00
5.935000e-01	1.485475e+01	-4.397865e+00
5.940000e-01	1.486344e+01	-4.394103e+00
5.945000e-01	1.487312e+01	-4.391967e+00
5.946667e-01	1.487659e+01	-4.391621e+00
5.950000e-01	1.488392e+01	-4.391446e+00
5.955000e-01	1.489594e+01	-4.392356e+00
5.960000e-01	1.490923e+01	-4.394474e+00
5.965000e-01	1.492377e+01	-4.397615e+00
5.970000e-01	1.493945e+01	-4.401744e+00
5.975000e-01	1.495611e+01	-4.406988e+00
5.980000e-01	1.497359e+01	-4.413563e+00
5.985000e-01	1.499175e+01	-4.421674e+00
5.990000e-01	1.501048e+01	-4.431384e+00
5.995000e-01	1.502975e+01	-4.442524e+00
6.000000e-01	1.504950e+01	-4.454760e+00


