"     ankle"

"Time      "	".JOINT_15.Ax_Ay_Az_Projection_Angles.Z"
0.000000e+00	0.000000e+00
5.000000e-04	-3.047492e-05
1.000000e-03	-2.401432e-04
1.500000e-03	-8.141805e-04
2.000000e-03	-1.936762e-03
2.500000e-03	-3.774348e-03
3.000000e-03	-6.463211e-03
3.500000e-03	-1.010472e-02
4.000000e-03	-1.476912e-02
4.500000e-03	-2.050524e-02
5.000000e-03	-2.735158e-02
5.500000e-03	-3.534395e-02
6.000000e-03	-4.451638e-02
6.500000e-03	-5.489534e-02
7.000000e-03	-6.648976e-02
7.500000e-03	-7.928147e-02
8.000000e-03	-9.322037e-02
8.500000e-03	-1.082268e-01
9.000000e-03	-1.242011e-01
9.500000e-03	-1.410363e-01
1.000000e-02	-1.586314e-01
1.050000e-02	-1.768986e-01
1.100000e-02	-1.957641e-01
1.150000e-02	-2.151625e-01
1.200000e-02	-2.350269e-01
1.250000e-02	-2.552416e-01
1.300000e-02	-2.756313e-01
1.350000e-02	-2.960103e-01
1.400000e-02	-3.161980e-01
1.450000e-02	-3.360327e-01
1.500000e-02	-3.553845e-01
1.550000e-02	-3.741664e-01
1.600000e-02	-3.923422e-01
1.650000e-02	-4.099337e-01
1.700000e-02	-4.270164e-01
1.750000e-02	-4.437000e-01
1.800000e-02	-4.601004e-01
1.850000e-02	-4.763143e-01
1.900000e-02	-4.924039e-01
1.950000e-02	-5.083985e-01
2.000000e-02	-5.243233e-01
2.050000e-02	-5.402031e-01
2.100000e-02	-5.560542e-01
2.150000e-02	-5.718943e-01
2.200000e-02	-5.877551e-01
2.250000e-02	-6.036874e-01
2.300000e-02	-6.197585e-01
2.350000e-02	-6.360408e-01
2.400000e-02	-6.525956e-01
2.450000e-02	-6.694614e-01
2.500000e-02	-6.866487e-01
2.550000e-02	-7.041465e-01
2.600000e-02	-7.219343e-01
2.650000e-02	-7.399968e-01
2.700000e-02	-7.583322e-01
2.750000e-02	-7.769526e-01
2.800000e-02	-7.958753e-01
2.850000e-02	-8.151099e-01
2.900000e-02	-8.346477e-01
2.950000e-02	-8.544594e-01
3.000000e-02	-8.745005e-01
3.050000e-02	-8.947249e-01
3.100000e-02	-9.150987e-01
3.150000e-02	-9.356088e-01
3.200000e-02	-9.562638e-01
3.250000e-02	-9.770844e-01
3.300000e-02	-9.980882e-01
3.350000e-02	-1.019277e+00
3.400000e-02	-1.040629e+00
3.450000e-02	-1.062105e+00
3.500000e-02	-1.083659e+00
3.550000e-02	-1.105250e+00
3.600000e-02	-1.126854e+00
3.650000e-02	-1.148470e+00
3.700000e-02	-1.170108e+00
3.750000e-02	-1.191782e+00
3.800000e-02	-1.213495e+00
3.850000e-02	-1.235235e+00
3.900000e-02	-1.257032e+00
3.950000e-02	-1.278958e+00
4.000000e-02	-1.301082e+00
4.050000e-02	-1.323467e+00
4.100000e-02	-1.346180e+00
4.150000e-02	-1.369297e+00
4.200000e-02	-1.392903e+00
4.250000e-02	-1.417095e+00
4.300000e-02	-1.441971e+00
4.350000e-02	-1.467627e+00
4.400000e-02	-1.494147e+00
4.450000e-02	-1.521599e+00
4.500000e-02	-1.550040e+00
4.550000e-02	-1.579519e+00
4.600000e-02	-1.610080e+00
4.650000e-02	-1.641768e+00
4.700000e-02	-1.674626e+00
4.750000e-02	-1.708691e+00
4.800000e-02	-1.743988e+00
4.850000e-02	-1.780523e+00
4.900000e-02	-1.818282e+00
4.950000e-02	-1.857233e+00
5.000000e-02	-1.897331e+00
5.050000e-02	-1.938523e+00
5.100000e-02	-1.980754e+00
5.150000e-02	-2.023966e+00
5.200000e-02	-2.068096e+00
5.250000e-02	-2.113073e+00
5.300000e-02	-2.158810e+00
5.350000e-02	-2.205201e+00
5.400000e-02	-2.252130e+00
5.450000e-02	-2.299460e+00
5.500000e-02	-2.347057e+00
5.550000e-02	-2.394785e+00
5.600000e-02	-2.442514e+00
5.650000e-02	-2.490117e+00
5.700000e-02	-2.537463e+00
5.750000e-02	-2.584421e+00
5.800000e-02	-2.630849e+00
5.850000e-02	-2.676596e+00
5.900000e-02	-2.721520e+00
5.950000e-02	-2.765519e+00
6.000000e-02	-2.808563e+00
6.050000e-02	-2.850686e+00
6.100000e-02	-2.891933e+00
6.150000e-02	-2.932331e+00
6.200000e-02	-2.971886e+00
6.250000e-02	-3.010544e+00
6.300000e-02	-3.048211e+00
6.350000e-02	-3.084792e+00
6.400000e-02	-3.120231e+00
6.450000e-02	-3.154544e+00
6.500000e-02	-3.187820e+00
6.550000e-02	-3.220205e+00
6.600000e-02	-3.251858e+00
6.650000e-02	-3.282905e+00
6.700000e-02	-3.313417e+00
6.750000e-02	-3.343401e+00
6.800000e-02	-3.372826e+00
6.850000e-02	-3.401660e+00
6.900000e-02	-3.429899e+00
6.950000e-02	-3.457574e+00
7.000000e-02	-3.484736e+00
7.050000e-02	-3.511428e+00
7.100000e-02	-3.537654e+00
7.150000e-02	-3.563364e+00
7.200000e-02	-3.588461e+00
7.250000e-02	-3.612826e+00
7.300000e-02	-3.636351e+00
7.350000e-02	-3.658966e+00
7.400000e-02	-3.680654e+00
7.450000e-02	-3.701434e+00
7.500000e-02	-3.721342e+00
7.550000e-02	-3.740396e+00
7.600000e-02	-3.758572e+00
7.650000e-02	-3.775809e+00
7.700000e-02	-3.792017e+00
7.750000e-02	-3.807118e+00
7.800000e-02	-3.821069e+00
7.850000e-02	-3.833876e+00
7.900000e-02	-3.845593e+00
7.950000e-02	-3.856296e+00
8.000000e-02	-3.866053e+00
8.050000e-02	-3.874894e+00
8.100000e-02	-3.882802e+00
8.150000e-02	-3.889725e+00
8.200000e-02	-3.895601e+00
8.250000e-02	-3.900392e+00
8.300000e-02	-3.904105e+00
8.350000e-02	-3.906799e+00
8.400000e-02	-3.908566e+00
8.450000e-02	-3.909506e+00
8.500000e-02	-3.909698e+00
8.550000e-02	-3.909181e+00
8.600000e-02	-3.907957e+00
8.650000e-02	-3.906007e+00
8.700000e-02	-3.903318e+00
8.750000e-02	-3.899912e+00
8.800000e-02	-3.895852e+00
8.850000e-02	-3.891244e+00
8.900000e-02	-3.886202e+00
8.950000e-02	-3.880831e+00
9.000000e-02	-3.875193e+00
9.050000e-02	-3.869301e+00
9.100000e-02	-3.863132e+00
9.150000e-02	-3.856694e+00
9.200000e-02	-3.850172e+00
9.250000e-02	-3.843799e+00
9.300000e-02	-3.837814e+00
9.350000e-02	-3.832455e+00
9.400000e-02	-3.827940e+00
9.450000e-02	-3.824465e+00
9.500000e-02	-3.822197e+00
9.550000e-02	-3.821282e+00
9.600000e-02	-3.821853e+00
9.650000e-02	-3.824034e+00
9.700000e-02	-3.827950e+00
9.750000e-02	-3.833719e+00
9.800000e-02	-3.841445e+00
9.850000e-02	-3.851212e+00
9.900000e-02	-3.863074e+00
9.950000e-02	-3.877049e+00
1.000000e-01	-3.893125e+00
1.005000e-01	-3.911266e+00
1.010000e-01	-3.931420e+00
1.015000e-01	-3.953527e+00
1.020000e-01	-3.977525e+00
1.025000e-01	-4.003349e+00
1.030000e-01	-4.030924e+00
1.035000e-01	-4.060165e+00
1.040000e-01	-4.090966e+00
1.045000e-01	-4.123208e+00
1.050000e-01	-4.156755e+00
1.055000e-01	-4.191466e+00
1.060000e-01	-4.227202e+00
1.065000e-01	-4.263832e+00
1.070000e-01	-4.301239e+00
1.075000e-01	-4.339314e+00
1.080000e-01	-4.377961e+00
1.085000e-01	-4.417085e+00
1.090000e-01	-4.456593e+00
1.095000e-01	-4.496391e+00
1.100000e-01	-4.536386e+00
1.105000e-01	-4.576496e+00
1.110000e-01	-4.616648e+00
1.115000e-01	-4.656787e+00
1.120000e-01	-4.696875e+00
1.125000e-01	-4.736889e+00
1.130000e-01	-4.776818e+00
1.135000e-01	-4.816657e+00
1.140000e-01	-4.856404e+00
1.145000e-01	-4.896055e+00
1.150000e-01	-4.935611e+00
1.155000e-01	-4.975075e+00
1.160000e-01	-5.014456e+00
1.165000e-01	-5.053774e+00
1.170000e-01	-5.093056e+00
1.175000e-01	-5.132338e+00
1.180000e-01	-5.171656e+00
1.185000e-01	-5.211050e+00
1.190000e-01	-5.250545e+00
1.195000e-01	-5.290163e+00
1.200000e-01	-5.329915e+00
1.205000e-01	-5.369807e+00
1.210000e-01	-5.409836e+00
1.215000e-01	-5.449994e+00
1.220000e-01	-5.490268e+00
1.225000e-01	-5.530638e+00
1.230000e-01	-5.571075e+00
1.235000e-01	-5.611538e+00
1.240000e-01	-5.651973e+00
1.245000e-01	-5.692306e+00
1.250000e-01	-5.732461e+00
1.255000e-01	-5.772234e+00
1.260000e-01	-5.811343e+00
1.265000e-01	-5.849517e+00
1.270000e-01	-5.886506e+00
1.275000e-01	-5.922099e+00
1.280000e-01	-5.956123e+00
1.285000e-01	-5.988455e+00
1.290000e-01	-6.019013e+00
1.295000e-01	-6.047757e+00
1.300000e-01	-6.074682e+00
1.305000e-01	-6.099812e+00
1.310000e-01	-6.123192e+00
1.315000e-01	-6.144900e+00
1.320000e-01	-6.165045e+00
1.325000e-01	-6.183731e+00
1.330000e-01	-6.201012e+00
1.335000e-01	-6.216873e+00
1.340000e-01	-6.231229e+00
1.345000e-01	-6.243961e+00
1.350000e-01	-6.254966e+00
1.355000e-01	-6.264198e+00
1.360000e-01	-6.271696e+00
1.365000e-01	-6.277570e+00
1.370000e-01	-6.281965e+00
1.375000e-01	-6.285016e+00
1.380000e-01	-6.286802e+00
1.385000e-01	-6.287326e+00
1.390000e-01	-6.286534e+00
1.395000e-01	-6.284350e+00
1.400000e-01	-6.280720e+00
1.405000e-01	-6.275654e+00
1.410000e-01	-6.269263e+00
1.415000e-01	-6.261796e+00
1.420000e-01	-6.253468e+00
1.425000e-01	-6.244393e+00
1.430000e-01	-6.234635e+00
1.435000e-01	-6.224235e+00
1.440000e-01	-6.213246e+00
1.445000e-01	-6.201784e+00
1.450000e-01	-6.190035e+00
1.455000e-01	-6.178244e+00
1.460000e-01	-6.166673e+00
1.465000e-01	-6.155553e+00
1.470000e-01	-6.145055e+00
1.475000e-01	-6.135270e+00
1.480000e-01	-6.126236e+00
1.485000e-01	-6.117973e+00
1.490000e-01	-6.110523e+00
1.495000e-01	-6.103984e+00
1.500000e-01	-6.098511e+00
1.505000e-01	-6.094296e+00
1.510000e-01	-6.091534e+00
1.515000e-01	-6.090385e+00
1.520000e-01	-6.090956e+00
1.525000e-01	-6.093299e+00
1.530000e-01	-6.097432e+00
1.535000e-01	-6.103375e+00
1.540000e-01	-6.111173e+00
1.545000e-01	-6.120918e+00
1.550000e-01	-6.132740e+00
1.555000e-01	-6.146783e+00
1.560000e-01	-6.163174e+00
1.565000e-01	-6.181997e+00
1.570000e-01	-6.203284e+00
1.575000e-01	-6.227017e+00
1.580000e-01	-6.253150e+00
1.585000e-01	-6.281631e+00
1.590000e-01	-6.312425e+00
1.595000e-01	-6.345518e+00
1.600000e-01	-6.380912e+00
1.605000e-01	-6.418607e+00
1.610000e-01	-6.458575e+00
1.615000e-01	-6.500751e+00
1.620000e-01	-6.545017e+00
1.625000e-01	-6.591230e+00
1.630000e-01	-6.639210e+00
1.635000e-01	-6.688803e+00
1.640000e-01	-6.739835e+00
1.645000e-01	-6.792169e+00
1.650000e-01	-6.845666e+00
1.655000e-01	-6.900190e+00
1.660000e-01	-6.955559e+00
1.665000e-01	-7.011590e+00
1.670000e-01	-7.068063e+00
1.675000e-01	-7.124731e+00
1.680000e-01	-7.181341e+00
1.685000e-01	-7.237636e+00
1.690000e-01	-7.293373e+00
1.695000e-01	-7.348320e+00
1.700000e-01	-7.402253e+00
1.705000e-01	-7.454977e+00
1.710000e-01	-7.506375e+00
1.715000e-01	-7.556469e+00
1.720000e-01	-7.605382e+00
1.725000e-01	-7.653358e+00
1.730000e-01	-7.700529e+00
1.735000e-01	-7.746868e+00
1.740000e-01	-7.792129e+00
1.745000e-01	-7.835896e+00
1.750000e-01	-7.877631e+00
1.755000e-01	-7.916862e+00
1.760000e-01	-7.953316e+00
1.765000e-01	-7.986953e+00
1.770000e-01	-8.017904e+00
1.775000e-01	-8.046357e+00
1.780000e-01	-8.072434e+00
1.785000e-01	-8.096121e+00
1.790000e-01	-8.117268e+00
1.795000e-01	-8.135668e+00
1.800000e-01	-8.151170e+00
1.805000e-01	-8.163777e+00
1.810000e-01	-8.173689e+00
1.815000e-01	-8.181264e+00
1.820000e-01	-8.186922e+00
1.825000e-01	-8.191013e+00
1.830000e-01	-8.193697e+00
1.835000e-01	-8.194893e+00
1.840000e-01	-8.194330e+00
1.845000e-01	-8.191679e+00
1.850000e-01	-8.186707e+00
1.855000e-01	-8.179385e+00
1.860000e-01	-8.169917e+00
1.865000e-01	-8.158672e+00
1.870000e-01	-8.146054e+00
1.875000e-01	-8.132366e+00
1.880000e-01	-8.117731e+00
1.885000e-01	-8.102239e+00
1.890000e-01	-8.086126e+00
1.895000e-01	-8.069609e+00
1.900000e-01	-8.052892e+00
1.905000e-01	-8.036201e+00
1.910000e-01	-8.019802e+00
1.915000e-01	-8.004004e+00
1.920000e-01	-7.989140e+00
1.925000e-01	-7.975530e+00
1.930000e-01	-7.963449e+00
1.935000e-01	-7.953095e+00
1.940000e-01	-7.944594e+00
1.945000e-01	-7.938009e+00
1.950000e-01	-7.933380e+00
1.955000e-01	-7.930756e+00
1.960000e-01	-7.930221e+00
1.965000e-01	-7.931894e+00
1.970000e-01	-7.935919e+00
1.975000e-01	-7.942430e+00
1.980000e-01	-7.951522e+00
1.985000e-01	-7.963237e+00
1.990000e-01	-7.977558e+00
1.995000e-01	-7.994431e+00
2.000000e-01	-8.013793e+00
2.005000e-01	-8.035603e+00
2.010000e-01	-8.059860e+00
2.015000e-01	-8.086600e+00
2.020000e-01	-8.115872e+00
2.025000e-01	-8.147716e+00
2.030000e-01	-8.182123e+00
2.035000e-01	-8.219024e+00
2.040000e-01	-8.258290e+00
2.045000e-01	-8.299745e+00
2.050000e-01	-8.343203e+00
2.055000e-01	-8.388491e+00
2.060000e-01	-8.435464e+00
2.065000e-01	-8.484009e+00
2.070000e-01	-8.534019e+00
2.075000e-01	-8.585376e+00
2.080000e-01	-8.637919e+00
2.085000e-01	-8.691443e+00
2.090000e-01	-8.745695e+00
2.095000e-01	-8.800400e+00
2.100000e-01	-8.855290e+00
2.105000e-01	-8.910125e+00
2.110000e-01	-8.964706e+00
2.115000e-01	-9.018879e+00
2.120000e-01	-9.072505e+00
2.125000e-01	-9.125457e+00
2.130000e-01	-9.177572e+00
2.135000e-01	-9.228675e+00
2.140000e-01	-9.278544e+00
2.145000e-01	-9.326974e+00
2.150000e-01	-9.373746e+00
2.155000e-01	-9.418707e+00
2.160000e-01	-9.461726e+00
2.165000e-01	-9.502742e+00
2.170000e-01	-9.541721e+00
2.175000e-01	-9.578637e+00
2.180000e-01	-9.613422e+00
2.185000e-01	-9.645994e+00
2.190000e-01	-9.676244e+00
2.195000e-01	-9.704087e+00
2.200000e-01	-9.729466e+00
2.205000e-01	-9.752365e+00
2.210000e-01	-9.772825e+00
2.215000e-01	-9.790935e+00
2.220000e-01	-9.806817e+00
2.225000e-01	-9.820606e+00
2.230000e-01	-9.832430e+00
2.235000e-01	-9.842405e+00
2.240000e-01	-9.850636e+00
2.245000e-01	-9.857234e+00
2.250000e-01	-9.862328e+00
2.255000e-01	-9.866078e+00
2.260000e-01	-9.868680e+00
2.265000e-01	-9.870354e+00
2.270000e-01	-9.871328e+00
2.275000e-01	-9.871816e+00
2.280000e-01	-9.872005e+00
2.285000e-01	-9.872043e+00
2.290000e-01	-9.872053e+00
2.295000e-01	-9.872134e+00
2.300000e-01	-9.872383e+00
2.305000e-01	-9.872901e+00
2.310000e-01	-9.873798e+00
2.315000e-01	-9.875188e+00
2.320000e-01	-9.877172e+00
2.325000e-01	-9.879829e+00
2.330000e-01	-9.883206e+00
2.335000e-01	-9.887316e+00
2.340000e-01	-9.892143e+00
2.345000e-01	-9.897659e+00
2.350000e-01	-9.903839e+00
2.355000e-01	-9.910668e+00
2.360000e-01	-9.918150e+00
2.365000e-01	-9.926298e+00
2.370000e-01	-9.935126e+00
2.375000e-01	-9.944642e+00
2.380000e-01	-9.954838e+00
2.385000e-01	-9.965687e+00
2.390000e-01	-9.977153e+00
2.395000e-01	-9.989200e+00
2.400000e-01	-1.000180e+01
2.405000e-01	-1.001495e+01
2.410000e-01	-1.002867e+01
2.415000e-01	-1.004299e+01
2.420000e-01	-1.005795e+01
2.425000e-01	-1.007361e+01
2.430000e-01	-1.009000e+01
2.435000e-01	-1.010716e+01
2.440000e-01	-1.012513e+01
2.445000e-01	-1.014393e+01
2.450000e-01	-1.016361e+01
2.455000e-01	-1.018425e+01
2.460000e-01	-1.020593e+01
2.465000e-01	-1.022875e+01
2.470000e-01	-1.025283e+01
2.475000e-01	-1.027825e+01
2.480000e-01	-1.030509e+01
2.485000e-01	-1.033344e+01
2.490000e-01	-1.036333e+01
2.495000e-01	-1.039479e+01
2.500000e-01	-1.042783e+01
2.505000e-01	-1.046246e+01
2.510000e-01	-1.049866e+01
2.515000e-01	-1.053641e+01
2.520000e-01	-1.057564e+01
2.525000e-01	-1.061629e+01
2.530000e-01	-1.065823e+01
2.535000e-01	-1.070130e+01
2.540000e-01	-1.074532e+01
2.545000e-01	-1.079008e+01
2.550000e-01	-1.083536e+01
2.555000e-01	-1.088094e+01
2.560000e-01	-1.092659e+01
2.565000e-01	-1.097208e+01
2.570000e-01	-1.101717e+01
2.575000e-01	-1.106158e+01
2.580000e-01	-1.110507e+01
2.585000e-01	-1.114736e+01
2.590000e-01	-1.118820e+01
2.595000e-01	-1.122736e+01
2.600000e-01	-1.126463e+01
2.605000e-01	-1.129984e+01
2.610000e-01	-1.133284e+01
2.615000e-01	-1.136350e+01
2.620000e-01	-1.139169e+01
2.625000e-01	-1.141730e+01
2.630000e-01	-1.144022e+01
2.635000e-01	-1.146038e+01
2.640000e-01	-1.147775e+01
2.645000e-01	-1.149232e+01
2.650000e-01	-1.150416e+01
2.655000e-01	-1.151335e+01
2.660000e-01	-1.152001e+01
2.665000e-01	-1.152426e+01
2.670000e-01	-1.152625e+01
2.675000e-01	-1.152611e+01
2.680000e-01	-1.152398e+01
2.685000e-01	-1.152004e+01
2.690000e-01	-1.151447e+01
2.695000e-01	-1.150751e+01
2.700000e-01	-1.149940e+01
2.705000e-01	-1.149041e+01
2.710000e-01	-1.148079e+01
2.715000e-01	-1.147081e+01
2.720000e-01	-1.146069e+01
2.725000e-01	-1.145065e+01
2.730000e-01	-1.144088e+01
2.735000e-01	-1.143160e+01
2.740000e-01	-1.142302e+01
2.745000e-01	-1.141536e+01
2.750000e-01	-1.140887e+01
2.755000e-01	-1.140376e+01
2.760000e-01	-1.140027e+01
2.765000e-01	-1.139856e+01
2.770000e-01	-1.139879e+01
2.775000e-01	-1.140107e+01
2.780000e-01	-1.140548e+01
2.785000e-01	-1.141213e+01
2.790000e-01	-1.142107e+01
2.795000e-01	-1.143240e+01
2.800000e-01	-1.144617e+01
2.805000e-01	-1.146245e+01
2.810000e-01	-1.148124e+01
2.815000e-01	-1.150254e+01
2.820000e-01	-1.152627e+01
2.825000e-01	-1.155236e+01
2.830000e-01	-1.158070e+01
2.835000e-01	-1.161117e+01
2.840000e-01	-1.164367e+01
2.845000e-01	-1.167809e+01
2.850000e-01	-1.171435e+01
2.855000e-01	-1.175233e+01
2.860000e-01	-1.179192e+01
2.865000e-01	-1.183297e+01
2.870000e-01	-1.187532e+01
2.875000e-01	-1.191879e+01
2.880000e-01	-1.196320e+01
2.885000e-01	-1.200838e+01
2.890000e-01	-1.205417e+01
2.895000e-01	-1.210042e+01
2.900000e-01	-1.214701e+01
2.905000e-01	-1.219380e+01
2.910000e-01	-1.224064e+01
2.915000e-01	-1.228738e+01
2.920000e-01	-1.233385e+01
2.925000e-01	-1.237987e+01
2.930000e-01	-1.242526e+01
2.935000e-01	-1.246987e+01
2.940000e-01	-1.251354e+01
2.945000e-01	-1.255615e+01
2.950000e-01	-1.259759e+01
2.955000e-01	-1.263777e+01
2.960000e-01	-1.267659e+01
2.965000e-01	-1.271394e+01
2.970000e-01	-1.274973e+01
2.975000e-01	-1.278385e+01
2.980000e-01	-1.281623e+01
2.985000e-01	-1.284679e+01
2.990000e-01	-1.287548e+01
2.995000e-01	-1.290230e+01
3.000000e-01	-1.292724e+01
3.005000e-01	-1.295034e+01
3.010000e-01	-1.297162e+01
3.015000e-01	-1.299112e+01
3.020000e-01	-1.300886e+01
3.025000e-01	-1.302486e+01
3.030000e-01	-1.303916e+01
3.035000e-01	-1.305180e+01
3.040000e-01	-1.306284e+01
3.045000e-01	-1.307237e+01
3.050000e-01	-1.308048e+01
3.055000e-01	-1.308729e+01
3.060000e-01	-1.309289e+01
3.065000e-01	-1.309739e+01
3.070000e-01	-1.310088e+01
3.075000e-01	-1.310344e+01
3.080000e-01	-1.310516e+01
3.085000e-01	-1.310612e+01
3.090000e-01	-1.310641e+01
3.095000e-01	-1.310616e+01
3.100000e-01	-1.310548e+01
3.105000e-01	-1.310451e+01
3.110000e-01	-1.310337e+01
3.115000e-01	-1.310217e+01
3.120000e-01	-1.310103e+01
3.125000e-01	-1.310002e+01
3.130000e-01	-1.309923e+01
3.135000e-01	-1.309871e+01
3.140000e-01	-1.309856e+01
3.145000e-01	-1.309886e+01
3.150000e-01	-1.309972e+01
3.155000e-01	-1.310122e+01
3.160000e-01	-1.310346e+01
3.165000e-01	-1.310651e+01
3.170000e-01	-1.311043e+01
3.175000e-01	-1.311524e+01
3.180000e-01	-1.312099e+01
3.185000e-01	-1.312771e+01
3.190000e-01	-1.313545e+01
3.195000e-01	-1.314428e+01
3.200000e-01	-1.315427e+01
3.205000e-01	-1.316551e+01
3.210000e-01	-1.317807e+01
3.215000e-01	-1.319205e+01
3.220000e-01	-1.320751e+01
3.225000e-01	-1.322452e+01
3.230000e-01	-1.324315e+01
3.235000e-01	-1.326345e+01
3.240000e-01	-1.328548e+01
3.245000e-01	-1.330930e+01
3.250000e-01	-1.333494e+01
3.255000e-01	-1.336246e+01
3.260000e-01	-1.339186e+01
3.265000e-01	-1.342315e+01
3.270000e-01	-1.345629e+01
3.275000e-01	-1.349123e+01
3.280000e-01	-1.352792e+01
3.285000e-01	-1.356625e+01
3.290000e-01	-1.360611e+01
3.295000e-01	-1.364738e+01
3.300000e-01	-1.368990e+01
3.305000e-01	-1.373349e+01
3.310000e-01	-1.377794e+01
3.315000e-01	-1.382304e+01
3.320000e-01	-1.386855e+01
3.325000e-01	-1.391421e+01
3.330000e-01	-1.395976e+01
3.335000e-01	-1.400493e+01
3.340000e-01	-1.404946e+01
3.345000e-01	-1.409307e+01
3.350000e-01	-1.413552e+01
3.355000e-01	-1.417657e+01
3.360000e-01	-1.421597e+01
3.365000e-01	-1.425351e+01
3.370000e-01	-1.428901e+01
3.375000e-01	-1.432226e+01
3.380000e-01	-1.435309e+01
3.385000e-01	-1.438135e+01
3.390000e-01	-1.440692e+01
3.395000e-01	-1.442970e+01
3.400000e-01	-1.444961e+01
3.405000e-01	-1.446663e+01
3.410000e-01	-1.448073e+01
3.415000e-01	-1.449193e+01
3.420000e-01	-1.450030e+01
3.425000e-01	-1.450590e+01
3.430000e-01	-1.450881e+01
3.435000e-01	-1.450916e+01
3.440000e-01	-1.450709e+01
3.445000e-01	-1.450276e+01
3.450000e-01	-1.449638e+01
3.455000e-01	-1.448818e+01
3.460000e-01	-1.447843e+01
3.465000e-01	-1.446741e+01
3.470000e-01	-1.445541e+01
3.475000e-01	-1.444274e+01
3.480000e-01	-1.442970e+01
3.485000e-01	-1.441659e+01
3.490000e-01	-1.440372e+01
3.495000e-01	-1.439138e+01
3.500000e-01	-1.437990e+01
3.505000e-01	-1.436958e+01
3.510000e-01	-1.436073e+01
3.515000e-01	-1.435365e+01
3.520000e-01	-1.434862e+01
3.525000e-01	-1.434585e+01
3.530000e-01	-1.434556e+01
3.535000e-01	-1.434791e+01
3.540000e-01	-1.435304e+01
3.545000e-01	-1.436104e+01
3.550000e-01	-1.437202e+01
3.555000e-01	-1.438604e+01
3.560000e-01	-1.440313e+01
3.565000e-01	-1.442331e+01
3.570000e-01	-1.444655e+01
3.575000e-01	-1.447277e+01
3.580000e-01	-1.450186e+01
3.585000e-01	-1.453369e+01
3.590000e-01	-1.456807e+01
3.595000e-01	-1.460484e+01
3.600000e-01	-1.464380e+01
3.605000e-01	-1.468475e+01
3.610000e-01	-1.472741e+01
3.615000e-01	-1.477144e+01
3.620000e-01	-1.481647e+01
3.625000e-01	-1.486218e+01
3.630000e-01	-1.490825e+01
3.635000e-01	-1.495438e+01
3.640000e-01	-1.500034e+01
3.645000e-01	-1.504592e+01
3.650000e-01	-1.509099e+01
3.655000e-01	-1.513541e+01
3.660000e-01	-1.517912e+01
3.665000e-01	-1.522203e+01
3.670000e-01	-1.526409e+01
3.675000e-01	-1.530524e+01
3.680000e-01	-1.534541e+01
3.685000e-01	-1.538448e+01
3.690000e-01	-1.542225e+01
3.695000e-01	-1.545852e+01
3.700000e-01	-1.549309e+01
3.705000e-01	-1.552583e+01
3.710000e-01	-1.555667e+01
3.715000e-01	-1.558561e+01
3.720000e-01	-1.561273e+01
3.725000e-01	-1.563810e+01
3.730000e-01	-1.566180e+01
3.735000e-01	-1.568386e+01
3.740000e-01	-1.570424e+01
3.745000e-01	-1.572293e+01
3.750000e-01	-1.573989e+01
3.755000e-01	-1.575514e+01
3.760000e-01	-1.576873e+01
3.765000e-01	-1.578081e+01
3.770000e-01	-1.579152e+01
3.775000e-01	-1.580101e+01
3.780000e-01	-1.580943e+01
3.785000e-01	-1.581687e+01
3.790000e-01	-1.582337e+01
3.795000e-01	-1.582896e+01
3.800000e-01	-1.583368e+01
3.805000e-01	-1.583759e+01
3.810000e-01	-1.584081e+01
3.815000e-01	-1.584347e+01
3.820000e-01	-1.584574e+01
3.825000e-01	-1.584781e+01
3.830000e-01	-1.584982e+01
3.835000e-01	-1.585189e+01
3.840000e-01	-1.585408e+01
3.845000e-01	-1.585645e+01
3.850000e-01	-1.585908e+01
3.855000e-01	-1.586201e+01
3.860000e-01	-1.586537e+01
3.865000e-01	-1.586928e+01
3.870000e-01	-1.587387e+01
3.875000e-01	-1.587927e+01
3.880000e-01	-1.588560e+01
3.885000e-01	-1.589291e+01
3.890000e-01	-1.590124e+01
3.895000e-01	-1.591059e+01
3.900000e-01	-1.592096e+01
3.905000e-01	-1.593236e+01
3.910000e-01	-1.594481e+01
3.915000e-01	-1.595837e+01
3.920000e-01	-1.597309e+01
3.925000e-01	-1.598904e+01
3.930000e-01	-1.600625e+01
3.935000e-01	-1.602476e+01
3.940000e-01	-1.604452e+01
3.945000e-01	-1.606551e+01
3.950000e-01	-1.608766e+01
3.955000e-01	-1.611094e+01
3.960000e-01	-1.613533e+01
3.965000e-01	-1.616086e+01
3.970000e-01	-1.618754e+01
3.975000e-01	-1.621541e+01
3.980000e-01	-1.624447e+01
3.985000e-01	-1.627470e+01
3.990000e-01	-1.630603e+01
3.995000e-01	-1.633838e+01
4.000000e-01	-1.637164e+01
4.005000e-01	-1.640573e+01
4.010000e-01	-1.644055e+01
4.015000e-01	-1.647604e+01
4.020000e-01	-1.651212e+01
4.025000e-01	-1.654871e+01
4.030000e-01	-1.658571e+01
4.035000e-01	-1.662297e+01
4.040000e-01	-1.666031e+01
4.045000e-01	-1.669752e+01
4.050000e-01	-1.673441e+01
4.055000e-01	-1.677078e+01
4.060000e-01	-1.680645e+01
4.065000e-01	-1.684128e+01
4.070000e-01	-1.687512e+01
4.075000e-01	-1.690786e+01
4.080000e-01	-1.693936e+01
4.085000e-01	-1.696947e+01
4.090000e-01	-1.699803e+01
4.095000e-01	-1.702490e+01
4.100000e-01	-1.704993e+01
4.105000e-01	-1.707302e+01
4.110000e-01	-1.709410e+01
4.115000e-01	-1.711315e+01
4.120000e-01	-1.713016e+01
4.125000e-01	-1.714515e+01
4.130000e-01	-1.715815e+01
4.135000e-01	-1.716919e+01
4.140000e-01	-1.717827e+01
4.145000e-01	-1.718542e+01
4.150000e-01	-1.719070e+01
4.155000e-01	-1.719417e+01
4.160000e-01	-1.719595e+01
4.165000e-01	-1.719619e+01
4.170000e-01	-1.719506e+01
4.175000e-01	-1.719275e+01
4.180000e-01	-1.718945e+01
4.185000e-01	-1.718534e+01
4.190000e-01	-1.718062e+01
4.195000e-01	-1.717548e+01
4.200000e-01	-1.717011e+01
4.205000e-01	-1.716475e+01
4.210000e-01	-1.715963e+01
4.215000e-01	-1.715503e+01
4.220000e-01	-1.715122e+01
4.225000e-01	-1.714846e+01
4.230000e-01	-1.714699e+01
4.235000e-01	-1.714705e+01
4.240000e-01	-1.714881e+01
4.245000e-01	-1.715245e+01
4.250000e-01	-1.715812e+01
4.255000e-01	-1.716595e+01
4.260000e-01	-1.717607e+01
4.265000e-01	-1.718861e+01
4.270000e-01	-1.720366e+01
4.275000e-01	-1.722128e+01
4.280000e-01	-1.724149e+01
4.285000e-01	-1.726425e+01
4.290000e-01	-1.728951e+01
4.295000e-01	-1.731716e+01
4.300000e-01	-1.734705e+01
4.305000e-01	-1.737906e+01
4.310000e-01	-1.741303e+01
4.315000e-01	-1.744880e+01
4.320000e-01	-1.748620e+01
4.325000e-01	-1.752504e+01
4.330000e-01	-1.756511e+01
4.335000e-01	-1.760619e+01
4.340000e-01	-1.764802e+01
4.345000e-01	-1.769034e+01
4.350000e-01	-1.773291e+01
4.355000e-01	-1.777548e+01
4.360000e-01	-1.781784e+01
4.365000e-01	-1.785978e+01
4.370000e-01	-1.790111e+01
4.375000e-01	-1.794166e+01
4.380000e-01	-1.798124e+01
4.385000e-01	-1.801969e+01
4.390000e-01	-1.805683e+01
4.395000e-01	-1.809248e+01
4.400000e-01	-1.812652e+01
4.405000e-01	-1.815882e+01
4.410000e-01	-1.818930e+01
4.415000e-01	-1.821790e+01
4.420000e-01	-1.824458e+01
4.425000e-01	-1.826933e+01
4.430000e-01	-1.829213e+01
4.435000e-01	-1.831298e+01
4.440000e-01	-1.833188e+01
4.445000e-01	-1.834886e+01
4.450000e-01	-1.836395e+01
4.455000e-01	-1.837722e+01
4.460000e-01	-1.838877e+01
4.465000e-01	-1.839870e+01
4.470000e-01	-1.840715e+01
4.475000e-01	-1.841428e+01
4.480000e-01	-1.842023e+01
4.485000e-01	-1.842516e+01
4.490000e-01	-1.842920e+01
4.495000e-01	-1.843252e+01
4.500000e-01	-1.843524e+01
4.505000e-01	-1.843753e+01
4.510000e-01	-1.843954e+01
4.515000e-01	-1.844144e+01
4.520000e-01	-1.844337e+01
4.525000e-01	-1.844550e+01
4.530000e-01	-1.844795e+01
4.535000e-01	-1.845082e+01
4.540000e-01	-1.845422e+01
4.545000e-01	-1.845822e+01
4.550000e-01	-1.846288e+01
4.555000e-01	-1.846826e+01
4.560000e-01	-1.847442e+01
4.565000e-01	-1.848140e+01
4.570000e-01	-1.848925e+01
4.575000e-01	-1.849802e+01
4.580000e-01	-1.850773e+01
4.585000e-01	-1.851841e+01
4.590000e-01	-1.853007e+01
4.595000e-01	-1.854271e+01
4.600000e-01	-1.855633e+01
4.605000e-01	-1.857096e+01
4.610000e-01	-1.858660e+01
4.615000e-01	-1.860328e+01
4.620000e-01	-1.862102e+01
4.625000e-01	-1.863985e+01
4.630000e-01	-1.865979e+01
4.635000e-01	-1.868086e+01
4.640000e-01	-1.870305e+01
4.645000e-01	-1.872637e+01
4.650000e-01	-1.875082e+01
4.655000e-01	-1.877637e+01
4.660000e-01	-1.880303e+01
4.665000e-01	-1.883076e+01
4.670000e-01	-1.885953e+01
4.675000e-01	-1.888932e+01
4.680000e-01	-1.892007e+01
4.685000e-01	-1.895173e+01
4.690000e-01	-1.898421e+01
4.695000e-01	-1.901743e+01
4.700000e-01	-1.905129e+01
4.705000e-01	-1.908569e+01
4.710000e-01	-1.912050e+01
4.715000e-01	-1.915560e+01
4.720000e-01	-1.919085e+01
4.725000e-01	-1.922610e+01
4.730000e-01	-1.926120e+01
4.735000e-01	-1.929600e+01
4.740000e-01	-1.933034e+01
4.745000e-01	-1.936408e+01
4.750000e-01	-1.939706e+01
4.755000e-01	-1.942912e+01
4.760000e-01	-1.946011e+01
4.765000e-01	-1.948987e+01
4.770000e-01	-1.951825e+01
4.775000e-01	-1.954512e+01
4.780000e-01	-1.957035e+01
4.785000e-01	-1.959382e+01
4.790000e-01	-1.961544e+01
4.795000e-01	-1.963512e+01
4.800000e-01	-1.965280e+01
4.805000e-01	-1.966842e+01
4.810000e-01	-1.968194e+01
4.815000e-01	-1.969335e+01
4.820000e-01	-1.970266e+01
4.825000e-01	-1.970988e+01
4.830000e-01	-1.971510e+01
4.835000e-01	-1.971839e+01
4.840000e-01	-1.971987e+01
4.845000e-01	-1.971967e+01
4.850000e-01	-1.971796e+01
4.855000e-01	-1.971490e+01
4.860000e-01	-1.971069e+01
4.865000e-01	-1.970554e+01
4.870000e-01	-1.969966e+01
4.875000e-01	-1.969331e+01
4.880000e-01	-1.968674e+01
4.885000e-01	-1.968022e+01
4.890000e-01	-1.967402e+01
4.895000e-01	-1.966840e+01
4.900000e-01	-1.966362e+01
4.905000e-01	-1.965994e+01
4.910000e-01	-1.965758e+01
4.915000e-01	-1.965678e+01
4.920000e-01	-1.965774e+01
4.925000e-01	-1.966066e+01
4.930000e-01	-1.966571e+01
4.935000e-01	-1.967304e+01
4.940000e-01	-1.968277e+01
4.945000e-01	-1.969498e+01
4.950000e-01	-1.970972e+01
4.955000e-01	-1.972702e+01
4.960000e-01	-1.974684e+01
4.965000e-01	-1.976917e+01
4.970000e-01	-1.979394e+01
4.975000e-01	-1.982107e+01
4.980000e-01	-1.985047e+01
4.985000e-01	-1.988202e+01
4.990000e-01	-1.991558e+01
4.995000e-01	-1.995100e+01
5.000000e-01	-1.998810e+01
5.005000e-01	-2.002666e+01
5.010000e-01	-2.006648e+01
5.015000e-01	-2.010733e+01
5.020000e-01	-2.014897e+01
5.025000e-01	-2.019115e+01
5.030000e-01	-2.023363e+01
5.035000e-01	-2.027614e+01
5.040000e-01	-2.031841e+01
5.045000e-01	-2.036018e+01
5.050000e-01	-2.040121e+01
5.055000e-01	-2.044126e+01
5.060000e-01	-2.048012e+01
5.065000e-01	-2.051761e+01
5.070000e-01	-2.055354e+01
5.075000e-01	-2.058776e+01
5.080000e-01	-2.062015e+01
5.085000e-01	-2.065058e+01
5.090000e-01	-2.067894e+01
5.095000e-01	-2.070517e+01
5.100000e-01	-2.072920e+01
5.105000e-01	-2.075103e+01
5.110000e-01	-2.077066e+01
5.115000e-01	-2.078813e+01
5.120000e-01	-2.080350e+01
5.125000e-01	-2.081686e+01
5.130000e-01	-2.082828e+01
5.135000e-01	-2.083786e+01
5.140000e-01	-2.084572e+01
5.145000e-01	-2.085196e+01
5.150000e-01	-2.085672e+01
5.155000e-01	-2.086015e+01
5.160000e-01	-2.086240e+01
5.165000e-01	-2.086365e+01
5.170000e-01	-2.086407e+01
5.175000e-01	-2.086384e+01
5.180000e-01	-2.086312e+01
5.185000e-01	-2.086207e+01
5.190000e-01	-2.086084e+01
5.195000e-01	-2.085958e+01
5.200000e-01	-2.085845e+01
5.205000e-01	-2.085761e+01
5.210000e-01	-2.085723e+01
5.215000e-01	-2.085748e+01
5.220000e-01	-2.085851e+01
5.225000e-01	-2.086051e+01
5.230000e-01	-2.086360e+01
5.235000e-01	-2.086792e+01
5.240000e-01	-2.087357e+01
5.245000e-01	-2.088063e+01
5.250000e-01	-2.088917e+01
5.255000e-01	-2.089923e+01
5.260000e-01	-2.091087e+01
5.265000e-01	-2.092412e+01
5.270000e-01	-2.093902e+01
5.275000e-01	-2.095561e+01
5.280000e-01	-2.097387e+01
5.285000e-01	-2.099378e+01
5.290000e-01	-2.101530e+01
5.295000e-01	-2.103836e+01
5.300000e-01	-2.106288e+01
5.305000e-01	-2.108877e+01
5.310000e-01	-2.111597e+01
5.315000e-01	-2.114439e+01
5.320000e-01	-2.117396e+01
5.325000e-01	-2.120459e+01
5.330000e-01	-2.123621e+01
5.335000e-01	-2.126869e+01
5.340000e-01	-2.130191e+01
5.345000e-01	-2.133573e+01
5.350000e-01	-2.137002e+01
5.355000e-01	-2.140465e+01
5.360000e-01	-2.143950e+01
5.365000e-01	-2.147443e+01
5.370000e-01	-2.150935e+01
5.375000e-01	-2.154411e+01
5.380000e-01	-2.157859e+01
5.385000e-01	-2.161262e+01
5.390000e-01	-2.164606e+01
5.395000e-01	-2.167873e+01
5.400000e-01	-2.171048e+01
5.405000e-01	-2.174116e+01
5.410000e-01	-2.177062e+01
5.415000e-01	-2.179876e+01
5.420000e-01	-2.182546e+01
5.425000e-01	-2.185062e+01
5.430000e-01	-2.187414e+01
5.435000e-01	-2.189592e+01
5.440000e-01	-2.191588e+01
5.445000e-01	-2.193392e+01
5.450000e-01	-2.195000e+01
5.455000e-01	-2.196407e+01
5.460000e-01	-2.197613e+01
5.465000e-01	-2.198621e+01
5.470000e-01	-2.199438e+01
5.475000e-01	-2.200074e+01
5.480000e-01	-2.200541e+01
5.485000e-01	-2.200852e+01
5.490000e-01	-2.201020e+01
5.495000e-01	-2.201060e+01
5.500000e-01	-2.200983e+01
5.505000e-01	-2.200806e+01
5.510000e-01	-2.200545e+01
5.515000e-01	-2.200220e+01
5.520000e-01	-2.199854e+01
5.525000e-01	-2.199472e+01
5.530000e-01	-2.199099e+01
5.535000e-01	-2.198761e+01
5.540000e-01	-2.198481e+01
5.545000e-01	-2.198281e+01
5.550000e-01	-2.198182e+01
5.555000e-01	-2.198201e+01
5.560000e-01	-2.198359e+01
5.565000e-01	-2.198673e+01
5.570000e-01	-2.199164e+01
5.575000e-01	-2.199847e+01
5.580000e-01	-2.200739e+01
5.585000e-01	-2.201851e+01
5.590000e-01	-2.203193e+01
5.595000e-01	-2.204771e+01
5.600000e-01	-2.206589e+01
5.605000e-01	-2.208648e+01
5.610000e-01	-2.210947e+01
5.615000e-01	-2.213482e+01
5.620000e-01	-2.216248e+01
5.625000e-01	-2.219232e+01
5.630000e-01	-2.222423e+01
5.635000e-01	-2.225804e+01
5.640000e-01	-2.229355e+01
5.645000e-01	-2.233054e+01
5.650000e-01	-2.236877e+01
5.655000e-01	-2.240800e+01
5.660000e-01	-2.244798e+01
5.665000e-01	-2.248845e+01
5.670000e-01	-2.252912e+01
5.675000e-01	-2.256970e+01
5.680000e-01	-2.260990e+01
5.685000e-01	-2.264944e+01
5.690000e-01	-2.268808e+01
5.695000e-01	-2.272561e+01
5.700000e-01	-2.276183e+01
5.705000e-01	-2.279657e+01
5.707496e-01	-2.281330e+01
5.708895e-01	-2.282250e+01
5.710000e-01	-2.282966e+01
5.711412e-01	-2.283868e+01
5.712924e-01	-2.284818e+01
5.714291e-01	-2.285661e+01
5.715000e-01	-2.286093e+01
5.720000e-01	-2.289022e+01
5.721454e-01	-2.289835e+01
5.722982e-01	-2.290669e+01
5.724502e-01	-2.291478e+01
5.725000e-01	-2.291739e+01
5.726761e-01	-2.292642e+01
5.730000e-01	-2.294230e+01
5.735000e-01	-2.296487e+01
5.740000e-01	-2.298508e+01
5.745000e-01	-2.300293e+01
5.746977e-01	-2.300934e+01
5.750000e-01	-2.301843e+01
5.755000e-01	-2.303164e+01
5.760000e-01	-2.304261e+01
5.765000e-01	-2.305139e+01
5.770000e-01	-2.305804e+01
5.775000e-01	-2.306264e+01
5.780000e-01	-2.306530e+01
5.785000e-01	-2.306616e+01
5.790000e-01	-2.306541e+01
5.795000e-01	-2.306325e+01
5.800000e-01	-2.305992e+01
5.805000e-01	-2.305564e+01
5.810000e-01	-2.305066e+01
5.815000e-01	-2.304520e+01
5.820000e-01	-2.303948e+01
5.825000e-01	-2.303375e+01
5.830000e-01	-2.302821e+01
5.833807e-01	-2.302429e+01
5.835000e-01	-2.302313e+01
5.836293e-01	-2.302192e+01
5.837640e-01	-2.302071e+01
5.838972e-01	-2.301957e+01
5.840000e-01	-2.301874e+01
5.841262e-01	-2.301777e+01
5.845000e-01	-2.301527e+01
5.850000e-01	-2.301295e+01
5.855000e-01	-2.301198e+01
5.860000e-01	-2.301252e+01
5.865000e-01	-2.301473e+01
5.870000e-01	-2.301871e+01
5.875000e-01	-2.302456e+01
5.880000e-01	-2.303236e+01
5.885000e-01	-2.304215e+01
5.890000e-01	-2.305399e+01
5.895000e-01	-2.306788e+01
5.900000e-01	-2.308384e+01
5.904445e-01	-2.309974e+01
5.905000e-01	-2.310183e+01
5.906290e-01	-2.310680e+01
5.907622e-01	-2.311208e+01
5.909434e-01	-2.311947e+01
5.910000e-01	-2.312184e+01
5.911417e-01	-2.312786e+01
5.915000e-01	-2.314379e+01
5.920000e-01	-2.316762e+01
5.925000e-01	-2.319327e+01
5.930000e-01	-2.322063e+01
5.935000e-01	-2.324964e+01
5.940000e-01	-2.328022e+01
5.945000e-01	-2.331228e+01
5.950000e-01	-2.334572e+01
5.955000e-01	-2.338043e+01
5.960000e-01	-2.341628e+01
5.965000e-01	-2.345310e+01
5.970000e-01	-2.349071e+01
5.975000e-01	-2.352891e+01
5.980000e-01	-2.356749e+01
5.985000e-01	-2.360623e+01
5.990000e-01	-2.364491e+01
5.995000e-01	-2.368330e+01
6.000000e-01	-2.372117e+01


