"     ankle"

"Time      "	".JOINT_15.Ax_Ay_Az_Projection_Angles.Z"
0.000000e+00	0.000000e+00
5.000000e-04	-3.047242e-07
1.000000e-03	-2.954479e-06
1.500000e-03	-1.270480e-05
2.000000e-03	-3.855256e-05
2.500000e-03	-9.494428e-05
3.000000e-03	-2.019104e-04
3.500000e-03	-3.840602e-04
4.000000e-03	-6.689000e-04
4.500000e-03	-1.085256e-03
5.000000e-03	-1.662419e-03
5.500000e-03	-2.430230e-03
6.000000e-03	-3.419486e-03
6.500000e-03	-4.661883e-03
7.000000e-03	-6.188671e-03
7.500000e-03	-8.027020e-03
8.000000e-03	-1.018961e-02
8.500000e-03	-1.265710e-02
9.000000e-03	-1.537122e-02
9.500000e-03	-1.824598e-02
1.000000e-02	-2.119235e-02
1.050000e-02	-2.414566e-02
1.100000e-02	-2.708407e-02
1.150000e-02	-3.002992e-02
1.200000e-02	-3.303381e-02
1.250000e-02	-3.614865e-02
1.300000e-02	-3.940394e-02
1.350000e-02	-4.279244e-02
1.400000e-02	-4.627437e-02
1.450000e-02	-4.979727e-02
1.500000e-02	-5.332260e-02
1.550000e-02	-5.684771e-02
1.600000e-02	-6.041286e-02
1.650000e-02	-6.405581e-02
1.700000e-02	-6.777428e-02
1.750000e-02	-7.156402e-02
1.800000e-02	-7.541881e-02
1.850000e-02	-7.932858e-02
1.900000e-02	-8.328007e-02
1.950000e-02	-8.726016e-02
2.000000e-02	-9.126096e-02
2.050000e-02	-9.528477e-02
2.100000e-02	-9.934702e-02
2.150000e-02	-1.034757e-01
2.200000e-02	-1.077078e-01
2.250000e-02	-1.120831e-01
2.300000e-02	-1.166386e-01
2.350000e-02	-1.214041e-01
2.400000e-02	-1.264022e-01
2.450000e-02	-1.316502e-01
2.500000e-02	-1.371640e-01
2.550000e-02	-1.429541e-01
2.600000e-02	-1.490149e-01
2.650000e-02	-1.553176e-01
2.700000e-02	-1.618157e-01
2.750000e-02	-1.684583e-01
2.800000e-02	-1.752062e-01
2.850000e-02	-1.820438e-01
2.900000e-02	-1.889829e-01
2.950000e-02	-1.960544e-01
3.000000e-02	-2.032972e-01
3.050000e-02	-2.107457e-01
3.100000e-02	-2.184229e-01
3.150000e-02	-2.263403e-01
3.200000e-02	-2.345060e-01
3.250000e-02	-2.429341e-01
3.300000e-02	-2.516518e-01
3.350000e-02	-2.607041e-01
3.400000e-02	-2.701445e-01
3.450000e-02	-2.800324e-01
3.500000e-02	-2.904153e-01
3.550000e-02	-3.013298e-01
3.600000e-02	-3.127949e-01
3.650000e-02	-3.248221e-01
3.700000e-02	-3.374183e-01
3.750000e-02	-3.505963e-01
3.800000e-02	-3.643742e-01
3.850000e-02	-3.787763e-01
3.900000e-02	-3.938237e-01
3.950000e-02	-4.095306e-01
4.000000e-02	-4.258971e-01
4.050000e-02	-4.429137e-01
4.100000e-02	-4.605638e-01
4.150000e-02	-4.788286e-01
4.200000e-02	-4.976926e-01
4.250000e-02	-5.171448e-01
4.300000e-02	-5.371782e-01
4.350000e-02	-5.577849e-01
4.400000e-02	-5.789510e-01
4.450000e-02	-6.006562e-01
4.500000e-02	-6.228611e-01
4.550000e-02	-6.455181e-01
4.600000e-02	-6.685761e-01
4.650000e-02	-6.919875e-01
4.700000e-02	-7.157125e-01
4.750000e-02	-7.397168e-01
4.800000e-02	-7.639671e-01
4.850000e-02	-7.884240e-01
4.900000e-02	-8.130381e-01
4.950000e-02	-8.377493e-01
5.000000e-02	-8.624924e-01
5.050000e-02	-8.872056e-01
5.100000e-02	-9.118392e-01
5.150000e-02	-9.363600e-01
5.200000e-02	-9.607508e-01
5.250000e-02	-9.850047e-01
5.300000e-02	-1.009118e+00
5.350000e-02	-1.033084e+00
5.400000e-02	-1.056888e+00
5.450000e-02	-1.080516e+00
5.500000e-02	-1.103957e+00
5.550000e-02	-1.127213e+00
5.600000e-02	-1.150302e+00
5.650000e-02	-1.173258e+00
5.700000e-02	-1.196125e+00
5.750000e-02	-1.218946e+00
5.800000e-02	-1.241755e+00
5.850000e-02	-1.264571e+00
5.900000e-02	-1.287401e+00
5.950000e-02	-1.310243e+00
6.000000e-02	-1.333095e+00
6.050000e-02	-1.355922e+00
6.100000e-02	-1.378629e+00
6.150000e-02	-1.401115e+00
6.200000e-02	-1.423269e+00
6.250000e-02	-1.444967e+00
6.300000e-02	-1.466067e+00
6.350000e-02	-1.486416e+00
6.400000e-02	-1.505859e+00
6.450000e-02	-1.524249e+00
6.500000e-02	-1.541456e+00
6.550000e-02	-1.557372e+00
6.600000e-02	-1.571907e+00
6.650000e-02	-1.584984e+00
6.700000e-02	-1.596532e+00
6.750000e-02	-1.606496e+00
6.800000e-02	-1.614858e+00
6.850000e-02	-1.621647e+00
6.900000e-02	-1.626942e+00
6.950000e-02	-1.630855e+00
7.000000e-02	-1.633504e+00
7.050000e-02	-1.634991e+00
7.100000e-02	-1.635388e+00
7.150000e-02	-1.634740e+00
7.200000e-02	-1.633077e+00
7.250000e-02	-1.630435e+00
7.300000e-02	-1.626879e+00
7.350000e-02	-1.622507e+00
7.400000e-02	-1.617441e+00
7.450000e-02	-1.611815e+00
7.500000e-02	-1.605745e+00
7.550000e-02	-1.599312e+00
7.600000e-02	-1.592544e+00
7.650000e-02	-1.585407e+00
7.700000e-02	-1.577823e+00
7.750000e-02	-1.569700e+00
7.800000e-02	-1.560971e+00
7.850000e-02	-1.551625e+00
7.900000e-02	-1.541713e+00
7.950000e-02	-1.531338e+00
8.000000e-02	-1.520601e+00
8.050000e-02	-1.509533e+00
8.100000e-02	-1.498060e+00
8.150000e-02	-1.486066e+00
8.200000e-02	-1.473417e+00
8.250000e-02	-1.459983e+00
8.300000e-02	-1.445719e+00
8.350000e-02	-1.430673e+00
8.400000e-02	-1.414895e+00
8.450000e-02	-1.398435e+00
8.500000e-02	-1.381336e+00
8.550000e-02	-1.363637e+00
8.600000e-02	-1.345372e+00
8.650000e-02	-1.326571e+00
8.700000e-02	-1.307256e+00
8.750000e-02	-1.287443e+00
8.800000e-02	-1.267143e+00
8.850000e-02	-1.246365e+00
8.900000e-02	-1.225117e+00
8.950000e-02	-1.203406e+00
9.000000e-02	-1.181238e+00
9.050000e-02	-1.158615e+00
9.100000e-02	-1.135540e+00
9.150000e-02	-1.112012e+00
9.200000e-02	-1.088032e+00
9.250000e-02	-1.063602e+00
9.300000e-02	-1.038727e+00
9.350000e-02	-1.013419e+00
9.400000e-02	-9.876892e-01
9.450000e-02	-9.615520e-01
9.500000e-02	-9.350212e-01
9.550000e-02	-9.081105e-01
9.600000e-02	-8.808406e-01
9.650000e-02	-8.532502e-01
9.700000e-02	-8.253956e-01
9.750000e-02	-7.973373e-01
9.800000e-02	-7.691241e-01
9.850000e-02	-7.407750e-01
9.900000e-02	-7.122806e-01
9.950000e-02	-6.836792e-01
1.000000e-01	-6.550333e-01
1.005000e-01	-6.264072e-01
1.010000e-01	-5.978687e-01
1.015000e-01	-5.694927e-01
1.020000e-01	-5.413648e-01
1.025000e-01	-5.135837e-01
1.030000e-01	-4.862605e-01
1.035000e-01	-4.595157e-01
1.040000e-01	-4.334746e-01
1.045000e-01	-4.082637e-01
1.050000e-01	-3.840052e-01
1.055000e-01	-3.608166e-01
1.060000e-01	-3.388113e-01
1.065000e-01	-3.181004e-01
1.070000e-01	-2.987933e-01
1.075000e-01	-2.809948e-01
1.080000e-01	-2.648046e-01
1.085000e-01	-2.503113e-01
1.090000e-01	-2.375886e-01
1.095000e-01	-2.266902e-01
1.100000e-01	-2.176306e-01
1.105000e-01	-2.103412e-01
1.110000e-01	-2.046424e-01
1.115000e-01	-2.002501e-01
1.120000e-01	-1.968352e-01
1.125000e-01	-1.940962e-01
1.130000e-01	-1.918198e-01
1.135000e-01	-1.899029e-01
1.140000e-01	-1.883298e-01
1.145000e-01	-1.871181e-01
1.150000e-01	-1.862586e-01
1.155000e-01	-1.856761e-01
1.160000e-01	-1.852296e-01
1.165000e-01	-1.847511e-01
1.170000e-01	-1.841018e-01
1.175000e-01	-1.832291e-01
1.180000e-01	-1.821920e-01
1.185000e-01	-1.811453e-01
1.190000e-01	-1.802916e-01
1.195000e-01	-1.798215e-01
1.200000e-01	-1.798681e-01
1.205000e-01	-1.804955e-01
1.210000e-01	-1.817230e-01
1.215000e-01	-1.835740e-01
1.220000e-01	-1.861244e-01
1.225000e-01	-1.895293e-01
1.230000e-01	-1.940134e-01
1.235000e-01	-1.997580e-01
1.240000e-01	-2.066878e-01
1.245000e-01	-2.146631e-01
1.250000e-01	-2.235468e-01
1.255000e-01	-2.332175e-01
1.260000e-01	-2.435763e-01
1.265000e-01	-2.545437e-01
1.270000e-01	-2.660516e-01
1.275000e-01	-2.780326e-01
1.280000e-01	-2.904143e-01
1.285000e-01	-3.031195e-01
1.290000e-01	-3.160745e-01
1.295000e-01	-3.292200e-01
1.300000e-01	-3.425204e-01
1.305000e-01	-3.559669e-01
1.310000e-01	-3.695716e-01
1.315000e-01	-3.833548e-01
1.320000e-01	-3.973295e-01
1.325000e-01	-4.114902e-01
1.330000e-01	-4.258094e-01
1.335000e-01	-4.402440e-01
1.340000e-01	-4.547473e-01
1.345000e-01	-4.692824e-01
1.350000e-01	-4.838303e-01
1.355000e-01	-4.983918e-01
1.360000e-01	-5.129795e-01
1.365000e-01	-5.276070e-01
1.370000e-01	-5.422779e-01
1.375000e-01	-5.569810e-01
1.380000e-01	-5.716946e-01
1.385000e-01	-5.863963e-01
1.390000e-01	-6.010768e-01
1.395000e-01	-6.157497e-01
1.400000e-01	-6.304538e-01
1.405000e-01	-6.452466e-01
1.410000e-01	-6.601903e-01
1.415000e-01	-6.753378e-01
1.420000e-01	-6.907202e-01
1.425000e-01	-7.063452e-01
1.430000e-01	-7.222017e-01
1.435000e-01	-7.382709e-01
1.440000e-01	-7.545379e-01
1.445000e-01	-7.709970e-01
1.450000e-01	-7.876504e-01
1.455000e-01	-8.044984e-01
1.460000e-01	-8.215263e-01
1.465000e-01	-8.386936e-01
1.470000e-01	-8.559291e-01
1.475000e-01	-8.731348e-01
1.480000e-01	-8.901976e-01
1.485000e-01	-9.070031e-01
1.490000e-01	-9.234482e-01
1.495000e-01	-9.394461e-01
1.500000e-01	-9.549224e-01
1.505000e-01	-9.698074e-01
1.510000e-01	-9.840229e-01
1.515000e-01	-9.974757e-01
1.520000e-01	-1.010057e+00
1.525000e-01	-1.021661e+00
1.530000e-01	-1.032233e+00
1.535000e-01	-1.041800e+00
1.540000e-01	-1.050455e+00
1.545000e-01	-1.058314e+00
1.550000e-01	-1.065460e+00
1.555000e-01	-1.071892e+00
1.560000e-01	-1.077505e+00
1.565000e-01	-1.082109e+00
1.570000e-01	-1.085475e+00
1.575000e-01	-1.087395e+00
1.580000e-01	-1.087736e+00
1.585000e-01	-1.086446e+00
1.590000e-01	-1.083550e+00
1.595000e-01	-1.079100e+00
1.600000e-01	-1.073125e+00
1.605000e-01	-1.065590e+00
1.610000e-01	-1.056411e+00
1.615000e-01	-1.045560e+00
1.620000e-01	-1.033099e+00
1.625000e-01	-1.019113e+00
1.630000e-01	-1.003714e+00
1.635000e-01	-9.870391e-01
1.640000e-01	-9.692518e-01
1.645000e-01	-9.505258e-01
1.650000e-01	-9.310354e-01
1.655000e-01	-9.109439e-01
1.660000e-01	-8.903998e-01
1.665000e-01	-8.695371e-01
1.670000e-01	-8.484822e-01
1.675000e-01	-8.273609e-01
1.680000e-01	-8.063016e-01
1.685000e-01	-7.854351e-01
1.690000e-01	-7.648869e-01
1.695000e-01	-7.447677e-01
1.700000e-01	-7.251626e-01
1.705000e-01	-7.061288e-01
1.710000e-01	-6.876972e-01
1.715000e-01	-6.698806e-01
1.720000e-01	-6.526849e-01
1.725000e-01	-6.361187e-01
1.730000e-01	-6.201977e-01
1.735000e-01	-6.049419e-01
1.740000e-01	-5.903685e-01
1.745000e-01	-5.764810e-01
1.750000e-01	-5.632621e-01
1.755000e-01	-5.506727e-01
1.760000e-01	-5.386589e-01
1.765000e-01	-5.271600e-01
1.770000e-01	-5.161175e-01
1.775000e-01	-5.054820e-01
1.780000e-01	-4.952139e-01
1.785000e-01	-4.852781e-01
1.790000e-01	-4.756357e-01
1.795000e-01	-4.662365e-01
1.800000e-01	-4.570156e-01
1.805000e-01	-4.478944e-01
1.810000e-01	-4.387930e-01
1.815000e-01	-4.296352e-01
1.820000e-01	-4.203678e-01
1.825000e-01	-4.109587e-01
1.830000e-01	-4.014023e-01
1.835000e-01	-3.917122e-01
1.840000e-01	-3.819101e-01
1.845000e-01	-3.720267e-01
1.850000e-01	-3.620894e-01
1.855000e-01	-3.521316e-01
1.860000e-01	-3.421927e-01
1.865000e-01	-3.323356e-01
1.870000e-01	-3.226340e-01
1.875000e-01	-3.132030e-01
1.880000e-01	-3.041642e-01
1.885000e-01	-2.956575e-01
1.890000e-01	-2.878089e-01
1.895000e-01	-2.807496e-01
1.900000e-01	-2.745743e-01
1.905000e-01	-2.693723e-01
1.910000e-01	-2.652253e-01
1.915000e-01	-2.622104e-01
1.920000e-01	-2.604046e-01
1.925000e-01	-2.598839e-01
1.930000e-01	-2.607191e-01
1.935000e-01	-2.629687e-01
1.940000e-01	-2.666708e-01
1.945000e-01	-2.718376e-01
1.950000e-01	-2.784546e-01
1.955000e-01	-2.864834e-01
1.960000e-01	-2.958692e-01
1.965000e-01	-3.065491e-01
1.970000e-01	-3.184585e-01
1.975000e-01	-3.315350e-01
1.980000e-01	-3.457168e-01
1.985000e-01	-3.609397e-01
1.990000e-01	-3.771312e-01
1.995000e-01	-3.942076e-01
2.000000e-01	-4.120733e-01
2.005000e-01	-4.306240e-01
2.010000e-01	-4.497536e-01
2.015000e-01	-4.693600e-01
2.020000e-01	-4.893517e-01
2.025000e-01	-5.096484e-01
2.030000e-01	-5.301799e-01
2.035000e-01	-5.508806e-01
2.040000e-01	-5.716832e-01
2.045000e-01	-5.925143e-01
2.050000e-01	-6.132922e-01
2.055000e-01	-6.339295e-01
2.060000e-01	-6.543376e-01
2.065000e-01	-6.744332e-01
2.070000e-01	-6.941432e-01
2.075000e-01	-7.134075e-01
2.080000e-01	-7.321779e-01
2.085000e-01	-7.504142e-01
2.090000e-01	-7.680801e-01
2.095000e-01	-7.851388e-01
2.100000e-01	-8.015517e-01
2.105000e-01	-8.172803e-01
2.110000e-01	-8.322902e-01
2.115000e-01	-8.465557e-01
2.120000e-01	-8.600639e-01
2.125000e-01	-8.728158e-01
2.130000e-01	-8.848239e-01
2.135000e-01	-8.961073e-01
2.140000e-01	-9.066862e-01
2.145000e-01	-9.165760e-01
2.150000e-01	-9.257846e-01
2.155000e-01	-9.343122e-01
2.160000e-01	-9.421535e-01
2.165000e-01	-9.493015e-01
2.170000e-01	-9.557509e-01
2.175000e-01	-9.614993e-01
2.180000e-01	-9.665468e-01
2.185000e-01	-9.708947e-01
2.190000e-01	-9.745406e-01
2.195000e-01	-9.774727e-01
2.200000e-01	-9.796733e-01
2.205000e-01	-9.811144e-01
2.210000e-01	-9.817699e-01
2.215000e-01	-9.816179e-01
2.220000e-01	-9.806491e-01
2.225000e-01	-9.788677e-01
2.230000e-01	-9.762890e-01
2.235000e-01	-9.729418e-01
2.240000e-01	-9.688572e-01
2.245000e-01	-9.640700e-01
2.250000e-01	-9.586129e-01
2.255000e-01	-9.525256e-01
2.260000e-01	-9.458461e-01
2.265000e-01	-9.386216e-01
2.270000e-01	-9.309082e-01
2.275000e-01	-9.227697e-01
2.280000e-01	-9.142747e-01
2.285000e-01	-9.054913e-01
2.290000e-01	-8.964830e-01
2.295000e-01	-8.873043e-01
2.300000e-01	-8.779987e-01
2.305000e-01	-8.685996e-01
2.310000e-01	-8.591316e-01
2.315000e-01	-8.496141e-01
2.320000e-01	-8.400625e-01
2.325000e-01	-8.304902e-01
2.330000e-01	-8.209069e-01
2.335000e-01	-8.113176e-01
2.340000e-01	-8.017202e-01
2.345000e-01	-7.921044e-01
2.350000e-01	-7.824524e-01
2.355000e-01	-7.727405e-01
2.360000e-01	-7.629437e-01
2.365000e-01	-7.530370e-01
2.370000e-01	-7.429975e-01
2.375000e-01	-7.328117e-01
2.380000e-01	-7.224713e-01
2.385000e-01	-7.119722e-01
2.390000e-01	-7.013120e-01
2.395000e-01	-6.904888e-01
2.400000e-01	-6.795005e-01
2.405000e-01	-6.683469e-01
2.410000e-01	-6.570306e-01
2.415000e-01	-6.455599e-01
2.420000e-01	-6.339504e-01
2.425000e-01	-6.222252e-01
2.430000e-01	-6.104142e-01
2.435000e-01	-5.985534e-01
2.440000e-01	-5.866822e-01
2.445000e-01	-5.748430e-01
2.450000e-01	-5.630804e-01
2.455000e-01	-5.514421e-01
2.460000e-01	-5.399801e-01
2.465000e-01	-5.287519e-01
2.470000e-01	-5.178213e-01
2.475000e-01	-5.072583e-01
2.480000e-01	-4.971372e-01
2.485000e-01	-4.875345e-01
2.490000e-01	-4.785260e-01
2.495000e-01	-4.701841e-01
2.500000e-01	-4.625757e-01
2.505000e-01	-4.557613e-01
2.510000e-01	-4.497939e-01
2.515000e-01	-4.447187e-01
2.520000e-01	-4.405731e-01
2.525000e-01	-4.373852e-01
2.530000e-01	-4.351733e-01
2.535000e-01	-4.339444e-01
2.540000e-01	-4.336930e-01
2.545000e-01	-4.344006e-01
2.550000e-01	-4.360353e-01
2.555000e-01	-4.385528e-01
2.560000e-01	-4.418979e-01
2.565000e-01	-4.460067e-01
2.570000e-01	-4.508084e-01
2.575000e-01	-4.562277e-01
2.580000e-01	-4.621866e-01
2.585000e-01	-4.686050e-01
2.590000e-01	-4.754026e-01
2.595000e-01	-4.824993e-01
2.600000e-01	-4.898167e-01
2.605000e-01	-4.972794e-01
2.610000e-01	-5.048164e-01
2.615000e-01	-5.123629e-01
2.620000e-01	-5.198614e-01
2.625000e-01	-5.272631e-01
2.630000e-01	-5.345279e-01
2.635000e-01	-5.416250e-01
2.640000e-01	-5.485319e-01
2.645000e-01	-5.552345e-01
2.650000e-01	-5.617259e-01
2.655000e-01	-5.680060e-01
2.660000e-01	-5.740809e-01
2.665000e-01	-5.799622e-01
2.670000e-01	-5.856667e-01
2.675000e-01	-5.912155e-01
2.680000e-01	-5.966335e-01
2.685000e-01	-6.019482e-01
2.690000e-01	-6.071891e-01
2.695000e-01	-6.123864e-01
2.700000e-01	-6.175704e-01
2.705000e-01	-6.227703e-01
2.710000e-01	-6.280138e-01
2.715000e-01	-6.333263e-01
2.720000e-01	-6.387304e-01
2.725000e-01	-6.442448e-01
2.730000e-01	-6.498867e-01
2.735000e-01	-6.556698e-01
2.740000e-01	-6.616027e-01
2.745000e-01	-6.676887e-01
2.750000e-01	-6.739272e-01
2.755000e-01	-6.803129e-01
2.760000e-01	-6.868350e-01
2.765000e-01	-6.934775e-01
2.770000e-01	-7.002192e-01
2.775000e-01	-7.070337e-01
2.780000e-01	-7.138902e-01
2.785000e-01	-7.207538e-01
2.790000e-01	-7.275865e-01
2.795000e-01	-7.343475e-01
2.800000e-01	-7.409942e-01
2.805000e-01	-7.474831e-01
2.810000e-01	-7.537696e-01
2.815000e-01	-7.598098e-01
2.820000e-01	-7.655604e-01
2.825000e-01	-7.709802e-01
2.830000e-01	-7.760307e-01
2.835000e-01	-7.806776e-01
2.840000e-01	-7.848911e-01
2.845000e-01	-7.886473e-01
2.850000e-01	-7.919283e-01
2.855000e-01	-7.947222e-01
2.860000e-01	-7.970228e-01
2.865000e-01	-7.988294e-01
2.870000e-01	-8.001454e-01
2.875000e-01	-8.009781e-01
2.880000e-01	-8.013378e-01
2.885000e-01	-8.012371e-01
2.890000e-01	-8.006897e-01
2.895000e-01	-7.997104e-01
2.900000e-01	-7.983132e-01
2.905000e-01	-7.965104e-01
2.910000e-01	-7.943119e-01
2.915000e-01	-7.917228e-01
2.920000e-01	-7.887438e-01
2.925000e-01	-7.853695e-01
2.930000e-01	-7.815891e-01
2.935000e-01	-7.773862e-01
2.940000e-01	-7.727399e-01
2.945000e-01	-7.676253e-01
2.950000e-01	-7.620147e-01
2.955000e-01	-7.558786e-01
2.960000e-01	-7.491862e-01
2.965000e-01	-7.419087e-01
2.970000e-01	-7.339083e-01
2.975000e-01	-7.248536e-01
2.980000e-01	-7.144304e-01
2.985000e-01	-7.023990e-01
2.990000e-01	-6.886207e-01
2.995000e-01	-6.730748e-01
3.000000e-01	-6.558632e-01
3.005000e-01	-6.372022e-01
3.010000e-01	-6.174025e-01
3.015000e-01	-5.968386e-01
3.020000e-01	-5.759121e-01
3.025000e-01	-5.549929e-01
3.030000e-01	-5.343272e-01
3.035000e-01	-5.139766e-01
3.040000e-01	-4.938328e-01
3.045000e-01	-4.736986e-01
3.050000e-01	-4.534032e-01
3.055000e-01	-4.329064e-01
3.060000e-01	-4.123473e-01
3.065000e-01	-3.920247e-01
3.070000e-01	-3.723160e-01
3.075000e-01	-3.535605e-01
3.080000e-01	-3.359708e-01
3.085000e-01	-3.195870e-01
3.090000e-01	-3.042987e-01
3.095000e-01	-2.899236e-01
3.100000e-01	-2.763092e-01
3.105000e-01	-2.634233e-01
3.110000e-01	-2.513871e-01
3.115000e-01	-2.404491e-01
3.120000e-01	-2.309055e-01
3.125000e-01	-2.230048e-01
3.130000e-01	-2.168615e-01
3.135000e-01	-2.124295e-01
3.140000e-01	-2.095342e-01
3.145000e-01	-2.079437e-01
3.150000e-01	-2.074590e-01
3.155000e-01	-2.079876e-01
3.160000e-01	-2.095704e-01
3.165000e-01	-2.123544e-01
3.170000e-01	-2.165241e-01
3.175000e-01	-2.222190e-01
3.180000e-01	-2.294688e-01
3.185000e-01	-2.381707e-01
3.190000e-01	-2.481177e-01
3.195000e-01	-2.590658e-01
3.200000e-01	-2.708147e-01
3.205000e-01	-2.832697e-01
3.210000e-01	-2.964584e-01
3.215000e-01	-3.105267e-01
3.220000e-01	-3.256505e-01
3.225000e-01	-3.419584e-01
3.230000e-01	-3.595093e-01
3.235000e-01	-3.783217e-01
3.240000e-01	-3.983912e-01
3.245000e-01	-4.196545e-01
3.250000e-01	-4.420392e-01
3.255000e-01	-4.655042e-01
3.260000e-01	-4.900469e-01
3.265000e-01	-5.156741e-01
3.270000e-01	-5.423498e-01
3.275000e-01	-5.699463e-01
3.280000e-01	-5.982279e-01
3.285000e-01	-6.269018e-01
3.290000e-01	-6.557040e-01
3.295000e-01	-6.844705e-01
3.300000e-01	-7.131598e-01
3.305000e-01	-7.418247e-01
3.310000e-01	-7.705435e-01
3.315000e-01	-7.993439e-01
3.320000e-01	-8.281459e-01
3.325000e-01	-8.567547e-01
3.330000e-01	-8.848940e-01
3.335000e-01	-9.122720e-01
3.340000e-01	-9.386504e-01
3.345000e-01	-9.638896e-01
3.350000e-01	-9.879532e-01
3.355000e-01	-1.010872e+00
3.360000e-01	-1.032684e+00
3.365000e-01	-1.053378e+00
3.370000e-01	-1.072860e+00
3.375000e-01	-1.090956e+00
3.380000e-01	-1.107449e+00
3.385000e-01	-1.122133e+00
3.390000e-01	-1.134863e+00
3.395000e-01	-1.145579e+00
3.400000e-01	-1.154298e+00
3.405000e-01	-1.161081e+00
3.410000e-01	-1.165978e+00
3.415000e-01	-1.168998e+00
3.420000e-01	-1.170091e+00
3.425000e-01	-1.169158e+00
3.430000e-01	-1.166084e+00
3.435000e-01	-1.160779e+00
3.440000e-01	-1.153205e+00
3.445000e-01	-1.143390e+00
3.450000e-01	-1.131414e+00
3.455000e-01	-1.117385e+00
3.460000e-01	-1.101400e+00
3.465000e-01	-1.083530e+00
3.470000e-01	-1.063809e+00
3.475000e-01	-1.042246e+00
3.480000e-01	-1.018851e+00
3.485000e-01	-9.936559e-01
3.490000e-01	-9.667314e-01
3.495000e-01	-9.382014e-01
3.500000e-01	-9.082020e-01
3.505000e-01	-8.769132e-01
3.510000e-01	-8.444899e-01
3.515000e-01	-8.110794e-01
3.520000e-01	-7.767980e-01
3.525000e-01	-7.417656e-01
3.530000e-01	-7.060851e-01
3.535000e-01	-6.698788e-01
3.540000e-01	-6.332890e-01
3.545000e-01	-5.964776e-01
3.550000e-01	-5.596205e-01
3.555000e-01	-5.228984e-01
3.560000e-01	-4.864873e-01
3.565000e-01	-4.505520e-01
3.570000e-01	-4.152432e-01
3.575000e-01	-3.806990e-01
3.580000e-01	-3.470483e-01
3.585000e-01	-3.144151e-01
3.590000e-01	-2.829213e-01
3.595000e-01	-2.526877e-01
3.600000e-01	-2.238327e-01
3.605000e-01	-1.964701e-01
3.610000e-01	-1.707073e-01
3.615000e-01	-1.466427e-01
3.620000e-01	-1.243644e-01
3.625000e-01	-1.039490e-01
3.630000e-01	-8.546094e-02
3.635000e-01	-6.895126e-02
3.640000e-01	-5.445820e-02
3.645000e-01	-4.200832e-02
3.650000e-01	-3.161934e-02
3.655000e-01	-2.330397e-02
3.660000e-01	-1.707382e-02
3.665000e-01	-1.294193e-02
3.670000e-01	-1.092281e-02
3.675000e-01	-1.102966e-02
3.680000e-01	-1.326945e-02
3.685000e-01	-1.763770e-02
3.690000e-01	-2.411501e-02
3.695000e-01	-3.266731e-02
3.700000e-01	-4.324987e-02
3.705000e-01	-5.581439e-02
3.710000e-01	-7.031654e-02
3.715000e-01	-8.672104e-02
3.720000e-01	-1.050021e-01
3.725000e-01	-1.251384e-01
3.730000e-01	-1.471046e-01
3.735000e-01	-1.708686e-01
3.740000e-01	-1.962785e-01
3.745000e-01	-2.229601e-01
3.750000e-01	-2.505154e-01
3.755000e-01	-2.785898e-01
3.760000e-01	-3.069168e-01
3.765000e-01	-3.353592e-01
3.770000e-01	-3.639339e-01
3.775000e-01	-3.928083e-01
3.780000e-01	-4.222633e-01
3.785000e-01	-4.526283e-01
3.790000e-01	-4.841833e-01
3.795000e-01	-5.170213e-01
3.800000e-01	-5.509638e-01
3.805000e-01	-5.855822e-01
3.810000e-01	-6.203162e-01
3.815000e-01	-6.546364e-01
3.820000e-01	-6.881928e-01
3.825000e-01	-7.208844e-01
3.830000e-01	-7.528326e-01
3.835000e-01	-7.842646e-01
3.840000e-01	-8.153633e-01
3.845000e-01	-8.461375e-01
3.850000e-01	-8.763643e-01
3.855000e-01	-9.056342e-01
3.860000e-01	-9.334607e-01
3.865000e-01	-9.594249e-01
3.870000e-01	-9.832928e-01
3.875000e-01	-1.005062e+00
3.880000e-01	-1.024921e+00
3.885000e-01	-1.043134e+00
3.890000e-01	-1.059913e+00
3.895000e-01	-1.075305e+00
3.900000e-01	-1.089161e+00
3.905000e-01	-1.101184e+00
3.910000e-01	-1.111033e+00
3.915000e-01	-1.118440e+00
3.920000e-01	-1.123305e+00
3.925000e-01	-1.125729e+00
3.930000e-01	-1.125966e+00
3.935000e-01	-1.124318e+00
3.940000e-01	-1.121041e+00
3.945000e-01	-1.116243e+00
3.950000e-01	-1.109867e+00
3.955000e-01	-1.101743e+00
3.960000e-01	-1.091656e+00
3.965000e-01	-1.079483e+00
3.970000e-01	-1.065239e+00
3.975000e-01	-1.049086e+00
3.980000e-01	-1.031361e+00
3.985000e-01	-1.012408e+00
3.990000e-01	-9.925339e-01
3.995000e-01	-9.719015e-01
4.000000e-01	-9.505278e-01
4.005000e-01	-9.283291e-01
4.010000e-01	-9.051981e-01
4.015000e-01	-8.810715e-01
4.020000e-01	-8.559871e-01
4.025000e-01	-8.301024e-01
4.030000e-01	-8.036684e-01
4.035000e-01	-7.769692e-01
4.040000e-01	-7.502494e-01
4.045000e-01	-7.236563e-01
4.050000e-01	-6.972163e-01
4.055000e-01	-6.708539e-01
4.060000e-01	-6.444453e-01
4.065000e-01	-6.178866e-01
4.070000e-01	-5.911520e-01
4.075000e-01	-5.643224e-01
4.080000e-01	-5.375749e-01
4.085000e-01	-5.111381e-01
4.090000e-01	-4.852310e-01
4.095000e-01	-4.600067e-01
4.100000e-01	-4.355225e-01
4.105000e-01	-4.117445e-01
4.110000e-01	-3.885857e-01
4.115000e-01	-3.659618e-01
4.120000e-01	-3.438454e-01
4.125000e-01	-3.222981e-01
4.130000e-01	-3.014707e-01
4.135000e-01	-2.815714e-01
4.140000e-01	-2.628153e-01
4.145000e-01	-2.453716e-01
4.150000e-01	-2.293293e-01
4.155000e-01	-2.146916e-01
4.160000e-01	-2.014006e-01
4.165000e-01	-1.893816e-01
4.170000e-01	-1.785922e-01
4.175000e-01	-1.690562e-01
4.180000e-01	-1.608726e-01
4.185000e-01	-1.541952e-01
4.190000e-01	-1.491922e-01
4.195000e-01	-1.459989e-01
4.200000e-01	-1.446815e-01
4.205000e-01	-1.452232e-01
4.210000e-01	-1.475375e-01
4.215000e-01	-1.515026e-01
4.220000e-01	-1.570036e-01
4.225000e-01	-1.639681e-01
4.230000e-01	-1.723812e-01
4.235000e-01	-1.822765e-01
4.240000e-01	-1.937065e-01
4.245000e-01	-2.067024e-01
4.250000e-01	-2.212399e-01
4.255000e-01	-2.372214e-01
4.260000e-01	-2.544819e-01
4.265000e-01	-2.728149e-01
4.270000e-01	-2.920104e-01
4.275000e-01	-3.118909e-01
4.280000e-01	-3.323332e-01
4.285000e-01	-3.532694e-01
4.290000e-01	-3.746681e-01
4.295000e-01	-3.965035e-01
4.300000e-01	-4.187240e-01
4.305000e-01	-4.412329e-01
4.310000e-01	-4.638875e-01
4.315000e-01	-4.865167e-01
4.320000e-01	-5.089526e-01
4.325000e-01	-5.310672e-01
4.330000e-01	-5.527695e-01
4.335000e-01	-5.741135e-01
4.340000e-01	-5.952504e-01
4.345000e-01	-6.163318e-01
4.350000e-01	-6.374551e-01
4.355000e-01	-6.586263e-01
4.360000e-01	-6.797504e-01
4.365000e-01	-7.006512e-01
4.370000e-01	-7.211153e-01
4.375000e-01	-7.409436e-01
4.380000e-01	-7.600019e-01
4.385000e-01	-7.782593e-01
4.390000e-01	-7.957841e-01
4.395000e-01	-8.126991e-01
4.400000e-01	-8.291133e-01
4.405000e-01	-8.450566e-01
4.410000e-01	-8.604465e-01
4.415000e-01	-8.750968e-01
4.420000e-01	-8.887660e-01
4.425000e-01	-9.012305e-01
4.430000e-01	-9.123417e-01
4.435000e-01	-9.220583e-01
4.440000e-01	-9.304350e-01
4.445000e-01	-9.375761e-01
4.450000e-01	-9.435715e-01
4.455000e-01	-9.484422e-01
4.460000e-01	-9.521190e-01
4.465000e-01	-9.544574e-01
4.470000e-01	-9.552903e-01
4.475000e-01	-9.544860e-01
4.480000e-01	-9.519997e-01
4.485000e-01	-9.478902e-01
4.490000e-01	-9.422985e-01
4.495000e-01	-9.353972e-01
4.500000e-01	-9.273311e-01
4.505000e-01	-9.181673e-01
4.510000e-01	-9.078898e-01
4.515000e-01	-8.964199e-01
4.520000e-01	-8.836622e-01
4.525000e-01	-8.695572e-01
4.530000e-01	-8.541188e-01
4.535000e-01	-8.374418e-01
4.540000e-01	-8.196782e-01
4.545000e-01	-8.009853e-01
4.550000e-01	-7.814862e-01
4.555000e-01	-7.612272e-01
4.560000e-01	-7.401779e-01
4.565000e-01	-7.182606e-01
4.570000e-01	-6.953840e-01
4.575000e-01	-6.715046e-01
4.580000e-01	-6.466473e-01
4.585000e-01	-6.208988e-01
4.590000e-01	-5.944193e-01
4.595000e-01	-5.673643e-01
4.600000e-01	-5.398688e-01
4.605000e-01	-5.120060e-01
4.610000e-01	-4.837996e-01
4.615000e-01	-4.552459e-01
4.620000e-01	-4.263523e-01
4.625000e-01	-3.971664e-01
4.630000e-01	-3.677947e-01
4.635000e-01	-3.384029e-01
4.640000e-01	-3.091963e-01
4.645000e-01	-2.803883e-01
4.650000e-01	-2.521681e-01
4.655000e-01	-2.246791e-01
4.660000e-01	-1.980147e-01
4.665000e-01	-1.722322e-01
4.670000e-01	-1.473792e-01
4.675000e-01	-1.235205e-01
4.680000e-01	-1.007570e-01
4.685000e-01	-7.922933e-02
4.690000e-01	-5.910404e-02
4.695000e-01	-4.054923e-02
4.700000e-01	-2.370754e-02
4.705000e-01	-8.676761e-03
4.710000e-01	4.495670e-03
4.715000e-01	1.580273e-02
4.720000e-01	2.525672e-02
4.725000e-01	3.286509e-02
4.730000e-01	3.861191e-02
4.735000e-01	4.245139e-02
4.740000e-01	4.431522e-02
4.745000e-01	4.413027e-02
4.750000e-01	4.183993e-02
4.755000e-01	3.742089e-02
4.760000e-01	3.088954e-02
4.765000e-01	2.229594e-02
4.770000e-01	1.170803e-02
4.775000e-01	-8.079690e-04
4.780000e-01	-1.520372e-02
4.785000e-01	-3.145578e-02
4.790000e-01	-4.956129e-02
4.795000e-01	-6.952420e-02
4.800000e-01	-9.133718e-02
4.805000e-01	-1.149657e-01
4.810000e-01	-1.403397e-01
4.815000e-01	-1.673552e-01
4.820000e-01	-1.958983e-01
4.825000e-01	-2.258057e-01
4.830000e-01	-2.569513e-01
4.835000e-01	-2.890320e-01
4.840000e-01	-3.216006e-01
4.845000e-01	-3.542833e-01
4.850000e-01	-3.868083e-01
4.855000e-01	-4.190825e-01
4.860000e-01	-4.511766e-01
4.865000e-01	-4.832688e-01
4.870000e-01	-5.155966e-01
4.875000e-01	-5.483960e-01
4.880000e-01	-5.818051e-01
4.885000e-01	-6.157583e-01
4.890000e-01	-6.499521e-01
4.895000e-01	-6.839081e-01
4.900000e-01	-7.171055e-01
4.905000e-01	-7.491265e-01
4.910000e-01	-7.797575e-01
4.915000e-01	-8.090074e-01
4.920000e-01	-8.370414e-01
4.925000e-01	-8.640553e-01
4.930000e-01	-8.901439e-01
4.935000e-01	-9.152132e-01
4.940000e-01	-9.389715e-01
4.945000e-01	-9.609971e-01
4.950000e-01	-9.808570e-01
4.955000e-01	-9.982317e-01
4.960000e-01	-1.012990e+00
4.965000e-01	-1.025197e+00
4.970000e-01	-1.035048e+00
4.975000e-01	-1.042750e+00
4.980000e-01	-1.048424e+00
4.985000e-01	-1.052024e+00
4.990000e-01	-1.053345e+00
4.995000e-01	-1.052085e+00
5.000000e-01	-1.047946e+00
5.005000e-01	-1.040743e+00
5.010000e-01	-1.030470e+00
5.015000e-01	-1.017291e+00
5.020000e-01	-1.001481e+00
5.025000e-01	-9.833362e-01
5.030000e-01	-9.630772e-01
5.035000e-01	-9.407948e-01
5.040000e-01	-9.164576e-01
5.045000e-01	-8.899688e-01
5.050000e-01	-8.612456e-01
5.055000e-01	-8.302989e-01
5.060000e-01	-7.972880e-01
5.065000e-01	-7.625168e-01
5.070000e-01	-7.263741e-01
5.075000e-01	-6.892419e-01
5.080000e-01	-6.514079e-01
5.085000e-01	-6.130180e-01
5.090000e-01	-5.740924e-01
5.095000e-01	-5.345948e-01
5.100000e-01	-4.945232e-01
5.105000e-01	-4.539846e-01
5.110000e-01	-4.132254e-01
5.115000e-01	-3.726059e-01
5.120000e-01	-3.325297e-01
5.125000e-01	-2.933582e-01
5.130000e-01	-2.553403e-01
5.135000e-01	-2.185854e-01
5.140000e-01	-1.830887e-01
5.145000e-01	-1.487950e-01
5.150000e-01	-1.156792e-01
5.155000e-01	-8.380650e-02
5.159934e-01	-5.375009e-02
5.160000e-01	-5.335614e-02
5.165000e-01	-2.459471e-02
5.166708e-01	-1.521158e-02
5.168153e-01	-7.463604e-03
5.169502e-01	-3.972358e-04
5.170000e-01	2.173605e-03
5.171538e-01	9.960416e-03
5.172895e-01	1.664975e-02
5.175000e-01	2.667556e-02
5.180000e-01	4.872231e-02
5.184095e-01	6.489376e-02
5.185000e-01	6.823908e-02
5.186811e-01	7.468485e-02
5.189349e-01	8.317275e-02
5.190000e-01	8.524752e-02
5.195000e-01	9.981087e-02
5.200000e-01	1.119665e-01
5.202657e-01	1.174364e-01
5.204219e-01	1.203222e-01
5.205000e-01	1.216718e-01
5.206979e-01	1.248079e-01
5.208993e-01	1.275709e-01
5.210000e-01	1.287857e-01
5.215000e-01	1.330960e-01
5.217374e-01	1.340946e-01
5.219125e-01	1.343807e-01
5.220000e-01	1.343778e-01
5.221254e-01	1.342022e-01
5.225000e-01	1.324604e-01
5.230000e-01	1.272759e-01
5.235000e-01	1.188706e-01
5.240000e-01	1.073806e-01
5.245000e-01	9.298051e-02
5.250000e-01	7.582212e-02
5.255000e-01	5.599558e-02
5.260000e-01	3.351687e-02
5.265000e-01	8.350316e-03
5.270000e-01	-1.954402e-02
5.275000e-01	-5.015693e-02
5.280000e-01	-8.339137e-02
5.282179e-01	-9.865041e-02
5.283590e-01	-1.087623e-01
5.285000e-01	-1.190529e-01
5.290000e-01	-1.568725e-01
5.295000e-01	-1.965487e-01
5.300000e-01	-2.378020e-01
5.305000e-01	-2.804024e-01
5.310000e-01	-3.241907e-01
5.315000e-01	-3.690452e-01
5.320000e-01	-4.148457e-01
5.325000e-01	-4.614293e-01
5.330000e-01	-5.085589e-01
5.335000e-01	-5.559159e-01
5.340000e-01	-6.031236e-01
5.345000e-01	-6.497882e-01
5.350000e-01	-6.955360e-01
5.355000e-01	-7.400623e-01
5.360000e-01	-7.831229e-01
5.365000e-01	-8.245534e-01
5.370000e-01	-8.642069e-01
5.375000e-01	-9.019601e-01
5.380000e-01	-9.376558e-01
5.384809e-01	-9.698523e-01
5.385000e-01	-9.710849e-01
5.386274e-01	-9.792111e-01
5.387697e-01	-9.880886e-01
5.389035e-01	-9.962480e-01
5.390000e-01	-1.002006e+00
5.391549e-01	-1.011041e+00
5.395000e-01	-1.030183e+00
5.400000e-01	-1.055429e+00
5.405000e-01	-1.077635e+00
5.410000e-01	-1.096775e+00
5.415000e-01	-1.112893e+00
5.420000e-01	-1.126068e+00
5.425000e-01	-1.136378e+00
5.430000e-01	-1.143882e+00
5.435000e-01	-1.148607e+00
5.440000e-01	-1.150565e+00
5.445000e-01	-1.149767e+00
5.450000e-01	-1.146251e+00
5.455000e-01	-1.140099e+00
5.460000e-01	-1.131439e+00
5.465000e-01	-1.120433e+00
5.470000e-01	-1.107256e+00
5.475000e-01	-1.092067e+00
5.480000e-01	-1.074994e+00
5.485000e-01	-1.056127e+00
5.490000e-01	-1.035535e+00
5.495000e-01	-1.013283e+00
5.500000e-01	-9.894605e-01
5.505000e-01	-9.642047e-01
5.510000e-01	-9.377199e-01
5.515000e-01	-9.102396e-01
5.520000e-01	-8.819954e-01
5.525000e-01	-8.531894e-01
5.530000e-01	-8.239809e-01
5.535000e-01	-7.944908e-01
5.540000e-01	-7.648214e-01
5.545000e-01	-7.350839e-01
5.550000e-01	-7.054213e-01
5.555000e-01	-6.760169e-01
5.560000e-01	-6.470870e-01
5.565000e-01	-6.188578e-01
5.570000e-01	-5.915363e-01
5.575000e-01	-5.652859e-01
5.580000e-01	-5.402153e-01
5.585000e-01	-5.163840e-01
5.590000e-01	-4.938221e-01
5.595000e-01	-4.725557e-01
5.600000e-01	-4.526290e-01
5.605000e-01	-4.341142e-01
5.610000e-01	-4.171071e-01
5.615000e-01	-4.017110e-01
5.620000e-01	-3.880164e-01
5.625000e-01	-3.760826e-01
5.630000e-01	-3.659304e-01
5.635000e-01	-3.575467e-01
5.640000e-01	-3.509003e-01
5.645000e-01	-3.459664e-01
5.650000e-01	-3.427448e-01
5.655000e-01	-3.412609e-01
5.660000e-01	-3.415572e-01
5.665000e-01	-3.436768e-01
5.670000e-01	-3.476434e-01
5.675000e-01	-3.534483e-01
5.680000e-01	-3.610462e-01
5.685000e-01	-3.703639e-01
5.690000e-01	-3.813155e-01
5.695000e-01	-3.938205e-01
5.700000e-01	-4.078160e-01
5.705000e-01	-4.232589e-01
5.710000e-01	-4.401185e-01
5.715000e-01	-4.583604e-01
5.720000e-01	-4.779300e-01
5.725000e-01	-4.987401e-01
5.726364e-01	-5.046154e-01
5.727842e-01	-5.110775e-01
5.729281e-01	-5.174511e-01
5.730000e-01	-5.206689e-01
5.731559e-01	-5.277144e-01
5.733172e-01	-5.350952e-01
5.735000e-01	-5.435680e-01
5.740000e-01	-5.672766e-01
5.745000e-01	-5.916381e-01
5.750000e-01	-6.165121e-01
5.755000e-01	-6.417764e-01
5.760000e-01	-6.673222e-01
5.765000e-01	-6.930429e-01
5.770000e-01	-7.188222e-01
5.775000e-01	-7.445265e-01
5.780000e-01	-7.700063e-01
5.785000e-01	-7.951066e-01
5.790000e-01	-8.196794e-01
5.795000e-01	-8.435985e-01
5.800000e-01	-8.667709e-01
5.805000e-01	-8.891463e-01
5.809079e-01	-9.067965e-01
5.810000e-01	-9.107080e-01
5.811258e-01	-9.160040e-01
5.812527e-01	-9.212919e-01
5.813837e-01	-9.266879e-01
5.815000e-01	-9.314230e-01
5.816285e-01	-9.365946e-01
5.820000e-01	-9.511464e-01
5.825000e-01	-9.697355e-01
5.830000e-01	-9.871017e-01
5.835000e-01	-1.003224e+00
5.840000e-01	-1.018152e+00
5.845000e-01	-1.031984e+00
5.850000e-01	-1.044824e+00
5.855000e-01	-1.056795e+00
5.860000e-01	-1.068026e+00
5.865000e-01	-1.078609e+00
5.870000e-01	-1.088557e+00
5.871720e-01	-1.091820e+00
5.873516e-01	-1.095132e+00
5.875000e-01	-1.097789e+00
5.880000e-01	-1.106153e+00
5.885000e-01	-1.113484e+00
5.890000e-01	-1.119658e+00
5.895000e-01	-1.124630e+00
5.900000e-01	-1.128452e+00
5.905000e-01	-1.131229e+00
5.910000e-01	-1.133070e+00
5.914021e-01	-1.133912e+00
5.915000e-01	-1.134031e+00
5.916546e-01	-1.134148e+00
5.918199e-01	-1.134174e+00
5.919596e-01	-1.134114e+00
5.920000e-01	-1.134083e+00
5.921863e-01	-1.133849e+00
5.925000e-01	-1.133113e+00
5.930000e-01	-1.130958e+00
5.935000e-01	-1.127457e+00
5.940000e-01	-1.122501e+00
5.945000e-01	-1.116065e+00
5.949050e-01	-1.109802e+00
5.950000e-01	-1.108205e+00
5.952417e-01	-1.103925e+00
5.954139e-01	-1.100697e+00
5.955000e-01	-1.099029e+00
5.960000e-01	-1.088649e+00
5.965000e-01	-1.077135e+00
5.970000e-01	-1.064491e+00
5.971746e-01	-1.059801e+00
5.975000e-01	-1.050658e+00
5.980000e-01	-1.035564e+00
5.985000e-01	-1.019166e+00
5.990000e-01	-1.001476e+00
5.995000e-01	-9.825790e-01
6.000000e-01	-9.626215e-01


