" chongzhi1"

"Time      "	"Leg_ya_huang_1.force"
0.000000e+00	4.662617e-10
1.000000e-03	9.995403e-03
2.000000e-03	1.937490e-02
3.000000e-03	2.474346e-02
4.000000e-03	2.785432e-02
5.000000e-03	3.536863e-02
6.000000e-03	5.076806e-02
7.000000e-03	6.726930e-02
8.000000e-03	7.704124e-02
9.000000e-03	8.101349e-02
1.000000e-02	8.911253e-02
1.100000e-02	1.058296e-01
1.200000e-02	1.213982e-01
1.300000e-02	1.283116e-01
1.400000e-02	1.335309e-01
1.500000e-02	1.476684e-01
1.600000e-02	1.649766e-01
1.700000e-02	1.740249e-01
1.800000e-02	1.789803e-01
1.900000e-02	1.920104e-01
2.000000e-02	2.094201e-01
2.100000e-02	2.189496e-01
2.200000e-02	2.242466e-01
2.300000e-02	2.378014e-01
2.400000e-02	2.546832e-01
2.500000e-02	2.631478e-01
2.600000e-02	2.694791e-01
2.700000e-02	2.846428e-01
2.800000e-02	3.000207e-01
2.900000e-02	3.071808e-01
3.000000e-02	3.153124e-01
3.100000e-02	3.312252e-01
3.200000e-02	3.449197e-01
3.300000e-02	3.515396e-01
3.400000e-02	3.614935e-01
3.500000e-02	3.777781e-01
3.600000e-02	3.896743e-01
3.700000e-02	3.961070e-01
3.800000e-02	4.080120e-01
3.900000e-02	4.240091e-01
4.000000e-02	4.338901e-01
4.100000e-02	4.413964e-01
4.174345e-02	4.682438e-01
4.200000e-02	1.126974e+00
4.273438e-02	2.849161e+00
4.300000e-02	3.459621e+00
4.400000e-02	5.914982e+00
4.500000e-02	8.375734e+00
4.600000e-02	1.086124e+01
4.700000e-02	1.334614e+01
4.800000e-02	1.588778e+01
4.900000e-02	1.839911e+01
5.000000e-02	2.096149e+01
5.100000e-02	2.349626e+01
5.200000e-02	2.609017e+01
5.300000e-02	2.866263e+01
5.400000e-02	3.126513e+01
5.500000e-02	3.387696e+01
5.600000e-02	3.648867e+01
5.700000e-02	3.912926e+01
5.800000e-02	4.176098e+01
5.900000e-02	4.441593e+01
6.000000e-02	4.707627e+01
6.100000e-02	4.974482e+01
6.200000e-02	5.242785e+01
6.300000e-02	5.511403e+01
6.400000e-02	5.781527e+01
6.500000e-02	6.052208e+01
6.600000e-02	6.324055e+01
6.700000e-02	6.596618e+01
6.800000e-02	6.870309e+01
6.900000e-02	7.144561e+01
7.000000e-02	7.419728e+01
7.100000e-02	7.696086e+01
7.200000e-02	7.972750e+01
7.300000e-02	8.250770e+01
7.400000e-02	8.529321e+01
7.500000e-02	8.808844e+01
7.600000e-02	9.089136e+01
7.700000e-02	9.370133e+01
7.800000e-02	9.652062e+01
7.900000e-02	9.934687e+01
8.000000e-02	1.021817e+02
8.100000e-02	1.050235e+02
8.200000e-02	1.078727e+02
8.300000e-02	1.107300e+02
8.400000e-02	1.135944e+02
8.500000e-02	1.164664e+02
8.600000e-02	1.193452e+02
8.700000e-02	1.222310e+02
8.800000e-02	1.251243e+02
8.900000e-02	1.280244e+02
9.000000e-02	1.309316e+02
9.100000e-02	1.338450e+02
9.200000e-02	1.367652e+02
9.300000e-02	1.396920e+02
9.400000e-02	1.426253e+02
9.500000e-02	1.455651e+02
9.600000e-02	1.485105e+02
9.700000e-02	1.514621e+02
9.800000e-02	1.544198e+02
9.900000e-02	1.573832e+02
1.000000e-01	1.603503e+02
1.010000e-01	1.632905e+02
1.020000e-01	1.661876e+02
1.030000e-01	1.690415e+02
1.040000e-01	1.718529e+02
1.050000e-01	1.746221e+02
1.060000e-01	1.773495e+02
1.070000e-01	1.800352e+02
1.080000e-01	1.826801e+02
1.090000e-01	1.852842e+02
1.100000e-01	1.878478e+02
1.110000e-01	1.903711e+02
1.120000e-01	1.928539e+02
1.130000e-01	1.952966e+02
1.140000e-01	1.977003e+02
1.150000e-01	2.000650e+02
1.160000e-01	2.023916e+02
1.170000e-01	2.046801e+02
1.180000e-01	2.069301e+02
1.190000e-01	2.091415e+02
1.200000e-01	2.113145e+02
1.210000e-01	2.134480e+02
1.220000e-01	2.155407e+02
1.230000e-01	2.175907e+02
1.240000e-01	2.195960e+02
1.250000e-01	2.215520e+02
1.260000e-01	2.234472e+02
1.265495e-01	2.244603e+02
1.267999e-01	2.248249e+02
1.270000e-01	2.246480e+02
1.273462e-01	2.244364e+02
1.276000e-01	2.243049e+02
1.278632e-01	2.242015e+02
1.280000e-01	2.241554e+02
1.282858e-01	2.240647e+02
1.288011e-01	2.239249e+02
1.290000e-01	2.238763e+02
1.292893e-01	2.238067e+02
1.296316e-01	2.237317e+02
1.300000e-01	2.236450e+02
1.307358e-01	2.234665e+02
1.310000e-01	2.233978e+02
1.315525e-01	2.232483e+02
1.320000e-01	2.231219e+02
1.330000e-01	2.228118e+02
1.333306e-01	2.226996e+02
1.340000e-01	2.224687e+02
1.350000e-01	2.221033e+02
1.360000e-01	2.217261e+02
1.370000e-01	2.213432e+02
1.380000e-01	2.209558e+02
1.390000e-01	2.205612e+02
1.400000e-01	2.201531e+02
1.410000e-01	2.197267e+02
1.414516e-01	2.195265e+02
1.420000e-01	2.192769e+02
1.430000e-01	2.187995e+02
1.433174e-01	2.186415e+02
1.436397e-01	2.184811e+02
1.438900e-01	2.183527e+02
1.440000e-01	2.182958e+02
1.450000e-01	2.177714e+02
1.460000e-01	2.172302e+02
1.470000e-01	2.166745e+02
1.472562e-01	2.165294e+02
1.475066e-01	2.163892e+02
1.477604e-01	2.162458e+02
1.480000e-01	2.161084e+02
1.482500e-01	2.159663e+02
1.485066e-01	2.158203e+02
1.487811e-01	2.156613e+02
1.490000e-01	2.155353e+02
1.492501e-01	2.153918e+02
1.495010e-01	2.152452e+02
1.498346e-01	2.150507e+02
1.500000e-01	2.149548e+02
1.502631e-01	2.147996e+02
1.505990e-01	2.146009e+02
1.508718e-01	2.144400e+02
1.510000e-01	2.143632e+02
1.514222e-01	2.141095e+02
1.517299e-01	2.139244e+02
1.520000e-01	2.137588e+02
1.530000e-01	2.131409e+02
1.540000e-01	2.125058e+02
1.550000e-01	2.118497e+02
1.560000e-01	2.111718e+02
1.570000e-01	2.104730e+02
1.580000e-01	2.097537e+02
1.590000e-01	2.090148e+02
1.600000e-01	2.082573e+02
1.610000e-01	2.074833e+02
1.620000e-01	2.066945e+02
1.630000e-01	2.058926e+02
1.640000e-01	2.050789e+02
1.650000e-01	2.042541e+02
1.660000e-01	2.034185e+02
1.670000e-01	2.025721e+02
1.680000e-01	2.017143e+02
1.690000e-01	2.008445e+02
1.700000e-01	1.999615e+02
1.710000e-01	1.990642e+02
1.720000e-01	1.981518e+02
1.730000e-01	1.972235e+02
1.740000e-01	1.962780e+02
1.750000e-01	1.953148e+02
1.760000e-01	1.943338e+02
1.770000e-01	1.933349e+02
1.780000e-01	1.923180e+02
1.790000e-01	1.912832e+02
1.800000e-01	1.902315e+02
1.810000e-01	1.891631e+02
1.820000e-01	1.880786e+02
1.830000e-01	1.869790e+02
1.840000e-01	1.858647e+02
1.850000e-01	1.847365e+02
1.860000e-01	1.835949e+02
1.870000e-01	1.824405e+02
1.880000e-01	1.812736e+02
1.890000e-01	1.800947e+02
1.900000e-01	1.789038e+02
1.910000e-01	1.777011e+02
1.912558e-01	1.773914e+02
1.915295e-01	1.770593e+02
1.917898e-01	1.767428e+02
1.920000e-01	1.764865e+02
1.922545e-01	1.761752e+02
1.925084e-01	1.758645e+02
1.927591e-01	1.755565e+02
1.930000e-01	1.752597e+02
1.932506e-01	1.749505e+02
1.935193e-01	1.746182e+02
1.937893e-01	1.742830e+02
1.940000e-01	1.740210e+02
1.942625e-01	1.736939e+02
1.945194e-01	1.733726e+02
1.947704e-01	1.730581e+02
1.950000e-01	1.727699e+02
1.952505e-01	1.724544e+02
1.955235e-01	1.721096e+02
1.958099e-01	1.717471e+02
1.960000e-01	1.715059e+02
1.962500e-01	1.711876e+02
1.965020e-01	1.708663e+02
1.967716e-01	1.705217e+02
1.970000e-01	1.702287e+02
1.972685e-01	1.698835e+02
1.975424e-01	1.695305e+02
1.979197e-01	1.690423e+02
1.980000e-01	1.689381e+02
1.983057e-01	1.685411e+02
1.985872e-01	1.681742e+02
1.988527e-01	1.678269e+02
1.990000e-01	1.676340e+02
1.992968e-01	1.672444e+02
1.995624e-01	1.668944e+02
1.998455e-01	1.665203e+02
2.000000e-01	1.663159e+02
2.002597e-01	1.659712e+02
2.005134e-01	1.656334e+02
2.008503e-01	1.651838e+02
2.010000e-01	1.649834e+02
2.012505e-01	1.646471e+02
2.015012e-01	1.643099e+02
2.017596e-01	1.639615e+02
2.020000e-01	1.636361e+02
2.023140e-01	1.632101e+02
2.027105e-01	1.626701e+02
2.029622e-01	1.623259e+02
2.030000e-01	1.622741e+02
2.032508e-01	1.619304e+02
2.035043e-01	1.615819e+02
2.037554e-01	1.612355e+02
2.040000e-01	1.608973e+02
2.042601e-01	1.605369e+02
2.045368e-01	1.601519e+02
2.048084e-01	1.597732e+02
2.050000e-01	1.595055e+02
2.052822e-01	1.591099e+02
2.055489e-01	1.587349e+02
2.058093e-01	1.583680e+02
2.060000e-01	1.580985e+02
2.062865e-01	1.576924e+02
2.065428e-01	1.573284e+02
2.068119e-01	1.569450e+02
2.070000e-01	1.566760e+02
2.080000e-01	1.552361e+02
2.090000e-01	1.537814e+02
2.100000e-01	1.523121e+02
2.110000e-01	1.508282e+02
2.120000e-01	1.493299e+02
2.130000e-01	1.478175e+02
2.140000e-01	1.462914e+02
2.150000e-01	1.447518e+02
2.160000e-01	1.431989e+02
2.170000e-01	1.416331e+02
2.180000e-01	1.400543e+02
2.190000e-01	1.384629e+02
2.200000e-01	1.368592e+02
2.210000e-01	1.352434e+02
2.220000e-01	1.336156e+02
2.230000e-01	1.319761e+02
2.240000e-01	1.303250e+02
2.250000e-01	1.286624e+02
2.260000e-01	1.269884e+02
2.270000e-01	1.253031e+02
2.280000e-01	1.236065e+02
2.290000e-01	1.218988e+02
2.300000e-01	1.201799e+02
2.310000e-01	1.184499e+02
2.320000e-01	1.167088e+02
2.330000e-01	1.149565e+02
2.340000e-01	1.131931e+02
2.350000e-01	1.114185e+02
2.360000e-01	1.096327e+02
2.370000e-01	1.078356e+02
2.380000e-01	1.060272e+02
2.390000e-01	1.042076e+02
2.400000e-01	1.023766e+02
2.410000e-01	1.005343e+02
2.420000e-01	9.868059e+01
2.430000e-01	9.681546e+01
2.440000e-01	9.493888e+01
2.443498e-01	9.427968e+01
2.450000e-01	9.305090e+01
2.460000e-01	9.115160e+01
2.470000e-01	8.924097e+01
2.480000e-01	8.731902e+01
2.484091e-01	8.652951e+01
2.490000e-01	8.538970e+01
2.493476e-01	8.469214e+01
2.500000e-01	8.338117e+01
2.508337e-01	8.169604e+01
2.510000e-01	8.135863e+01
2.520000e-01	7.931883e+01
2.530000e-01	7.725865e+01
2.540000e-01	7.517207e+01
2.550000e-01	7.304765e+01
2.554818e-01	7.200513e+01
2.557592e-01	7.139810e+01
2.560000e-01	7.086685e+01
2.562928e-01	7.021486e+01
2.566619e-01	6.938339e+01
2.569230e-01	6.878984e+01
2.570000e-01	6.861385e+01
2.572725e-01	6.798781e+01
2.576719e-01	6.706267e+01
2.580000e-01	6.629777e+01
2.590000e-01	6.394485e+01
2.600000e-01	6.157492e+01
2.610000e-01	5.919915e+01
2.620000e-01	5.682408e+01
2.623530e-01	5.598669e+01
2.626204e-01	5.535279e+01
2.630000e-01	5.445400e+01
2.640000e-01	5.209194e+01
2.650000e-01	4.974031e+01
2.654949e-01	4.858111e+01
2.658628e-01	4.772097e+01
2.660000e-01	4.740069e+01
2.663498e-01	4.658572e+01
2.670000e-01	4.507457e+01
2.675320e-01	4.384335e+01
2.680000e-01	4.276307e+01
2.682549e-01	4.217648e+01
2.686769e-01	4.120731e+01
2.690000e-01	4.046704e+01
2.700000e-01	3.818710e+01
2.710000e-01	3.592366e+01
2.714430e-01	3.492612e+01
2.720000e-01	3.367695e+01
2.723889e-01	3.280744e+01
2.730000e-01	3.144704e+01
2.735224e-01	3.028865e+01
2.740000e-01	2.923401e+01
2.742649e-01	2.865086e+01
2.745354e-01	2.805663e+01
2.748214e-01	2.742948e+01
2.750000e-01	2.703869e+01
2.752651e-01	2.645999e+01
2.755767e-01	2.578102e+01
2.760000e-01	2.486129e+01
2.762500e-01	2.431957e+01
2.770000e-01	2.270147e+01
2.780000e-01	2.055859e+01
2.787597e-01	1.894145e+01
2.790000e-01	1.846190e+01
2.792512e-01	1.792905e+01
2.795549e-01	1.729383e+01
2.798212e-01	1.672828e+01
2.800000e-01	1.634981e+01
2.810000e-01	1.471291e+01
2.816609e-01	1.347982e+01
2.819120e-01	1.298486e+01
2.820000e-01	1.280910e+01
2.822543e-01	1.230453e+01
2.830000e-01	1.083809e+01
2.840000e-01	8.969701e+00
2.850000e-01	7.554919e+00
2.860000e-01	7.195592e+00
2.870000e-01	8.234072e+00
2.880000e-01	1.011585e+01
2.890000e-01	1.222403e+01
2.900000e-01	1.427072e+01
2.910000e-01	1.610723e+01
2.920000e-01	1.764239e+01
2.930000e-01	1.882848e+01
2.940000e-01	1.964243e+01
2.950000e-01	2.007205e+01
2.960000e-01	2.081537e+01
2.970000e-01	2.184748e+01
2.980000e-01	2.268754e+01
2.990000e-01	2.338394e+01
3.000000e-01	2.400293e+01
3.010000e-01	2.461530e+01
3.020000e-01	2.526665e+01
3.030000e-01	2.594212e+01
3.040000e-01	2.656773e+01
3.050000e-01	2.704796e+01
3.060000e-01	2.730233e+01
3.070000e-01	2.728413e+01
3.080000e-01	2.697637e+01
3.090000e-01	2.638426e+01
3.100000e-01	2.554048e+01
3.110000e-01	2.451158e+01
3.120000e-01	2.338754e+01
3.130000e-01	2.230609e+01
3.140000e-01	2.129271e+01
3.150000e-01	2.031262e+01
3.160000e-01	1.931690e+01
3.170000e-01	1.825297e+01
3.180000e-01	1.708664e+01
3.190000e-01	1.580764e+01
3.200000e-01	1.442383e+01
3.210000e-01	1.295800e+01
3.220000e-01	1.146173e+01
3.230000e-01	1.003052e+01
3.240000e-01	8.844682e+00
3.250000e-01	8.189634e+00
3.260000e-01	8.283247e+00
3.270000e-01	9.039146e+00
3.280000e-01	1.017881e+01
3.290000e-01	1.144392e+01
3.300000e-01	1.265314e+01
3.310000e-01	1.369116e+01
3.320000e-01	1.447672e+01
3.330000e-01	1.495349e+01
3.340000e-01	1.509265e+01
3.350000e-01	1.488012e+01
3.360000e-01	1.432134e+01
3.370000e-01	1.344848e+01
3.380000e-01	1.231236e+01
3.390000e-01	1.099876e+01
3.400000e-01	9.645504e+00
3.410000e-01	8.471495e+00
3.420000e-01	7.839967e+00


