8
8
8
8
8
7
8
6
7
6
8
8
8
8
8
8
8
6
8
8
7
7
7
6
7
7
8
7
8
8
8
9
8
8
8
6
6
6
8
8
8
8
7
8
7
7
7
7
7
7
7
6
6
8
7
8
8
8
8
9
10
11
13
17
24
29
37
47
58
69
80
90
100
111
122
131
140
146
152
157
159
160
158
156
151
144
137
125
116
105
94
82
72
62
51
43
35
28
24
19
17
16
15
14
15
17
20
24
29
34
41
50
58
66
76
84
94
103
111
119
127
133
138
141
144
144
145
142
139
134
128
121
112
103
94
84
75
67
58
51
44
39
34
30
27
25
24
24
25
27
29
33
37
43
50
55
62
70
80
87
96
104
111
118
124
128
132
136
136
137
135
132
129
123
116
110
102
95
87
79
72
64
58
50
45
39
36
32
31
30
30
30
32
34
38
42
47
52
59
65
73
81
88
96
102
107
115
118
123
127
128
129
128
128
126
121
118
111
105
99
91
85
77
71
64
58
53
48
44
41
38
36
36
36
37
38
42
44
47
52
58
63
69
75
83
89
95
102
108
111
116
118
121
122
123
122
121
118
115
110
105
100
94
88
81
75
69
64
59
53
49
47
44
42
42
40
40
42
43
46
50
54
58
64
69
75
80
86
92
97
102
106
110
114
115
118
117
117
115
114
110
107
104
98
92
87
82
77
72
67
62
57
54
51
48
46
45
45
45
47
48
51
54
58
62
66
70
75
80
86
91
95
98
104
106
109
111
113
112
113
111
110
108
104
100
95
92
88
81
77
73
69
64
60
58
55
52
50
50
48
48
50
51
54
57
59
62
68
72
76
80
85
89
93
98
101
104
106
107
109
109
109
108
106
104
101
97
93
90
85
81
77
73
69
65
62
60
57
56
53
53
53
54
54
55
56
60
64
66
70
74
78
82
86
90
92
96
98
101
104
105
105
105
105
103
102
101
97
94
90
87
83
80
76
73
69
66
62
61
59
57
55
56
56
55
59
60
62
64
66
68
72
76
80
84
87
90
93
95
97
99
101
102
102
102
102
99
98
96
94
91
88
85
81
77
75
72
70
67
64
62
60
58
58
58
59
59
61
63
63
67
70
72
76
79
81
85
88
89
93
96
98
99
98
99
98
98
98
97
95
93
90
88
85
82
79
76
74
71
67
66
65
64
62
61
61
61
62
64
64
65
68
70
73
76
78
82
84
86
87
90
92
94
95
96
97
97
97
95
95
93
91
89
88
85
83
80
77
76
74
70
68
66
66
63
63
63
64
64
65
66
67
69
72
73
76
78
81
84
85
88
90
92
94
94
94
94
96
95
94
94
91
90
87
88
84
82
80
77
75
73
71
70
67
67
66
65
65
65
65
67
68
69
69
72
75
77
79
80
82
84
86
87
90
91
91
93
93
93
93
92
91
90
89
88
86
84
82
80
79
78
74
71
70
69
68
67
67
67
67
67
67
69
71
72
73
76
77
79
80
83
84
86
87
89
89
91
92
92
91
90
91
90
89
88
86
84
82
80
78
78
75
74
73
72
70
69
69
69
69
68
69
69
69
72
73
75
77
78
80
80
82
84
84
87
88
89
89
89
90
89
89
89
89
88
87
85
84
82
81
79
78
76
74
72
71
70
70
70
70
69
70
70
71
72
73
74
76
77
78
80
81
82
83
85
86
87
88
89
89
89
89
89
88
88
86
86
84
82
81
80
78
77
75
75
73
73
72
72
71
72
71
72
72
73
73
75
77
78
78
80
78
82
82
83
84
86
86
87
88
88
88
87
87
87
85
85
84
83
81
80
79
78
77
75
74
74
73
72
72
73
73
72
74
74
74
74
76
76
78
79
80
81
82
83
83
84
85
85
86
87
87
86
86
86
86
85
84
82
82
80
80
78
78
77
75
75
75
74
74
73
73
73
74
75
75
76
76
78
78
80
80
80
80
82
82
83
83
85
85
85
84
85
85
85
86
84
83
82
81
81
80
78
79
77
79
76
76
75
75
75
76
75
76
76
76
75
78
76
78
78
79
80
80
81
82
83
83
83
84
85
85
84
85
84
84
84
84
82
80
80
80
78
78
78
77
78
77
75
75
75
75
76
76
76
76
77
77
78
78
80
80
80
80
80
82
82
82
82
83
83
83
84
84
83
82
82
82
82
81
81
80
79
79
79
77
77
77
77
77
77
77
78
77
78
78
78
78
78
78
78
80
80
80
81
81
81
82
82
82
82
83
82
83
82
82
81
82
82
79
80
80
78
78
78
78
78
78
77
78
77
77
77
77
80
78
78
78
79
79
80
79
80
80
80
82
81
81
81
81
83
82
82
82
82
80
80
80
80
80
80
79
79
78
79
79
79
79
79
78
79
79
79
79
79
79
80
80
78
80
80
80
80
80
80
80
80
80
80
80
80
80
81
80
81
81
80
81
80
79
80
79
78
79
79
79
79
80
79
79
78
80
79
79
78
79
80
80
80
80
80
80
80
80
80
80
80
80
80
80
80
80
80
80
80
80
80
78
80
78
79
79
80
80
80
80
80
80
80
80
80
80
79
79
80
80
81
80
80
78
78
78
78
80
79
79
79
79
80
80
79
80
79
80
79
80
80
80
80
80
80
80
80
80
80
80
80
80
79
80
80
80
80
80
78
80
80
80
80
80
80
80
79
80
79
80
80
80
79
80
80
80
80
80
79
80
80
80
80
80
80
79
80
79
80
79
79
80
80
79
80
79
79
79
80
80
81
80
80
80
78
80
80
80
80
80
80
79
79
80
80
81
80
78
79
79
80
80
80
