"+20 gnd impact on joint"

"Time      "	".JOINT_qianhou.Element_Force.Mag"
0.000000e+00	4.212966e+01
1.000000e-03	3.707866e+01
2.000000e-03	3.920289e+01
3.000000e-03	3.997518e+01
4.000000e-03	4.038331e+01
5.000000e-03	4.063903e+01
6.000000e-03	4.081515e+01
7.000000e-03	4.094428e+01
8.000000e-03	4.104266e+01
9.000000e-03	4.111932e+01
1.000000e-02	4.118016e+01
1.100000e-02	4.122864e+01
1.200000e-02	4.126717e+01
1.300000e-02	4.129916e+01
1.400000e-02	4.132657e+01
1.500000e-02	4.135037e+01
1.600000e-02	4.137111e+01
1.700000e-02	4.138923e+01
1.800000e-02	4.140556e+01
1.900000e-02	4.142067e+01
2.000000e-02	4.143494e+01
2.100000e-02	4.144841e+01
2.200000e-02	4.146119e+01
2.300000e-02	4.147342e+01
2.400000e-02	4.148512e+01
2.500000e-02	4.149638e+01
2.600000e-02	4.150712e+01
2.700000e-02	4.151731e+01
2.800000e-02	4.152694e+01
2.900000e-02	4.153612e+01
3.000000e-02	4.154493e+01
3.100000e-02	4.155341e+01
3.200000e-02	4.156160e+01
3.300000e-02	4.156949e+01
3.400000e-02	4.157708e+01
3.500000e-02	4.158437e+01
3.600000e-02	4.159135e+01
3.700000e-02	4.159811e+01
3.800000e-02	4.160462e+01
3.900000e-02	4.161097e+01
4.000000e-02	4.161702e+01
4.100000e-02	4.162290e+01
4.200000e-02	4.162829e+01
4.300000e-02	4.163365e+01
4.400000e-02	4.163852e+01
4.500000e-02	4.164324e+01
4.600000e-02	4.164776e+01
4.700000e-02	4.165223e+01
4.800000e-02	4.165663e+01
4.900000e-02	4.166084e+01
5.000000e-02	4.166489e+01
5.100000e-02	4.166891e+01
5.200000e-02	4.167290e+01
5.300000e-02	4.167694e+01
5.400000e-02	4.168105e+01
5.500000e-02	4.168520e+01
5.600000e-02	4.168937e+01
5.700000e-02	4.169351e+01
5.800000e-02	4.169768e+01
5.900000e-02	4.170187e+01
6.000000e-02	4.170612e+01
6.100000e-02	4.171038e+01
6.200000e-02	4.171463e+01
6.300000e-02	4.171879e+01
6.400000e-02	4.172284e+01
6.500000e-02	4.172677e+01
6.600000e-02	4.173061e+01
6.700000e-02	4.173438e+01
6.800000e-02	4.173809e+01
6.900000e-02	4.174172e+01
7.000000e-02	4.174525e+01
7.100000e-02	4.174866e+01
7.200000e-02	4.175196e+01
7.300000e-02	4.175519e+01
7.400000e-02	4.175834e+01
7.500000e-02	4.176141e+01
7.600000e-02	4.176438e+01
7.700000e-02	4.176721e+01
7.800000e-02	4.176990e+01
7.900000e-02	4.177246e+01
8.000000e-02	4.177491e+01
8.100000e-02	4.177729e+01
8.200000e-02	4.177961e+01
8.285237e-02	1.641530e+03
8.300000e-02	4.490888e+04
8.329879e-02	3.514724e+04
8.357319e-02	2.610068e+04
8.400000e-02	1.728650e+04
8.500000e-02	7.426347e+03
8.584359e-02	3.826806e+03
8.600000e-02	3.462787e+03
8.700000e-02	1.857646e+03
8.800000e-02	1.112981e+03
8.900000e-02	8.754115e+02
9.000000e-02	8.163954e+02
9.100000e-02	7.424111e+02
9.200000e-02	6.795571e+02
9.300000e-02	6.619295e+02
9.400000e-02	6.929312e+02
9.500000e-02	7.108059e+02
9.600000e-02	6.903522e+02
9.700000e-02	6.725017e+02
9.800000e-02	6.677492e+02
9.900000e-02	6.945891e+02
1.000000e-01	6.121902e+02
1.010000e-01	2.754850e+02
1.020000e-01	1.308332e+02
1.026667e-01	8.430815e+01
1.030000e-01	6.875595e+01
1.040000e-01	3.819553e+01
1.050000e-01	2.150345e+01
1.060000e-01	1.220338e+01
1.070000e-01	7.136416e+00
1.080000e-01	4.499497e+00
1.090000e-01	3.513177e+00
1.100000e-01	3.971031e+00
1.105845e-01	4.718387e+00
1.109925e-01	9.957369e+00
1.110000e-01	2.836381e+01
1.113539e-01	2.005375e+03
1.116118e-01	1.663764e+02
1.119906e-01	2.294846e+02
1.120000e-01	2.297903e+02
1.123035e-01	1.680081e+02
1.125538e-01	1.085740e+02
1.128157e-01	6.095919e+01
1.130000e-01	3.574281e+01
1.133308e-01	1.572231e+01
1.135824e-01	1.112554e+01
1.140000e-01	5.452881e+00
1.149292e-01	3.877761e+00
1.150000e-01	3.938064e+00
1.153217e-01	4.254315e+00
1.160000e-01	4.761586e+00
1.170000e-01	5.412104e+00
1.180000e-01	5.965464e+00
1.190000e-01	6.436050e+00
1.200000e-01	6.837835e+00
1.210000e-01	7.181900e+00
1.220000e-01	7.472161e+00
1.230000e-01	7.700818e+00
1.240000e-01	7.860876e+00
1.250000e-01	7.947851e+00
1.254557e-01	2.825076e+02
1.260000e-01	7.866611e+00
1.270000e-01	7.674480e+00
1.280000e-01	7.340628e+00
1.290000e-01	7.805308e+00
1.300000e-01	9.062013e+00
1.310000e-01	2.192029e+02
1.320000e-01	4.456027e+00
1.330000e-01	3.856232e+00
1.340000e-01	2.972412e+00
1.350000e-01	3.001884e+01
1.360000e-01	7.182947e-01
1.370000e-01	4.207445e-01
1.380000e-01	6.051032e+02
1.390000e-01	3.191360e+00
1.400000e-01	4.659707e+00
1.402538e-01	2.599371e+03
1.405668e-01	4.023285e+00
1.408262e-01	4.691416e+00
1.410000e-01	1.679700e+01
1.412876e-01	7.120263e+00
1.415611e-01	5.433600e+00
1.418881e-01	5.736339e+00
1.420000e-01	5.818891e+00
1.422501e-01	6.055215e+00
1.430000e-01	6.667713e+00
1.440000e-01	7.376284e+00
1.450000e-01	7.954369e+00
1.460000e-01	8.395951e+00
1.467156e-01	2.743846e+02
1.469747e-01	7.087505e+00
1.470000e-01	5.137357e+00
1.480000e-01	5.686255e+00
1.490000e-01	9.717244e+01
1.499830e-01	4.717707e+00
1.500000e-01	4.888004e+00
1.502850e-01	5.489703e+01
1.505858e-01	1.019550e+01
1.508825e-01	4.607262e+00
1.510000e-01	4.652297e+00
1.520000e-01	4.652200e+00
1.528231e-01	4.503426e+00
1.530000e-01	4.489760e+00
1.540000e-01	4.293759e+00
1.550000e-01	4.039793e+00
1.560000e-01	3.728606e+00
1.570000e-01	3.311287e+00
1.580000e-01	2.840539e+00
1.590000e-01	2.316358e+00
1.600000e-01	1.711848e+00
1.610000e-01	1.077787e+00
1.620000e-01	4.291635e-01
1.630000e-01	3.207675e-01
1.640000e-01	1.502384e+02
1.650000e-01	8.355009e+00
1.660000e-01	5.473152e+00
1.670000e-01	5.180292e+00
1.680000e-01	4.710382e+00
1.690000e-01	4.907568e+00
1.700000e-01	5.134580e+00
1.710000e-01	5.452934e+00
1.720000e-01	5.752976e+00
1.730000e-01	5.979685e+00
1.740000e-01	6.111997e+00
1.750000e-01	6.149448e+00
1.760000e-01	6.080933e+00
1.770000e-01	5.920321e+00
1.780000e-01	5.730199e+01
1.790000e-01	5.242102e+00
1.800000e-01	4.785190e+00
1.810000e-01	4.257559e+00
1.820000e-01	3.667273e+00
1.830000e-01	3.023726e+00
1.840000e-01	2.337225e+00
1.850000e-01	1.619283e+00
1.860000e-01	8.817440e-01
1.870000e-01	1.811620e+00
1.880000e-01	2.848425e+02
1.890000e-01	1.355471e+01
1.900000e-01	5.038997e+00
1.910000e-01	4.817584e+00
1.920000e-01	3.995681e+00
1.930000e-01	3.760572e+00
1.940000e-01	3.561541e+00
1.950000e-01	3.585350e+00
1.960000e-01	3.728468e+00
1.970000e-01	3.881286e+00
1.980000e-01	3.999576e+00
1.990000e-01	3.522624e+00
2.000000e-01	3.503243e+00
2.010000e-01	3.330911e+00
2.020000e-01	3.155462e+00
2.030000e-01	2.905861e+00
2.040000e-01	2.693471e+00
2.050000e-01	2.245860e+00
2.060000e-01	1.851001e+00
2.070000e-01	1.425750e+00
2.080000e-01	9.769583e-01
2.090000e-01	5.503077e-01
2.100000e-01	3.382382e-01
2.110000e-01	7.070375e-01
2.120000e-01	1.178847e+00
2.130000e-01	4.740655e-01
2.140000e-01	9.599121e-01
2.150000e-01	7.340690e+00
2.160000e-01	7.647070e+00
2.170000e-01	1.077434e+01
2.180000e-01	1.442108e+01
2.190000e-01	1.745059e+01
2.200000e-01	1.770921e+01
2.210000e-01	5.094963e+01
2.220000e-01	1.250962e+01
2.230000e-01	7.396034e+00
2.240000e-01	5.031842e+00
2.250000e-01	3.634591e+00
2.260000e-01	2.726929e+00
2.270000e-01	2.110788e+00
2.280000e-01	1.678075e+00
2.290000e-01	1.446052e+00
2.300000e-01	1.519998e+00
2.310000e-01	4.424196e+00
2.320000e-01	1.401554e+00
2.330000e-01	4.012400e-01
2.340000e-01	3.719848e-01
2.350000e-01	4.544959e-01
2.360000e-01	1.463175e+00
2.370000e-01	4.273187e-01
2.380000e-01	7.408007e-01
2.390000e-01	1.037313e+00
2.400000e-01	1.306781e+00
2.410000e-01	1.545561e+00
2.420000e-01	1.828419e+00
2.430000e-01	4.745198e+00
2.440000e-01	3.760106e+00
2.450000e-01	6.081659e+00
2.460000e-01	7.519504e+00
2.470000e-01	8.671012e+00
2.480000e-01	3.155383e+01
2.490000e-01	9.848116e+00
2.500000e-01	7.318919e+00
2.510000e-01	5.807883e+00
2.520000e-01	4.406772e+00
2.530000e-01	3.362142e+00
2.540000e-01	2.612653e+00
2.550000e-01	2.075727e+00
2.560000e-01	1.777510e+01
2.570000e-01	1.137373e+00
2.580000e-01	4.233537e+01
2.590000e-01	6.435256e+01
2.600000e-01	1.458596e+00
2.610000e-01	1.709687e+00
2.620000e-01	2.099393e+00
2.630000e-01	2.600012e+00
2.640000e-01	3.269417e+00
2.650000e-01	4.167856e+00
2.660000e-01	5.348545e+00
2.670000e-01	6.782408e+00
2.680000e-01	8.260008e+00
2.690000e-01	9.325433e+00
2.700000e-01	9.471126e+00
2.710000e-01	8.560674e+00
2.720000e-01	7.051449e+00
2.730000e-01	5.532694e+00
2.740000e-01	4.255870e+00
2.750000e-01	7.305075e+01
2.760000e-01	2.351531e+01
2.770000e-01	4.943100e-01
2.780000e-01	9.425818e-01
2.790000e-01	1.034000e+00
2.800000e-01	4.518971e+01
2.810000e-01	2.904322e+00
2.820000e-01	3.272387e-01
2.830000e-01	1.302045e+00
2.840000e-01	5.850993e-01
2.850000e-01	7.922772e-01
2.860000e-01	8.975758e-01
2.870000e-01	9.473521e-01
2.880000e-01	1.067098e+00
2.890000e-01	1.099488e+00
2.900000e-01	1.162376e+00
2.910000e-01	1.227732e+00
2.920000e-01	1.321850e+00
2.930000e-01	1.441252e+00
2.940000e-01	9.122741e+00
2.950000e-01	6.189914e+00
2.960000e-01	8.309682e+00
2.970000e-01	1.053355e+01
2.980000e-01	1.216919e+01
2.990000e-01	1.233576e+01
3.000000e-01	1.087967e+01
3.010000e-01	4.384104e+01
3.020000e-01	4.193943e+01
3.030000e-01	1.599468e+00
3.040000e-01	3.363989e+00
3.050000e-01	2.191481e+00
3.060000e-01	1.962798e+00
3.070000e-01	1.826614e+00
3.080000e-01	1.760481e+00
3.090000e-01	1.822480e+00
3.100000e-01	1.957743e+00
3.110000e-01	2.173925e+00
3.120000e-01	2.502812e+00
3.130000e-01	2.309325e+01
3.140000e-01	5.450792e+00
3.150000e-01	5.999869e+00
3.160000e-01	7.438624e+00
3.170000e-01	9.162296e+00
3.180000e-01	1.102903e+01
3.190000e-01	1.698704e+01
3.200000e-01	1.702609e+01
3.210000e-01	1.696049e+01
3.220000e-01	4.556940e+01
3.230000e-01	6.447679e+00
3.240000e-01	1.382533e+01
3.250000e-01	7.583499e+00
3.260000e-01	1.259296e+01
3.270000e-01	8.770592e+00
3.280000e-01	8.367500e+00
3.290000e-01	9.023016e+00
3.300000e-01	1.073113e+01
3.310000e-01	1.380863e+01
3.320000e-01	1.865382e+01
3.330000e-01	2.489343e+01
3.340000e-01	3.011018e+01
3.350000e-01	3.021071e+01
3.360000e-01	2.474698e+01
3.370000e-01	1.840006e+01
3.380000e-01	1.433304e+01
3.390000e-01	1.267853e+01
3.400000e-01	2.708374e+01
3.410000e-01	1.137685e+01
3.420000e-01	2.018706e+01
3.430000e-01	1.430881e+01
3.440000e-01	2.093564e+01
3.450000e-01	2.500965e+01
3.460000e-01	2.954891e+01
3.470000e-01	3.300750e+01
3.480000e-01	3.376036e+01
3.490000e-01	3.232092e+01
3.500000e-01	3.176443e+01
3.510000e-01	3.500039e+01
3.520000e-01	4.227801e+01
3.530000e-01	4.875223e+01
3.540000e-01	4.656473e+01
3.550000e-01	3.624510e+01
3.560000e-01	2.633440e+01
3.570000e-01	2.075819e+01
3.580000e-01	1.869803e+01
3.590000e-01	4.536627e+01
3.600000e-01	1.872575e+01
3.610000e-01	2.221314e+01
3.620000e-01	2.579715e+01
3.630000e-01	3.052964e+01
3.640000e-01	3.644877e+01
3.650000e-01	4.273691e+01
3.660000e-01	4.787385e+01
3.670000e-01	5.140658e+01
3.680000e-01	5.462050e+01
3.690000e-01	5.700846e+01
3.700000e-01	5.365575e+01
3.710000e-01	4.315158e+01
3.720000e-01	3.206993e+01
3.730000e-01	2.533778e+01
3.740000e-01	2.509083e+01
3.750000e-01	2.188632e+01
3.760000e-01	2.278778e+01
3.770000e-01	2.464586e+01
3.780000e-01	3.010032e+01
3.790000e-01	3.016417e+01
3.800000e-01	3.547779e+01
3.810000e-01	4.144491e+01
3.820000e-01	4.888245e+01
3.830000e-01	5.744556e+01
3.840000e-01	6.376847e+01
3.850000e-01	6.198691e+01
3.860000e-01	5.144760e+01
3.870000e-01	3.959270e+01
3.880000e-01	3.155926e+01
3.890000e-01	2.752914e+01
3.900000e-01	2.889586e+01
3.910000e-01	2.643603e+01
3.920000e-01	2.713345e+01
3.930000e-01	2.839576e+01
3.940000e-01	3.005230e+01
3.950000e-01	3.568092e+01
3.960000e-01	3.552983e+01
3.970000e-01	4.162538e+01
3.980000e-01	4.997156e+01
3.990000e-01	5.948488e+01
4.000000e-01	6.451520e+01
4.010000e-01	5.961840e+01
4.020000e-01	4.835493e+01
4.030000e-01	3.836207e+01
4.040000e-01	3.220630e+01
4.050000e-01	2.885325e+01
4.060000e-01	3.296187e+01
4.070000e-01	2.691324e+01
4.080000e-01	2.911689e+01
4.090000e-01	2.736517e+01
4.100000e-01	2.943975e+01
4.110000e-01	3.214619e+01
4.120000e-01	3.576265e+01
4.130000e-01	4.088306e+01
4.140000e-01	4.720755e+01
4.150000e-01	5.367664e+01
4.160000e-01	5.730539e+01
4.170000e-01	5.558188e+01
4.180000e-01	4.974136e+01
4.190000e-01	4.346272e+01
4.200000e-01	3.813959e+01
4.210000e-01	3.868211e+01
4.220000e-01	3.072813e+01
4.230000e-01	3.137143e+01
4.240000e-01	2.801489e+01
4.250000e-01	2.792861e+01
4.260000e-01	2.925751e+01
4.270000e-01	3.205200e+01
4.280000e-01	3.661195e+01
4.290000e-01	4.276537e+01
4.300000e-01	4.980145e+01
4.310000e-01	5.524984e+01
4.320000e-01	5.621014e+01
4.330000e-01	5.169576e+01
4.340000e-01	4.578745e+01
4.350000e-01	4.050886e+01
4.360000e-01	3.980329e+01
4.370000e-01	3.320210e+01
4.380000e-01	3.129270e+01
4.390000e-01	3.023519e+01
4.400000e-01	3.035669e+01
4.410000e-01	3.107594e+01
4.420000e-01	3.215991e+01
4.430000e-01	3.482264e+01
4.440000e-01	3.847360e+01
4.450000e-01	4.276936e+01
4.460000e-01	4.724718e+01
4.470000e-01	5.096476e+01
4.480000e-01	5.299456e+01
4.490000e-01	5.260992e+01
4.500000e-01	4.978824e+01
4.510000e-01	4.522529e+01
4.520000e-01	4.580541e+01
4.530000e-01	3.571104e+01
4.540000e-01	3.281664e+01
4.550000e-01	3.162030e+01
4.560000e-01	3.190790e+01
4.570000e-01	3.583912e+01
4.580000e-01	3.558587e+01
4.590000e-01	3.846491e+01
4.600000e-01	4.168819e+01
4.610000e-01	4.444247e+01
4.620000e-01	4.688135e+01
4.630000e-01	4.857088e+01
4.640000e-01	4.925006e+01
4.650000e-01	4.863894e+01
4.660000e-01	4.665578e+01
4.670000e-01	4.365780e+01
4.680000e-01	4.533102e+01
4.690000e-01	3.843334e+01
4.700000e-01	3.665876e+01
4.710000e-01	3.570302e+01
4.720000e-01	3.555622e+01
4.730000e-01	3.607319e+01
4.740000e-01	4.137718e+01
4.750000e-01	3.872420e+01
4.760000e-01	4.085589e+01
4.770000e-01	4.313822e+01
4.780000e-01	4.501595e+01
4.790000e-01	4.651629e+01
4.800000e-01	4.703517e+01
4.810000e-01	4.658902e+01
4.820000e-01	4.511447e+01
4.830000e-01	4.091992e+01
4.840000e-01	4.575290e+01
4.850000e-01	3.921106e+01
4.860000e-01	3.807414e+01
4.870000e-01	3.737180e+01
4.880000e-01	3.710031e+01
4.890000e-01	3.737262e+01
4.900000e-01	4.264400e+01
4.910000e-01	3.946775e+01
4.920000e-01	4.131384e+01
4.930000e-01	4.333789e+01
4.940000e-01	4.537029e+01
4.950000e-01	4.659806e+01
4.960000e-01	4.744156e+01
4.970000e-01	4.716992e+01
4.980000e-01	4.583991e+01
4.990000e-01	4.379133e+01
5.000000e-01	4.184881e+01
5.010000e-01	4.520997e+01
5.020000e-01	3.859307e+01
5.030000e-01	3.772171e+01
5.040000e-01	3.739173e+01
5.050000e-01	3.762855e+01
5.060000e-01	4.186914e+01
5.070000e-01	3.983752e+01
5.080000e-01	4.139489e+01
5.090000e-01	4.313923e+01
5.100000e-01	4.476162e+01
5.110000e-01	4.568808e+01
5.120000e-01	4.544836e+01
5.130000e-01	4.508040e+01
5.140000e-01	4.376986e+01
5.150000e-01	4.277540e+01
5.160000e-01	4.141251e+01
5.170000e-01	4.070340e+01
5.180000e-01	4.139722e+01
5.190000e-01	3.813623e+01
5.200000e-01	4.062314e+01
5.210000e-01	3.914497e+01
5.220000e-01	3.998645e+01
5.230000e-01	4.105652e+01
5.240000e-01	4.241918e+01
5.250000e-01	4.380617e+01
5.260000e-01	4.490539e+01
5.270000e-01	4.497370e+01
5.280000e-01	4.518983e+01
5.290000e-01	4.476557e+01
5.300000e-01	4.392918e+01
5.310000e-01	4.281263e+01
5.320000e-01	4.145554e+01
5.330000e-01	4.047712e+01
5.340000e-01	3.987688e+01
5.350000e-01	4.571173e+01
5.360000e-01	3.998779e+01
5.370000e-01	4.017619e+01
5.380000e-01	4.126302e+01
5.390000e-01	4.233781e+01
5.400000e-01	4.350210e+01
5.410000e-01	4.382316e+01
5.420000e-01	4.429474e+01
5.430000e-01	4.422936e+01
5.440000e-01	4.372398e+01
5.450000e-01	4.259570e+01
5.460000e-01	4.180463e+01
5.470000e-01	4.091279e+01
5.480000e-01	4.023140e+01
5.490000e-01	4.246479e+01
5.500000e-01	3.989295e+01
5.510000e-01	3.995081e+01
5.520000e-01	4.043030e+01
5.530000e-01	4.407375e+01
5.540000e-01	4.186104e+01
5.550000e-01	4.277899e+01
5.560000e-01	4.358559e+01
5.570000e-01	4.408849e+01
5.580000e-01	4.411666e+01
5.590000e-01	4.392916e+01
5.600000e-01	4.292255e+01
5.610000e-01	4.195570e+01
5.620000e-01	4.148117e+01
5.630000e-01	4.104662e+01
5.640000e-01	4.098642e+01
5.650000e-01	4.359830e+01
5.660000e-01	4.096331e+01
5.670000e-01	4.143774e+01
5.680000e-01	4.200454e+01
5.690000e-01	4.595839e+01
5.700000e-01	4.332871e+01
5.710000e-01	4.358509e+01
5.720000e-01	4.375448e+01
5.730000e-01	4.374194e+01
5.740000e-01	4.333763e+01
5.750000e-01	4.231341e+01
5.760000e-01	4.182638e+01
5.770000e-01	4.140881e+01
5.780000e-01	4.077006e+01
5.790000e-01	4.383108e+01
5.800000e-01	4.062633e+01
5.810000e-01	4.055582e+01
5.820000e-01	4.097341e+01
5.830000e-01	4.334840e+01
5.840000e-01	4.204065e+01
5.850000e-01	4.226067e+01
5.860000e-01	4.272344e+01
5.870000e-01	4.300399e+01
5.880000e-01	4.306100e+01
5.890000e-01	4.270269e+01
5.900000e-01	4.217665e+01
5.910000e-01	4.161800e+01
5.920000e-01	4.362093e+01
5.930000e-01	4.158429e+01
5.940000e-01	4.146268e+01
5.950000e-01	4.149961e+01
5.960000e-01	4.157650e+01
5.970000e-01	4.380721e+01
5.980000e-01	4.214354e+01
5.990000e-01	4.257982e+01
6.000000e-01	4.297949e+01
6.010000e-01	4.317362e+01
6.020000e-01	4.317173e+01
6.030000e-01	4.318147e+01
6.040000e-01	4.331279e+01
6.050000e-01	4.406828e+01
6.060000e-01	4.264115e+01
6.070000e-01	4.241216e+01
6.080000e-01	4.223053e+01
6.090000e-01	4.335010e+01
6.100000e-01	4.157471e+01
6.110000e-01	4.152330e+01
6.120000e-01	4.154458e+01
6.130000e-01	4.164607e+01
6.140000e-01	4.175032e+01
6.150000e-01	4.182777e+01
6.160000e-01	4.190822e+01
6.170000e-01	4.190645e+01
6.180000e-01	4.396227e+01
6.190000e-01	4.224656e+01
6.200000e-01	4.375662e+01
6.210000e-01	4.245727e+01
6.220000e-01	4.241206e+01
6.230000e-01	4.261280e+01
6.240000e-01	4.267778e+01
6.250000e-01	4.253196e+01
6.260000e-01	4.220320e+01
6.270000e-01	4.179747e+01
6.280000e-01	4.144021e+01
6.290000e-01	4.124586e+01
6.300000e-01	4.126780e+01
6.310000e-01	4.143322e+01
6.320000e-01	4.566838e+01
6.330000e-01	4.289950e+01
6.340000e-01	4.284742e+01
6.350000e-01	4.288383e+01
6.360000e-01	4.299548e+01
6.370000e-01	4.280226e+01
6.380000e-01	4.259768e+01
6.390000e-01	4.264175e+01
6.400000e-01	4.191410e+01
6.410000e-01	4.146795e+01
6.420000e-01	4.147027e+01
6.430000e-01	4.126906e+01
6.440000e-01	4.562464e+01
6.450000e-01	4.182323e+01
6.460000e-01	4.201184e+01
6.470000e-01	4.206416e+01
6.480000e-01	4.241769e+01
6.490000e-01	4.252435e+01
6.500000e-01	4.254516e+01
6.510000e-01	4.250140e+01
6.520000e-01	4.233694e+01
6.530000e-01	4.217278e+01
6.540000e-01	4.188857e+01
6.550000e-01	4.179232e+01
6.560000e-01	4.509103e+01
6.570000e-01	4.262342e+01
6.580000e-01	4.156582e+01
6.590000e-01	4.169907e+01
6.600000e-01	4.172195e+01
6.610000e-01	4.171658e+01
6.620000e-01	4.161990e+01
6.630000e-01	4.169457e+01
6.640000e-01	4.182329e+01
6.650000e-01	4.200290e+01
6.660000e-01	4.214853e+01
6.670000e-01	4.172431e+01
6.680000e-01	4.268392e+01
6.690000e-01	4.387610e+01
6.700000e-01	4.402787e+01
6.710000e-01	4.418437e+01
6.720000e-01	4.317906e+01
6.730000e-01	4.325949e+01
6.740000e-01	4.329776e+01
6.750000e-01	4.295666e+01
6.760000e-01	4.283482e+01
6.770000e-01	4.268130e+01
6.780000e-01	4.242482e+01
6.790000e-01	4.130325e+01
6.800000e-01	4.162584e+01
6.810000e-01	4.240153e+01
6.820000e-01	4.166783e+01
6.830000e-01	4.376440e+01
6.840000e-01	4.213352e+01
6.850000e-01	4.233815e+01
6.860000e-01	4.251102e+01
6.870000e-01	4.261154e+01
6.880000e-01	4.262141e+01
6.890000e-01	4.254667e+01
6.900000e-01	4.241420e+01
6.910000e-01	4.243935e+01
6.920000e-01	4.353725e+01
6.930000e-01	4.213004e+01
6.940000e-01	4.206962e+01
6.950000e-01	4.402086e+01
6.960000e-01	4.213395e+01
6.970000e-01	4.228224e+01
6.980000e-01	4.245794e+01
6.990000e-01	4.263526e+01
7.000000e-01	4.280381e+01
7.010000e-01	4.285965e+01
7.020000e-01	4.296016e+01
7.030000e-01	4.436108e+01
7.040000e-01	4.279640e+01
7.050000e-01	4.255570e+01
7.060000e-01	4.375335e+01
7.070000e-01	4.239390e+01
7.080000e-01	4.195119e+01
7.090000e-01	4.181520e+01
7.100000e-01	4.175986e+01
7.110000e-01	4.173639e+01
7.120000e-01	4.177604e+01
7.130000e-01	4.215684e+01
7.140000e-01	4.308269e+01
7.150000e-01	4.224993e+01
7.160000e-01	4.232938e+01
7.170000e-01	4.359832e+01
7.180000e-01	4.310072e+01
7.190000e-01	4.275393e+01
7.200000e-01	4.281374e+01
7.210000e-01	4.279165e+01
7.220000e-01	4.262619e+01
7.230000e-01	4.234798e+01
7.240000e-01	4.267206e+01
7.250000e-01	4.271409e+01
7.260000e-01	4.213453e+01
7.270000e-01	4.220518e+01
7.280000e-01	4.219339e+01
7.290000e-01	4.331460e+01
7.300000e-01	4.284845e+01
7.310000e-01	4.219583e+01
7.320000e-01	4.218064e+01
7.330000e-01	4.210293e+01
7.340000e-01	4.190437e+01
7.350000e-01	4.174835e+01
7.360000e-01	4.219446e+01
7.370000e-01	4.270709e+01
7.380000e-01	4.198327e+01
7.390000e-01	4.201849e+01
7.400000e-01	4.327351e+01
7.410000e-01	4.233137e+01
7.420000e-01	4.232109e+01
7.430000e-01	4.245670e+01
7.440000e-01	4.233423e+01
7.450000e-01	4.257408e+01
7.460000e-01	4.266491e+01
7.470000e-01	4.270171e+01
7.480000e-01	4.262785e+01
7.490000e-01	4.390050e+01
7.500000e-01	4.308580e+01
7.510000e-01	4.313880e+01
7.520000e-01	4.232422e+01
7.530000e-01	4.228411e+01
7.540000e-01	4.221426e+01
7.550000e-01	4.192216e+01
7.560000e-01	4.193766e+01
7.570000e-01	4.162225e+01
7.580000e-01	4.111436e+01
7.590000e-01	4.089156e+01
7.600000e-01	4.185161e+01
7.610000e-01	4.215224e+01
7.620000e-01	4.244194e+01
7.630000e-01	4.359482e+01
7.640000e-01	4.280393e+01
7.650000e-01	4.282921e+01
7.660000e-01	4.280876e+01
7.670000e-01	4.277066e+01
7.680000e-01	4.269237e+01
7.690000e-01	4.365941e+01
7.700000e-01	4.261552e+01
7.710000e-01	4.259011e+01
7.720000e-01	4.230761e+01
7.730000e-01	4.219624e+01
7.740000e-01	4.239212e+01
7.750000e-01	4.293337e+01
7.760000e-01	4.208060e+01
7.770000e-01	4.197231e+01
7.780000e-01	4.287486e+01
7.790000e-01	4.223322e+01
7.800000e-01	4.193316e+01
7.810000e-01	4.194261e+01
7.820000e-01	4.194637e+01
7.830000e-01	4.179616e+01
7.840000e-01	4.195946e+01
7.850000e-01	4.172899e+01
7.860000e-01	4.360359e+01
7.870000e-01	4.328718e+01
7.880000e-01	4.268267e+01
7.890000e-01	4.272921e+01
7.900000e-01	4.282098e+01
7.910000e-01	4.275281e+01
7.920000e-01	4.276749e+01
7.930000e-01	4.281984e+01
7.940000e-01	4.285322e+01
7.950000e-01	4.281313e+01
7.960000e-01	4.342233e+01
7.970000e-01	4.295231e+01
7.980000e-01	4.369665e+01
7.990000e-01	4.292502e+01
8.000000e-01	4.281847e+01
8.010000e-01	4.228688e+01
8.020000e-01	4.204228e+01
8.030000e-01	4.204814e+01
8.040000e-01	4.230398e+01
8.050000e-01	4.231856e+01
8.060000e-01	4.180486e+01
8.070000e-01	4.165761e+01
8.080000e-01	4.116152e+01
8.090000e-01	4.135080e+01
8.100000e-01	4.152376e+01
8.110000e-01	4.175973e+01
8.120000e-01	4.199806e+01
8.130000e-01	4.242871e+01
8.140000e-01	4.267352e+01
8.150000e-01	4.347684e+01
8.160000e-01	4.323820e+01
8.170000e-01	4.261973e+01
8.180000e-01	4.286483e+01
8.190000e-01	4.300342e+01
8.200000e-01	4.335072e+01
8.210000e-01	4.296672e+01
8.220000e-01	4.266476e+01
8.230000e-01	4.244311e+01
8.240000e-01	4.211616e+01
8.250000e-01	4.199391e+01
8.260000e-01	4.170601e+01
8.270000e-01	4.212333e+01
8.280000e-01	4.208964e+01
8.290000e-01	4.222095e+01
8.300000e-01	4.196846e+01
8.310000e-01	4.228383e+01
8.320000e-01	4.486360e+01
8.330000e-01	4.291364e+01
8.340000e-01	4.341237e+01
8.350000e-01	4.282996e+01
8.360000e-01	4.263909e+01
8.370000e-01	4.247141e+01
8.380000e-01	4.225721e+01
8.390000e-01	4.196539e+01
8.400000e-01	4.206215e+01
8.410000e-01	4.201109e+01
8.420000e-01	4.145014e+01
8.430000e-01	4.142809e+01
8.440000e-01	4.150221e+01
8.450000e-01	4.168115e+01
8.460000e-01	4.194530e+01
8.470000e-01	4.263763e+01
8.480000e-01	4.276488e+01
8.490000e-01	4.407806e+01
8.500000e-01	4.300901e+01
8.510000e-01	4.278161e+01
8.520000e-01	4.261404e+01
8.530000e-01	4.265964e+01
8.540000e-01	4.270010e+01
8.550000e-01	4.187401e+01
8.560000e-01	4.165236e+01
8.570000e-01	4.121549e+01
8.580000e-01	4.170352e+01
8.590000e-01	4.121172e+01
8.600000e-01	4.237928e+01
8.610000e-01	4.239034e+01
8.620000e-01	4.274808e+01
8.630000e-01	4.296523e+01
8.640000e-01	4.336039e+01
8.650000e-01	4.327554e+01
8.660000e-01	4.565610e+01
8.670000e-01	4.430363e+01
8.680000e-01	4.283450e+01
8.690000e-01	4.259272e+01
8.700000e-01	4.232201e+01
8.710000e-01	4.206099e+01
8.720000e-01	4.193447e+01
8.730000e-01	4.203565e+01
8.740000e-01	4.151314e+01
8.750000e-01	4.123745e+01
8.760000e-01	4.114842e+01
8.770000e-01	4.110874e+01
8.780000e-01	4.105857e+01
8.790000e-01	4.136964e+01
8.800000e-01	4.170772e+01
8.810000e-01	4.174233e+01
8.820000e-01	4.207048e+01
8.830000e-01	4.237800e+01
8.840000e-01	4.249237e+01
8.850000e-01	4.429341e+01
8.860000e-01	4.426341e+01
8.870000e-01	4.301830e+01
8.880000e-01	4.275900e+01
8.890000e-01	4.258579e+01
8.900000e-01	4.229411e+01
8.910000e-01	4.220137e+01
8.920000e-01	4.213803e+01
8.930000e-01	4.200200e+01
8.940000e-01	4.200023e+01
8.950000e-01	4.211950e+01
8.960000e-01	4.191519e+01
8.970000e-01	4.221343e+01
8.980000e-01	4.244536e+01
8.990000e-01	4.293555e+01
9.000000e-01	4.315709e+01
9.010000e-01	4.298008e+01
9.020000e-01	4.290573e+01
9.030000e-01	4.328769e+01
9.040000e-01	4.387452e+01
9.050000e-01	4.236852e+01
9.060000e-01	4.245001e+01
9.070000e-01	4.243181e+01
9.080000e-01	4.173544e+01
9.090000e-01	4.174168e+01
9.100000e-01	4.160227e+01
9.110000e-01	4.150081e+01
9.120000e-01	4.152773e+01
9.130000e-01	4.185963e+01
9.140000e-01	4.160853e+01
9.150000e-01	4.156995e+01
9.160000e-01	4.170835e+01
9.170000e-01	4.189647e+01
9.180000e-01	4.347415e+01
9.190000e-01	4.294589e+01
9.200000e-01	4.320229e+01
9.210000e-01	4.284706e+01
9.220000e-01	4.272040e+01
9.230000e-01	4.240609e+01
9.240000e-01	4.225445e+01
9.250000e-01	4.166396e+01
9.260000e-01	4.197415e+01
9.270000e-01	4.198338e+01
9.280000e-01	4.187592e+01
9.290000e-01	4.199262e+01
9.300000e-01	4.228529e+01
9.310000e-01	4.309045e+01
9.320000e-01	4.380515e+01
9.330000e-01	4.344986e+01
9.340000e-01	4.317729e+01
9.350000e-01	4.302199e+01
9.360000e-01	4.281013e+01
9.370000e-01	4.245279e+01
9.380000e-01	4.221218e+01
9.390000e-01	4.205405e+01
9.400000e-01	4.192323e+01
9.410000e-01	4.167877e+01
9.420000e-01	4.166590e+01
9.430000e-01	4.165991e+01
9.440000e-01	4.138585e+01
9.450000e-01	4.275579e+01
9.460000e-01	4.189387e+01
9.470000e-01	4.208060e+01
9.480000e-01	4.254246e+01
9.490000e-01	4.225178e+01
9.500000e-01	4.236109e+01
9.510000e-01	4.232647e+01
9.520000e-01	4.240163e+01
9.530000e-01	4.220029e+01
9.540000e-01	4.229456e+01
9.550000e-01	4.270199e+01
9.560000e-01	4.266299e+01
9.570000e-01	4.233965e+01
9.580000e-01	4.215403e+01
9.590000e-01	4.178464e+01
9.600000e-01	4.282758e+01
9.610000e-01	4.251378e+01
9.620000e-01	4.272947e+01
9.630000e-01	4.272955e+01
9.640000e-01	4.272991e+01
9.650000e-01	4.274953e+01
9.660000e-01	4.275588e+01
9.670000e-01	4.260250e+01
9.680000e-01	4.205488e+01
9.690000e-01	4.193473e+01
9.700000e-01	4.191018e+01
9.710000e-01	4.192063e+01
9.720000e-01	4.205670e+01
9.730000e-01	4.235634e+01
9.740000e-01	4.218008e+01
9.750000e-01	4.227097e+01
9.760000e-01	4.194573e+01
9.770000e-01	4.203109e+01
9.780000e-01	4.225065e+01
9.790000e-01	4.448981e+01
9.800000e-01	4.278036e+01
9.810000e-01	4.280774e+01
9.820000e-01	4.301241e+01
9.830000e-01	4.238854e+01
9.840000e-01	4.201624e+01
9.850000e-01	4.166396e+01
9.860000e-01	4.114138e+01
9.870000e-01	4.108689e+01
9.880000e-01	4.120261e+01
9.890000e-01	4.140220e+01
9.900000e-01	4.159746e+01
9.910000e-01	4.190996e+01
9.920000e-01	4.199697e+01
9.930000e-01	4.216567e+01
9.940000e-01	4.249362e+01
9.950000e-01	4.270897e+01
9.960000e-01	4.240141e+01
9.970000e-01	4.271248e+01
9.980000e-01	4.373079e+01
9.990000e-01	4.425389e+01
1.000000e+00	4.311981e+01
1.001000e+00	4.345765e+01
1.002000e+00	4.300208e+01
1.003000e+00	4.261395e+01
1.004000e+00	4.227049e+01
1.005000e+00	4.190389e+01
1.006000e+00	4.151500e+01
1.007000e+00	4.086875e+01
1.008000e+00	4.118300e+01
1.009000e+00	4.167518e+01
1.010000e+00	4.215773e+01
1.011000e+00	4.162302e+01
1.012000e+00	4.200759e+01
1.013000e+00	4.223662e+01
1.014000e+00	4.305731e+01
1.015000e+00	4.286452e+01
1.016000e+00	4.231918e+01
1.017000e+00	4.409649e+01
1.018000e+00	4.248301e+01
1.019000e+00	4.218680e+01
1.020000e+00	4.216236e+01
1.021000e+00	4.215151e+01
1.022000e+00	4.216288e+01
1.023000e+00	4.217590e+01
1.024000e+00	4.209198e+01
1.025000e+00	4.208961e+01
1.026000e+00	4.196541e+01
1.027000e+00	4.263595e+01
1.028000e+00	4.171843e+01
1.029000e+00	4.178741e+01
1.030000e+00	4.173866e+01
1.031000e+00	4.217113e+01
1.032000e+00	4.196364e+01
1.033000e+00	4.227536e+01
1.034000e+00	4.360351e+01
1.035000e+00	4.264185e+01
1.036000e+00	4.237057e+01
1.037000e+00	4.215960e+01
1.038000e+00	4.201862e+01
1.039000e+00	4.266345e+01
1.040000e+00	4.160137e+01
1.041000e+00	4.169433e+01
1.042000e+00	4.186891e+01
1.043000e+00	4.207659e+01
1.044000e+00	4.227434e+01
1.045000e+00	4.242270e+01
1.046000e+00	4.250095e+01
1.047000e+00	4.250294e+01
1.048000e+00	4.244964e+01
1.049000e+00	4.236450e+01
1.050000e+00	4.320940e+01
1.051000e+00	4.353827e+01
1.052000e+00	4.239353e+01
1.053000e+00	4.230990e+01
1.054000e+00	4.225570e+01
1.055000e+00	4.215831e+01
1.056000e+00	4.200325e+01
1.057000e+00	4.179713e+01
1.058000e+00	4.157493e+01
1.059000e+00	4.139192e+01
1.060000e+00	4.128216e+01
1.061000e+00	4.132130e+01
1.062000e+00	4.205396e+01
1.063000e+00	4.190639e+01
1.064000e+00	4.185816e+01
1.065000e+00	4.219908e+01
1.066000e+00	4.233297e+01
1.067000e+00	4.300757e+01
1.068000e+00	4.342341e+01
1.069000e+00	4.274437e+01
1.070000e+00	4.257829e+01
1.071000e+00	4.243753e+01
1.072000e+00	4.224389e+01
1.073000e+00	4.215986e+01
1.074000e+00	4.237393e+01
1.075000e+00	4.216398e+01
1.076000e+00	4.192467e+01
1.077000e+00	4.192701e+01
1.078000e+00	4.186994e+01
1.079000e+00	4.189486e+01
1.080000e+00	4.192556e+01
1.081000e+00	4.163296e+01
1.082000e+00	4.136421e+01
1.083000e+00	4.134348e+01
1.084000e+00	4.151656e+01
1.085000e+00	4.188628e+01
1.086000e+00	4.392122e+01
1.087000e+00	4.317008e+01
1.088000e+00	4.316871e+01
1.089000e+00	4.318733e+01
1.090000e+00	4.297587e+01
1.091000e+00	4.258607e+01
1.092000e+00	4.210350e+01
1.093000e+00	4.164347e+01
1.094000e+00	4.131583e+01
1.095000e+00	4.119472e+01
1.096000e+00	4.129965e+01
1.097000e+00	4.159265e+01
1.098000e+00	4.197259e+01
1.099000e+00	4.233689e+01
1.100000e+00	4.260041e+01
1.101000e+00	4.286005e+01
1.102000e+00	4.351078e+01
1.103000e+00	4.294337e+01
1.104000e+00	4.383417e+01
1.105000e+00	4.210379e+01
1.106000e+00	4.187292e+01
1.107000e+00	4.167681e+01
1.108000e+00	4.163277e+01
1.109000e+00	4.171091e+01
1.110000e+00	4.187730e+01
1.111000e+00	4.207467e+01
1.112000e+00	4.224874e+01
1.113000e+00	4.235909e+01
1.114000e+00	4.239846e+01
1.115000e+00	4.238332e+01
1.116000e+00	4.279746e+01
1.117000e+00	4.300593e+01
1.118000e+00	4.235717e+01
1.119000e+00	4.238102e+01
1.120000e+00	4.244562e+01
1.121000e+00	4.253170e+01
1.122000e+00	4.365754e+01
1.123000e+00	4.278353e+01
1.124000e+00	4.270289e+01
1.125000e+00	4.258950e+01
1.126000e+00	4.240260e+01
1.127000e+00	4.211229e+01
1.128000e+00	4.182885e+01
1.129000e+00	4.148241e+01
1.130000e+00	4.131482e+01
1.131000e+00	4.137364e+01
1.132000e+00	4.197941e+01
1.133000e+00	4.138829e+01
1.134000e+00	4.153531e+01
1.135000e+00	4.171785e+01
1.136000e+00	4.185776e+01
1.137000e+00	4.189416e+01
1.138000e+00	4.200587e+01
1.139000e+00	4.233502e+01
1.140000e+00	4.278019e+01
1.141000e+00	4.212360e+01
1.142000e+00	4.216719e+01
1.143000e+00	4.211527e+01
1.144000e+00	4.233696e+01
1.145000e+00	4.245062e+01
1.146000e+00	4.224078e+01
1.147000e+00	4.261580e+01
1.148000e+00	4.285805e+01
1.149000e+00	4.246794e+01
1.150000e+00	4.234295e+01
1.151000e+00	4.231920e+01
1.152000e+00	4.230447e+01
1.153000e+00	4.227497e+01
1.154000e+00	4.224984e+01
1.155000e+00	4.224834e+01
1.156000e+00	4.228359e+01
1.157000e+00	4.323910e+01
1.158000e+00	4.237954e+01
1.159000e+00	4.229652e+01
1.160000e+00	4.224269e+01
1.161000e+00	4.213780e+01
1.162000e+00	4.201640e+01
1.163000e+00	4.188912e+01
1.164000e+00	4.255427e+01
1.165000e+00	4.156907e+01
1.166000e+00	4.160804e+01
1.167000e+00	4.172385e+01
1.168000e+00	4.188326e+01
1.169000e+00	4.203483e+01
1.170000e+00	4.208895e+01
1.171000e+00	4.218136e+01
1.172000e+00	4.216230e+01
1.173000e+00	4.209297e+01
1.174000e+00	4.204137e+01
1.175000e+00	4.278110e+01
1.176000e+00	4.192135e+01
1.177000e+00	4.176685e+01
1.178000e+00	4.172438e+01
1.179000e+00	4.176628e+01
1.180000e+00	4.253785e+01
1.181000e+00	4.198692e+01
1.182000e+00	4.206098e+01
1.183000e+00	4.220356e+01
1.184000e+00	4.231854e+01
1.185000e+00	4.239268e+01
1.186000e+00	4.234217e+01
1.187000e+00	4.244325e+01
1.188000e+00	4.228899e+01
1.189000e+00	4.240095e+01
1.190000e+00	4.254072e+01
1.191000e+00	4.263882e+01
1.192000e+00	4.266968e+01
1.193000e+00	4.302468e+01
1.194000e+00	4.264097e+01
1.195000e+00	4.256292e+01
1.196000e+00	4.320377e+01
1.197000e+00	4.225140e+01
1.198000e+00	4.208734e+01
1.199000e+00	4.196869e+01
1.200000e+00	4.186702e+01
1.201000e+00	4.175098e+01
1.202000e+00	4.165139e+01
1.203000e+00	4.156159e+01
1.204000e+00	4.146434e+01
1.205000e+00	4.146531e+01
1.206000e+00	4.146863e+01
1.207000e+00	4.153347e+01
1.208000e+00	4.163275e+01
1.209000e+00	4.173893e+01
1.210000e+00	4.191120e+01
1.211000e+00	4.208194e+01
1.212000e+00	4.304097e+01
1.213000e+00	4.259337e+01
1.214000e+00	4.337937e+01
1.215000e+00	4.262164e+01
1.216000e+00	4.257882e+01
1.217000e+00	4.250698e+01
1.218000e+00	4.243884e+01
1.219000e+00	4.231974e+01
1.220000e+00	4.220163e+01
1.221000e+00	4.201850e+01
1.222000e+00	4.204464e+01
1.223000e+00	4.208947e+01
1.224000e+00	4.193108e+01
1.225000e+00	4.189962e+01
1.226000e+00	4.204759e+01
1.227000e+00	4.228735e+01
1.228000e+00	4.293086e+01
1.229000e+00	4.290275e+01
1.230000e+00	4.295411e+01
1.231000e+00	4.281622e+01
1.232000e+00	4.255746e+01
1.233000e+00	4.219649e+01
1.234000e+00	4.258797e+01
1.235000e+00	4.161471e+01
1.236000e+00	4.157761e+01
1.237000e+00	4.162147e+01
1.238000e+00	4.172726e+01
1.239000e+00	4.181474e+01
1.240000e+00	4.187192e+01
1.241000e+00	4.188433e+01
1.242000e+00	4.185274e+01
1.243000e+00	4.179748e+01
1.244000e+00	4.173960e+01
1.245000e+00	4.172712e+01
1.246000e+00	4.174145e+01
1.247000e+00	4.182417e+01
1.248000e+00	4.196247e+01
1.249000e+00	4.214955e+01
1.250000e+00	4.334689e+01
1.251000e+00	4.310490e+01
1.252000e+00	4.276938e+01
1.253000e+00	4.291889e+01
1.254000e+00	4.326046e+01
1.255000e+00	4.257525e+01
1.256000e+00	4.235694e+01
1.257000e+00	4.206860e+01
1.258000e+00	4.193930e+01
1.259000e+00	4.167314e+01
1.260000e+00	4.179435e+01
1.261000e+00	4.168450e+01
1.262000e+00	4.194799e+01
1.263000e+00	4.213495e+01
1.264000e+00	4.234673e+01
1.265000e+00	4.242748e+01
1.266000e+00	4.250848e+01
1.267000e+00	4.240252e+01
1.268000e+00	4.227423e+01
1.269000e+00	4.210729e+01
1.270000e+00	4.191460e+01
1.271000e+00	4.176611e+01
1.272000e+00	4.272478e+01
1.273000e+00	4.239913e+01
1.274000e+00	4.193744e+01
1.275000e+00	4.172584e+01
1.276000e+00	4.179270e+01
1.277000e+00	4.187679e+01
1.278000e+00	4.191295e+01
1.279000e+00	4.194313e+01
1.280000e+00	4.191775e+01
1.281000e+00	4.184914e+01
1.282000e+00	4.179094e+01
1.283000e+00	4.179355e+01
1.284000e+00	4.188485e+01
1.285000e+00	4.206450e+01
1.286000e+00	4.230615e+01
1.287000e+00	4.256313e+01
1.288000e+00	4.278155e+01
1.289000e+00	4.291513e+01
1.290000e+00	4.293739e+01
1.291000e+00	4.284671e+01
1.292000e+00	4.282862e+01
1.293000e+00	4.299871e+01
1.294000e+00	4.321602e+01
1.295000e+00	4.239324e+01
1.296000e+00	4.220641e+01
1.297000e+00	4.203548e+01
1.298000e+00	4.199824e+01
1.299000e+00	4.198285e+01
1.300000e+00	4.196228e+01
1.301000e+00	4.170289e+01
1.302000e+00	4.162276e+01
1.303000e+00	4.167925e+01
1.304000e+00	4.167214e+01
1.305000e+00	4.220089e+01
1.306000e+00	4.177827e+01
1.307000e+00	4.161456e+01
1.308000e+00	4.162714e+01
1.309000e+00	4.174121e+01
1.310000e+00	4.185914e+01
1.311000e+00	4.201711e+01
1.312000e+00	4.233549e+01
1.313000e+00	4.219790e+01
1.314000e+00	4.217091e+01
1.315000e+00	4.214719e+01
1.316000e+00	4.212403e+01
1.317000e+00	4.210726e+01
1.318000e+00	4.212599e+01
1.319000e+00	4.234248e+01
1.320000e+00	4.493487e+01
1.321000e+00	4.235599e+01
1.322000e+00	4.235323e+01
1.323000e+00	4.230799e+01
1.324000e+00	4.221481e+01
1.325000e+00	4.206189e+01
1.326000e+00	4.193276e+01
1.327000e+00	4.184697e+01
1.328000e+00	4.167968e+01
1.329000e+00	4.156379e+01
1.330000e+00	4.159708e+01
1.331000e+00	4.177462e+01
1.332000e+00	4.209449e+01
1.333000e+00	4.232627e+01
1.334000e+00	4.263803e+01
1.335000e+00	4.286736e+01
1.336000e+00	4.286083e+01
1.337000e+00	4.259639e+01
1.338000e+00	4.213859e+01
1.339000e+00	4.160575e+01
1.340000e+00	4.113581e+01
1.341000e+00	4.088154e+01
1.342000e+00	4.088646e+01
1.343000e+00	4.113343e+01
1.344000e+00	4.166792e+01
1.345000e+00	4.358412e+01
1.346000e+00	4.269038e+01
1.347000e+00	4.306343e+01
1.348000e+00	4.327211e+01
1.349000e+00	4.304308e+01
1.350000e+00	4.257858e+01
1.351000e+00	4.203147e+01
1.352000e+00	4.156322e+01
1.353000e+00	4.128796e+01
1.354000e+00	4.127028e+01
1.355000e+00	4.149138e+01
1.356000e+00	4.187425e+01
1.357000e+00	4.219989e+01
1.358000e+00	4.264120e+01
1.359000e+00	4.283179e+01
1.360000e+00	4.283075e+01
1.361000e+00	4.258637e+01
1.362000e+00	4.218451e+01
1.363000e+00	4.174368e+01
1.364000e+00	4.140273e+01
1.365000e+00	4.125808e+01
1.366000e+00	4.132846e+01
1.367000e+00	4.159554e+01
1.368000e+00	4.199629e+01
1.369000e+00	4.240363e+01
1.370000e+00	4.409245e+01
1.371000e+00	4.344419e+01
1.372000e+00	4.305276e+01
1.373000e+00	4.283649e+01
1.374000e+00	4.249085e+01
1.375000e+00	4.208715e+01
1.376000e+00	4.171680e+01
1.377000e+00	4.150939e+01
1.378000e+00	4.148686e+01
1.379000e+00	4.153180e+01
1.380000e+00	4.167775e+01
1.381000e+00	4.190236e+01
1.382000e+00	4.212156e+01
1.383000e+00	4.227427e+01
1.384000e+00	4.232717e+01
1.385000e+00	4.223291e+01
1.386000e+00	4.220696e+01
1.387000e+00	4.209211e+01
1.388000e+00	4.191770e+01
1.389000e+00	4.173490e+01
1.390000e+00	4.159143e+01
1.391000e+00	4.152843e+01
1.392000e+00	4.157504e+01
1.393000e+00	4.170867e+01
1.394000e+00	4.193029e+01
1.395000e+00	4.220517e+01
1.396000e+00	4.433124e+01
1.397000e+00	4.281037e+01
1.398000e+00	4.291977e+01
1.399000e+00	4.288823e+01
1.400000e+00	4.262540e+01
1.401000e+00	4.228689e+01
1.402000e+00	4.189616e+01
1.403000e+00	4.160006e+01
1.404000e+00	4.144999e+01
1.405000e+00	4.136261e+01
1.406000e+00	4.146924e+01
1.407000e+00	4.171782e+01
1.408000e+00	4.200795e+01
1.409000e+00	4.229076e+01
1.410000e+00	4.243755e+01
1.411000e+00	4.252492e+01
1.412000e+00	4.249038e+01
1.413000e+00	4.236083e+01
1.414000e+00	4.216710e+01
1.415000e+00	4.195522e+01
1.416000e+00	4.175706e+01
1.417000e+00	4.166319e+01
1.418000e+00	4.158589e+01
1.419000e+00	4.170146e+01
1.420000e+00	4.186606e+01
1.421000e+00	4.210755e+01
1.422000e+00	4.314520e+01
1.423000e+00	4.321391e+01
1.424000e+00	4.268269e+01
1.425000e+00	4.268508e+01
1.426000e+00	4.245795e+01
1.427000e+00	4.213858e+01
1.428000e+00	4.176191e+01
1.429000e+00	4.140951e+01
1.430000e+00	4.107484e+01
1.431000e+00	4.107433e+01
1.432000e+00	4.121847e+01
1.433000e+00	4.144280e+01
1.434000e+00	4.168271e+01
1.435000e+00	4.188287e+01
1.436000e+00	4.200065e+01
1.437000e+00	4.203391e+01
1.438000e+00	4.202284e+01
1.439000e+00	4.200970e+01
1.440000e+00	4.201279e+01
1.441000e+00	4.208500e+01
1.442000e+00	4.222768e+01
1.443000e+00	4.241387e+01
1.444000e+00	4.260202e+01
1.445000e+00	4.274813e+01
1.446000e+00	4.281844e+01
1.447000e+00	4.279792e+01
1.448000e+00	4.276167e+01
1.449000e+00	4.270205e+01
1.450000e+00	4.378993e+01
1.451000e+00	4.225565e+01
1.452000e+00	4.206759e+01
1.453000e+00	4.202562e+01
1.454000e+00	4.194046e+01
1.455000e+00	4.184818e+01
1.456000e+00	4.172543e+01
1.457000e+00	4.156976e+01
1.458000e+00	4.142875e+01
1.459000e+00	4.133473e+01
1.460000e+00	4.130386e+01
1.461000e+00	4.136785e+01
1.462000e+00	4.151248e+01
1.463000e+00	4.169388e+01
1.464000e+00	4.190263e+01
1.465000e+00	4.210287e+01
1.466000e+00	4.226647e+01
1.467000e+00	4.237731e+01
1.468000e+00	4.243259e+01
1.469000e+00	4.244029e+01
1.470000e+00	4.241532e+01
1.471000e+00	4.237426e+01
1.472000e+00	4.233190e+01
1.473000e+00	4.229379e+01
1.474000e+00	4.225983e+01
1.475000e+00	4.222443e+01
1.476000e+00	4.217827e+01
1.477000e+00	4.216206e+01
1.478000e+00	4.264398e+01
1.479000e+00	4.222558e+01
1.480000e+00	4.188503e+01
1.481000e+00	4.186271e+01
1.482000e+00	4.188328e+01
1.483000e+00	4.193886e+01
1.484000e+00	4.201061e+01
1.485000e+00	4.207237e+01
1.486000e+00	4.209549e+01
1.487000e+00	4.206777e+01
1.488000e+00	4.200404e+01
1.489000e+00	4.192455e+01
1.490000e+00	4.185090e+01
1.491000e+00	4.180043e+01
1.492000e+00	4.178089e+01
1.493000e+00	4.179065e+01
1.494000e+00	4.182430e+01
1.495000e+00	4.186635e+01
1.496000e+00	4.190581e+01
1.497000e+00	4.194440e+01
1.498000e+00	4.194519e+01
1.499000e+00	4.195783e+01
1.500000e+00	4.196856e+01


