"+5 angle gnd impact joint"

"Time      "	".JOINT_qianhou.Element_Force.Mag"
0.000000e+00	4.212966e+01
5.000000e-04	3.329616e+01
1.000000e-03	3.707845e+01
1.500000e-03	3.846927e+01
2.000000e-03	3.920305e+01
2.500000e-03	3.966047e+01
3.000000e-03	3.997540e+01
3.500000e-03	4.020604e+01
4.000000e-03	4.038339e+01
4.500000e-03	4.052400e+01
5.000000e-03	4.063890e+01
5.500000e-03	4.073442e+01
6.000000e-03	4.081523e+01
6.500000e-03	4.088449e+01
7.000000e-03	4.094417e+01
7.500000e-03	4.099656e+01
8.000000e-03	4.104250e+01
8.500000e-03	4.108324e+01
9.000000e-03	4.111934e+01
9.500000e-03	4.115150e+01
1.000000e-02	4.118020e+01
1.050000e-02	4.120585e+01
1.100000e-02	4.122874e+01
1.150000e-02	4.124899e+01
1.200000e-02	4.126713e+01
1.250000e-02	4.128373e+01
1.300000e-02	4.129908e+01
1.350000e-02	4.131327e+01
1.400000e-02	4.132647e+01
1.450000e-02	4.133880e+01
1.500000e-02	4.135027e+01
1.550000e-02	4.136098e+01
1.600000e-02	4.137093e+01
1.650000e-02	4.138027e+01
1.700000e-02	4.138928e+01
1.750000e-02	4.139765e+01
1.800000e-02	4.140567e+01
1.850000e-02	4.141339e+01
1.900000e-02	4.142082e+01
1.950000e-02	4.142802e+01
2.000000e-02	4.143496e+01
2.050000e-02	4.144176e+01
2.100000e-02	4.144833e+01
2.150000e-02	4.145482e+01
2.200000e-02	4.146110e+01
2.250000e-02	4.146727e+01
2.300000e-02	4.147331e+01
2.350000e-02	4.147924e+01
2.400000e-02	4.148514e+01
2.450000e-02	4.149090e+01
2.500000e-02	4.149645e+01
2.550000e-02	4.150184e+01
2.600000e-02	4.150716e+01
2.650000e-02	4.151233e+01
2.700000e-02	4.151736e+01
2.750000e-02	4.152225e+01
2.800000e-02	4.152702e+01
2.850000e-02	4.153166e+01
2.900000e-02	4.153621e+01
2.950000e-02	4.154066e+01
3.000000e-02	4.154503e+01
3.050000e-02	4.154931e+01
3.100000e-02	4.155351e+01
3.150000e-02	4.155765e+01
3.200000e-02	4.156170e+01
3.250000e-02	4.156568e+01
3.300000e-02	4.156961e+01
3.350000e-02	4.157328e+01
3.400000e-02	4.157711e+01
3.450000e-02	4.158074e+01
3.500000e-02	4.158439e+01
3.550000e-02	4.158786e+01
3.600000e-02	4.159122e+01
3.650000e-02	4.159462e+01
3.700000e-02	4.159798e+01
3.750000e-02	4.160128e+01
3.800000e-02	4.160453e+01
3.850000e-02	4.160772e+01
3.900000e-02	4.161086e+01
3.950000e-02	4.161395e+01
4.000000e-02	4.161697e+01
4.050000e-02	4.161993e+01
4.100000e-02	4.162280e+01
4.150000e-02	4.162560e+01
4.200000e-02	4.162832e+01
4.250000e-02	4.163095e+01
4.300000e-02	4.163351e+01
4.350000e-02	4.163599e+01
4.400000e-02	4.163842e+01
4.450000e-02	4.164101e+01
4.500000e-02	4.164320e+01
4.550000e-02	4.164565e+01
4.600000e-02	4.164800e+01
4.650000e-02	4.165023e+01
4.700000e-02	4.165243e+01
4.750000e-02	4.165462e+01
4.800000e-02	4.165676e+01
4.850000e-02	4.165887e+01
4.900000e-02	4.166095e+01
4.950000e-02	4.166300e+01
5.000000e-02	4.166502e+01
5.050000e-02	4.166703e+01
5.100000e-02	4.166903e+01
5.150000e-02	4.167102e+01
5.200000e-02	4.167303e+01
5.250000e-02	4.167504e+01
5.300000e-02	4.167708e+01
5.350000e-02	4.167912e+01
5.400000e-02	4.168118e+01
5.450000e-02	4.168326e+01
5.500000e-02	4.168533e+01
5.550000e-02	4.168741e+01
5.600000e-02	4.168949e+01
5.650000e-02	4.169156e+01
5.700000e-02	4.169364e+01
5.750000e-02	4.169571e+01
5.800000e-02	4.169780e+01
5.850000e-02	4.169989e+01
5.900000e-02	4.170200e+01
5.950000e-02	4.170412e+01
6.000000e-02	4.170625e+01
6.050000e-02	4.170838e+01
6.100000e-02	4.171052e+01
6.150000e-02	4.171264e+01
6.200000e-02	4.171475e+01
6.250000e-02	4.171684e+01
6.300000e-02	4.171889e+01
6.350000e-02	4.172092e+01
6.400000e-02	4.172292e+01
6.450000e-02	4.172490e+01
6.500000e-02	4.172685e+01
6.550000e-02	4.172882e+01
6.600000e-02	4.173061e+01
6.650000e-02	4.173258e+01
6.700000e-02	4.173446e+01
6.750000e-02	4.173638e+01
6.800000e-02	4.173820e+01
6.850000e-02	4.174009e+01
6.900000e-02	4.174184e+01
6.950000e-02	4.174356e+01
7.000000e-02	4.174529e+01
7.050000e-02	4.174703e+01
7.100000e-02	4.174872e+01
7.150000e-02	4.175040e+01
7.200000e-02	4.175205e+01
7.250000e-02	4.175370e+01
7.300000e-02	4.175532e+01
7.350000e-02	4.175693e+01
7.400000e-02	4.175850e+01
7.450000e-02	4.176006e+01
7.500000e-02	4.176157e+01
7.550000e-02	4.176305e+01
7.600000e-02	4.176448e+01
7.650000e-02	4.176588e+01
7.700000e-02	4.176724e+01
7.750000e-02	4.176856e+01
7.800000e-02	4.177004e+01
7.850000e-02	4.177120e+01
7.900000e-02	4.177260e+01
7.950000e-02	4.177392e+01
8.000000e-02	4.177514e+01
8.050000e-02	4.177635e+01
8.100000e-02	4.177754e+01
8.150000e-02	4.177870e+01
8.200000e-02	4.177984e+01
8.250000e-02	4.178094e+01
8.300000e-02	4.178202e+01
8.350000e-02	4.178309e+01
8.400000e-02	4.178414e+01
8.450000e-02	4.178518e+01
8.500000e-02	4.178622e+01
8.550000e-02	4.178726e+01
8.600000e-02	4.178829e+01
8.650000e-02	4.178933e+01
8.700000e-02	4.179036e+01
8.750000e-02	4.179139e+01
8.800000e-02	4.179241e+01
8.850000e-02	4.179343e+01
8.900000e-02	4.179445e+01
8.950000e-02	4.179547e+01
9.000000e-02	4.179650e+01
9.050000e-02	4.179755e+01
9.100000e-02	4.179861e+01
9.150000e-02	4.179969e+01
9.200000e-02	4.180080e+01
9.250000e-02	4.180194e+01
9.300000e-02	4.180309e+01
9.350000e-02	4.180426e+01
9.400000e-02	4.180545e+01
9.450000e-02	4.180664e+01
9.500000e-02	4.180786e+01
9.550000e-02	4.180908e+01
9.600000e-02	4.181032e+01
9.650000e-02	4.181158e+01
9.700000e-02	4.181285e+01
9.750000e-02	4.181413e+01
9.800000e-02	4.181544e+01
9.850000e-02	4.181664e+01
9.900000e-02	4.181796e+01
9.950000e-02	4.181925e+01
1.000000e-01	4.182066e+01
1.005000e-01	4.182184e+01
1.010000e-01	4.182302e+01
1.015000e-01	4.182427e+01
1.020000e-01	4.182543e+01
1.025000e-01	4.182659e+01
1.030000e-01	4.182773e+01
1.035000e-01	4.182883e+01
1.040000e-01	4.182990e+01
1.045000e-01	4.183094e+01
1.050000e-01	4.183194e+01
1.053905e-01	8.290773e+01
1.055000e-01	3.055753e+04
1.056252e-01	3.131250e+04
1.057506e-01	2.848390e+04
1.058943e-01	2.653153e+04
1.060000e-01	2.411253e+04
1.065000e-01	1.935908e+04
1.070000e-01	1.549574e+04
1.075000e-01	1.242337e+04
1.080000e-01	1.005822e+04
1.085000e-01	8.078084e+03
1.090000e-01	6.606742e+03
1.095000e-01	5.432486e+03
1.100000e-01	4.396294e+03
1.105000e-01	3.602022e+03
1.110000e-01	2.973546e+03
1.115000e-01	2.423549e+03
1.120000e-01	1.964022e+03
1.125000e-01	1.611169e+03
1.130000e-01	1.342954e+03
1.135000e-01	1.120606e+03
1.140000e-01	9.247444e+02
1.145000e-01	7.557501e+02
1.150000e-01	6.146289e+02
1.155000e-01	4.999558e+02
1.160000e-01	4.078424e+02
1.165000e-01	3.359090e+02
1.170000e-01	2.793270e+02
1.175000e-01	2.337154e+02
1.180000e-01	1.954760e+02
1.185000e-01	1.615772e+02
1.190000e-01	1.318088e+02
1.195000e-01	1.061613e+02
1.200000e-01	8.484179e+01
1.205000e-01	6.785429e+01
1.210000e-01	5.472796e+01
1.213313e-01	4.784105e+01
1.215000e-01	4.482960e+01
1.220000e-01	3.750748e+01
1.225000e-01	3.209548e+01
1.230000e-01	2.782182e+01
1.235000e-01	2.446616e+01
1.240000e-01	2.229151e+01
1.241667e-01	2.142495e+01
1.245000e-01	1.984726e+01
1.250000e-01	1.758502e+01
1.251591e-01	1.654170e+01
1.253491e-01	1.461713e+01
1.254776e-01	1.379694e+01
1.255000e-01	1.366741e+01
1.258389e-01	1.180011e+01
1.260000e-01	1.117544e+01
1.261411e-01	1.004552e+01
1.263311e-01	9.406110e+00
1.265000e-01	8.501225e+00
1.270000e-01	6.458981e+00
1.275000e-01	4.883676e+00
1.280000e-01	3.723646e+00
1.285000e-01	2.981494e+00
1.290000e-01	2.483892e+00
1.295000e-01	2.154909e+00
1.300000e-01	1.926744e+00
1.305000e-01	1.809710e+00
1.310000e-01	1.869442e+00
1.315000e-01	2.267249e+00
1.320000e-01	2.779580e+00
1.325000e-01	3.520852e+00
1.326256e-01	3.373411e+00
1.330000e-01	4.396622e+00
1.335000e-01	1.277507e+02
1.336731e-01	1.465857e+03
1.338892e-01	1.352641e+03
1.340000e-01	5.603990e+02
1.341375e-01	1.227818e+02
1.343722e-01	1.318398e+02
1.345000e-01	1.255234e+02
1.346369e-01	1.103533e+02
1.347893e-01	9.178257e+01
1.349337e-01	7.339078e+01
1.350000e-01	6.540800e+01
1.351556e-01	4.945606e+01
1.353081e-01	3.639776e+01
1.354469e-01	2.761193e+01
1.355000e-01	2.443035e+01
1.356256e-01	1.816004e+01
1.358018e-01	1.249231e+01
1.360000e-01	7.915763e+00
1.365000e-01	3.577932e+00
1.370000e-01	2.873825e+00
1.375000e-01	3.140748e+00
1.380000e-01	3.564313e+00
1.385000e-01	4.007137e+00
1.390000e-01	4.332956e+00
1.395000e-01	4.642594e+00
1.400000e-01	4.936375e+00
1.405000e-01	5.215163e+00
1.410000e-01	5.478723e+00
1.415000e-01	5.726787e+00
1.420000e-01	5.958940e+00
1.425000e-01	6.174392e+00
1.430000e-01	6.372689e+00
1.435000e-01	6.550625e+00
1.440000e-01	6.708730e+00
1.445000e-01	6.844617e+00
1.450000e-01	6.956531e+00
1.455000e-01	7.042735e+00
1.458755e-01	1.642620e+03
1.460000e-01	1.052105e+01
1.465000e-01	7.562718e+00
1.468183e-01	3.135825e+01
1.470000e-01	6.097698e+00
1.475000e-01	5.953760e+00
1.480000e-01	5.901816e+00
1.482504e-01	5.862544e+00
1.485000e-01	5.815776e+00
1.490000e-01	5.701710e+00
1.495000e-01	5.561134e+00
1.500000e-01	5.394973e+00
1.505000e-01	5.204025e+00
1.510000e-01	4.986291e+00
1.515000e-01	4.741291e+00
1.520000e-01	4.380821e+00
1.525000e-01	4.136967e+00
1.530000e-01	3.936689e+00
1.535000e-01	3.629741e+00
1.540000e-01	3.307999e+00
1.545000e-01	2.975980e+00
1.550000e-01	2.635072e+00
1.555000e-01	2.286583e+00
1.560000e-01	1.934916e+00
1.565000e-01	1.581656e+00
1.570000e-01	1.232805e+00
1.575000e-01	8.900430e-01
1.580000e-01	5.770082e-01
1.585000e-01	3.219215e-01
1.590000e-01	3.866793e-01
1.595000e-01	5.132695e+02
1.600000e-01	1.558586e+00
1.604907e-01	1.374506e+01
1.605000e-01	1.234841e+03
1.606271e-01	4.036347e+02
1.607837e-01	4.136753e+02
1.609359e-01	5.330601e+01
1.610000e-01	3.500545e+01
1.611597e-01	1.600956e+01
1.613147e-01	9.880496e+00
1.614654e-01	6.520825e+00
1.615000e-01	5.968600e+00
1.616859e-01	3.965126e+00
1.618865e-01	3.200991e+00
1.620000e-01	3.037433e+00
1.621726e-01	3.027460e+00
1.623537e-01	3.115800e+00
1.625000e-01	3.218580e+00
1.630000e-01	3.624710e+00
1.634289e-01	1.012770e+03
1.635000e-01	3.894604e+02
1.636276e-01	1.166092e+02
1.637572e-01	3.282142e+01
1.638850e-01	9.095525e+00
1.640000e-01	3.054210e+00
1.641918e-01	2.145845e+00
1.643185e-01	2.230427e+00
1.644456e-01	2.277216e+00
1.645000e-01	2.293266e+00
1.650000e-01	2.414450e+00
1.655000e-01	2.678106e+00
1.660000e-01	2.661791e+00
1.665000e-01	2.757196e+00
1.670000e-01	2.843472e+00
1.675000e-01	2.921965e+00
1.680000e-01	2.993125e+00
1.685000e-01	3.055330e+00
1.690000e-01	3.109647e+00
1.695000e-01	3.151672e+00
1.700000e-01	3.179589e+00
1.705000e-01	3.191399e+00
1.710000e-01	3.188001e+00
1.715000e-01	3.169319e+00
1.720000e-01	3.137091e+00
1.725000e-01	3.094712e+00
1.730000e-01	3.044376e+00
1.735000e-01	2.989202e+00
1.740000e-01	2.930464e+00
1.745000e-01	2.869447e+00
1.750000e-01	2.804803e+00
1.755000e-01	2.735126e+00
1.760000e-01	2.657399e+00
1.765000e-01	2.569685e+00
1.770000e-01	2.470286e+00
1.775000e-01	2.355968e+00
1.780000e-01	2.225662e+00
1.785000e-01	2.080413e+00
1.790000e-01	1.918477e+00
1.795000e-01	1.741079e+00
1.798080e-01	1.611451e+00
1.800000e-01	1.552165e+00
1.805000e-01	1.355222e+00
1.810000e-01	1.109091e+00
1.815000e-01	8.771628e-01
1.820000e-01	6.384694e-01
1.825000e-01	4.107274e-01
1.830000e-01	2.619441e-01
1.835000e-01	3.506481e-01
1.840000e-01	7.250529e-01
1.845000e-01	1.728580e+02
1.846259e-01	4.886514e+02
1.847585e-01	2.424761e+01
1.848858e-01	7.512482e-01
1.850000e-01	8.358850e-01
1.851313e-01	9.260299e-01
1.852639e-01	1.015867e+00
1.853937e-01	1.103806e+00
1.855000e-01	1.174905e+00
1.856296e-01	1.261305e+00
1.857747e-01	1.357470e+00
1.860000e-01	1.504574e+00
1.865000e-01	1.824244e+00
1.870000e-01	2.131831e+00
1.875000e-01	2.425835e+00
1.880000e-01	2.705911e+00
1.885000e-01	2.970936e+00
1.890000e-01	3.219945e+00
1.895000e-01	3.451987e+00
1.900000e-01	3.667312e+00
1.901714e-01	2.084752e+02
1.903145e-01	3.645860e+00
1.905000e-01	3.661757e+00
1.910000e-01	3.847171e+00
1.915000e-01	3.969608e+00
1.920000e-01	4.072770e+00
1.925000e-01	4.156791e+00
1.930000e-01	4.221650e+00
1.935000e-01	4.267139e+00
1.940000e-01	4.293037e+00
1.945000e-01	4.299930e+00
1.950000e-01	4.287458e+00
1.955000e-01	4.256053e+00
1.960000e-01	4.205969e+00
1.965000e-01	4.137277e+00
1.970000e-01	4.049546e+00
1.975000e-01	3.946503e+00
1.980000e-01	3.824970e+00
1.985000e-01	3.687115e+00
1.990000e-01	3.533000e+00
1.995000e-01	3.363761e+00
2.000000e-01	3.180695e+00
2.005000e-01	2.983471e+00
2.010000e-01	2.772911e+00
2.015000e-01	2.550578e+00
2.020000e-01	2.246099e+00
2.025000e-01	1.246362e+01
2.030000e-01	1.828949e+00
2.035000e-01	2.893333e+00
2.040000e-01	9.990067e-01
2.045000e-01	6.129423e-01
2.050000e-01	4.722821e-01
2.055000e-01	5.310588e-01
2.060000e-01	2.798297e-01
2.065000e-01	1.470143e+00
2.070000e-01	9.314067e+01
2.075000e-01	6.550855e+01
2.080000e-01	5.951947e-01
2.085000e-01	8.563720e-01
2.090000e-01	1.079373e+00
2.095000e-01	1.314586e+00
2.100000e-01	1.538595e+00
2.105000e-01	1.751415e+00
2.110000e-01	1.954666e+00
2.115000e-01	2.146278e+00
2.116553e-01	1.032041e+02
2.120000e-01	2.205429e+00
2.125000e-01	2.337479e+00
2.127428e-01	2.400998e+00
2.130000e-01	2.464866e+00
2.135000e-01	2.579099e+00
2.140000e-01	2.680295e+00
2.145000e-01	2.767834e+00
2.150000e-01	2.841696e+00
2.155000e-01	2.901634e+00
2.160000e-01	2.947337e+00
2.165000e-01	2.979256e+00
2.170000e-01	2.997628e+00
2.175000e-01	3.001419e+00
2.180000e-01	2.991686e+00
2.185000e-01	2.968094e+00
2.190000e-01	2.931103e+00
2.195000e-01	2.880944e+00
2.200000e-01	2.817847e+00
2.205000e-01	2.742225e+00
2.210000e-01	2.654417e+00
2.215000e-01	2.554940e+00
2.220000e-01	2.444243e+00
2.225000e-01	2.322875e+00
2.230000e-01	2.191358e+00
2.235000e-01	2.050347e+00
2.240000e-01	1.900742e+00
2.245000e-01	1.742940e+00
2.250000e-01	1.575694e+00
2.255000e-01	1.404299e+00
2.260000e-01	1.225729e+00
2.265000e-01	1.041990e+00
2.270000e-01	8.538285e-01
2.275000e-01	6.621852e-01
2.280000e-01	4.682321e-01
2.285000e-01	2.742196e-01
2.290000e-01	2.885625e-01
2.295000e-01	6.449993e+01
2.300000e-01	8.930466e-02
2.305000e-01	2.017243e+01
2.310000e-01	2.607526e+01
2.315000e-01	6.718399e-01
2.320000e-01	8.437649e-01
2.325000e-01	1.010911e+00
2.330000e-01	1.171223e+00
2.335000e-01	1.324220e+00
2.340000e-01	1.470616e+00
2.345000e-01	1.607046e+00
2.350000e-01	1.735055e+00
2.355000e-01	1.854142e+00
2.360000e-01	1.963622e+00
2.365000e-01	2.065106e+00
2.370000e-01	2.151840e+00
2.375000e-01	2.232347e+00
2.380000e-01	1.085150e+02
2.385000e-01	5.426665e+00
2.390000e-01	2.329867e+00
2.395000e-01	2.380265e+00
2.400000e-01	2.394469e+00
2.405000e-01	2.398339e+00
2.410000e-01	2.391495e+00
2.415000e-01	2.374214e+00
2.420000e-01	2.346964e+00
2.425000e-01	2.309578e+00
2.430000e-01	2.262308e+00
2.435000e-01	2.205728e+00
2.440000e-01	2.139910e+00
2.445000e-01	2.065224e+00
2.450000e-01	1.982146e+00
2.455000e-01	1.891038e+00
2.460000e-01	1.792340e+00
2.465000e-01	1.686447e+00
2.470000e-01	1.574195e+00
2.475000e-01	7.462384e+01
2.480000e-01	2.387474e+00
2.485000e-01	1.168784e+00
2.490000e-01	1.026985e+00
2.495000e-01	8.816483e-01
2.500000e-01	1.598191e+00
2.505000e-01	5.414214e-01
2.510000e-01	4.276149e-01
2.515000e-01	2.757833e-01
2.520000e-01	1.251123e-01
2.525000e-01	1.595799e+01
2.530000e-01	5.251217e+01
2.535000e-01	8.049342e+00
2.540000e-01	5.079346e+01
2.545000e-01	7.652719e+00
2.550000e-01	4.815996e+00
2.555000e-01	5.647003e+00
2.560000e-01	6.225844e+00
2.565000e-01	6.695037e+00
2.570000e-01	6.321680e+01
2.575000e-01	9.716465e+00
2.580000e-01	8.312212e+00
2.585000e-01	7.481454e+00
2.590000e-01	7.237356e+00
2.595000e-01	6.755376e+00
2.600000e-01	6.164220e+00
2.605000e-01	5.533515e+00
2.610000e-01	4.920780e+00
2.615000e-01	4.353575e+00
2.620000e-01	3.853814e+00
2.625000e-01	3.430348e+00
2.630000e-01	3.077857e+00
2.635000e-01	2.791199e+00
2.640000e-01	2.549921e+00
2.645000e-01	2.376248e+00
2.650000e-01	2.212872e+00
2.655000e-01	2.049985e+00
2.660000e-01	1.916272e+00
2.665000e-01	1.810553e+00
2.670000e-01	1.705710e+00
2.675000e-01	1.606473e+00
2.680000e-01	1.509276e+00
2.685000e-01	1.414835e+00
2.690000e-01	1.314541e+00
2.695000e-01	1.220172e+00
2.700000e-01	1.110905e+00
2.705000e-01	1.010274e+00
2.710000e-01	9.005568e-01
2.715000e-01	8.218631e-01
2.720000e-01	7.209288e-01
2.725000e-01	6.553430e-01
2.730000e-01	5.830149e-01
2.735000e-01	5.065108e-01
2.740000e-01	4.427503e-01
2.745000e-01	4.009362e-01
2.750000e-01	6.089947e+01
2.755000e-01	3.854215e+01
2.760000e-01	2.533686e-01
2.765000e-01	3.569187e-01
2.770000e-01	4.655348e-01
2.775000e-01	5.656992e-01
2.780000e-01	6.611192e-01
2.785000e-01	7.512777e-01
2.790000e-01	8.359097e-01
2.795000e-01	9.131306e-01
2.800000e-01	9.861889e-01
2.805000e-01	1.055975e+00
2.810000e-01	1.111142e+00
2.815000e-01	1.163371e+00
2.820000e-01	1.208533e+00
2.825000e-01	1.243591e+00
2.830000e-01	7.739759e+00
2.835000e-01	1.113897e+00
2.840000e-01	1.112294e+00
2.845000e-01	1.125698e+00
2.850000e-01	1.279089e+00
2.855000e-01	1.320305e+00
2.860000e-01	1.152563e+00
2.865000e-01	1.088267e+00
2.870000e-01	1.561481e+00
2.875000e-01	1.240556e+00
2.880000e-01	2.303060e+00
2.885000e-01	9.939047e-01
2.890000e-01	8.804216e-01
2.895000e-01	8.273931e-01
2.900000e-01	1.023734e+00
2.905000e-01	7.329696e-01
2.910000e-01	6.799228e-01
2.915000e-01	5.768584e-01
2.920000e-01	5.056010e-01
2.925000e-01	4.328169e-01
2.930000e-01	3.531164e-01
2.935000e-01	2.761434e-01
2.940000e-01	1.981364e-01
2.945000e-01	1.233772e-01
2.950000e-01	7.603018e-02
2.955000e-01	1.108548e-01
2.960000e-01	3.762620e+01
2.965000e-01	1.385541e+01
2.970000e-01	6.475810e+01
2.975000e-01	1.223718e+00
2.980000e-01	3.143726e-01
2.985000e-01	4.306739e-01
2.990000e-01	5.002782e-01
2.995000e-01	5.798771e-01
3.000000e-01	6.329832e-01
3.005000e-01	7.002564e-01
3.010000e-01	7.591895e-01
3.015000e-01	8.152237e-01
3.020000e-01	8.652156e-01
3.025000e-01	9.076186e-01
3.030000e-01	9.462590e-01
3.035000e-01	6.390059e-01
3.040000e-01	8.119110e-01
3.045000e-01	1.025384e+00
3.050000e-01	1.033104e+00
3.055000e-01	1.050221e+00
3.060000e-01	9.930716e-01
3.065000e-01	1.038472e+00
3.070000e-01	1.025950e+00
3.075000e-01	1.007659e+00
3.080000e-01	9.833020e-01
3.085000e-01	9.532782e-01
3.090000e-01	9.176408e-01
3.095000e-01	8.765394e-01
3.100000e-01	8.302787e-01
3.105000e-01	7.790164e-01
3.110000e-01	7.230996e-01
3.115000e-01	6.626081e-01
3.120000e-01	5.980828e-01
3.125000e-01	5.297330e-01
3.130000e-01	4.577487e-01
3.135000e-01	3.825584e-01
3.140000e-01	3.533036e-01
3.145000e-01	1.307444e+00
3.150000e-01	8.941307e-01
3.155000e-01	6.242061e-01
3.160000e-01	3.855224e+01
3.165000e-01	1.034253e+01
3.170000e-01	1.230843e+01
3.175000e-01	3.046633e+01
3.180000e-01	5.699104e+00
3.185000e-01	2.152827e+00
3.190000e-01	2.305093e+00
3.195000e-01	2.374726e+00
3.200000e-01	2.419073e+00
3.205000e-01	2.451597e+00
3.210000e-01	2.424142e+00
3.215000e-01	2.462769e+00
3.220000e-01	2.453162e+00
3.225000e-01	2.425569e+00
3.230000e-01	2.374578e+00
3.235000e-01	2.317839e+00
3.240000e-01	2.258939e+00
3.245000e-01	2.149987e+00
3.250000e-01	2.458743e+00
3.255000e-01	1.866456e+00
3.260000e-01	1.858689e+00
3.265000e-01	1.773210e+00
3.270000e-01	1.676510e+00
3.275000e-01	1.586237e+00
3.280000e-01	1.492285e+00
3.285000e-01	1.409064e+00
3.290000e-01	1.329951e+00
3.295000e-01	1.252621e+00
3.300000e-01	1.181119e+00
3.305000e-01	1.116419e+00
3.310000e-01	1.052734e+00
3.315000e-01	9.937181e-01
3.320000e-01	9.405872e-01
3.325000e-01	8.926360e-01
3.330000e-01	8.512286e-01
3.335000e-01	8.169566e-01
3.340000e-01	1.648394e+01
3.345000e-01	1.604290e+01
3.350000e-01	8.290359e-01
3.355000e-01	1.152318e-01
3.360000e-01	1.056735e-01
3.365000e-01	3.556455e+01
3.370000e-01	4.231463e+00
3.375000e-01	2.878932e-01
3.380000e-01	3.449377e-01
3.385000e-01	2.504317e+00
3.390000e-01	4.402963e-01
3.395000e-01	4.825106e-01
3.400000e-01	5.679690e-01
3.405000e-01	5.532172e-01
3.410000e-01	5.897597e-01
3.415000e-01	6.119600e-01
3.420000e-01	6.444376e-01
3.425000e-01	6.493741e-01
3.430000e-01	6.623976e-01
3.435000e-01	6.686677e-01
3.440000e-01	6.702686e-01
3.445000e-01	6.660664e-01
3.450000e-01	6.563541e-01
3.455000e-01	6.586296e-01
3.460000e-01	6.493219e-01
3.465000e-01	6.318535e-01
3.470000e-01	6.143552e-01
3.475000e-01	5.962067e-01
3.480000e-01	5.797378e-01
3.485000e-01	5.615882e-01
3.490000e-01	5.493117e-01
3.495000e-01	5.209849e-01
3.500000e-01	5.370937e-01
3.505000e-01	5.617383e-01
3.510000e-01	5.832914e-01
3.515000e-01	6.164400e-01
3.520000e-01	2.364131e+00
3.525000e-01	2.499495e+01
3.530000e-01	2.406763e+00
3.535000e-01	1.236171e+00
3.540000e-01	1.336285e+00
3.545000e-01	1.440662e+00
3.550000e-01	1.568174e+00
3.555000e-01	1.967450e+01
3.560000e-01	2.460525e+01
3.565000e-01	4.038491e+00
3.570000e-01	3.225421e+00
3.575000e-01	3.548397e+00
3.580000e-01	3.832285e+00
3.585000e-01	4.114168e+00
3.590000e-01	4.371599e+00
3.595000e-01	4.595286e+00
3.600000e-01	4.768463e+00
3.605000e-01	4.876245e+00
3.610000e-01	4.904173e+00
3.615000e-01	4.851920e+00
3.620000e-01	4.721008e+00
3.625000e-01	4.527897e+00
3.630000e-01	4.272790e+00
3.635000e-01	3.988385e+00
3.640000e-01	3.681531e+00
3.645000e-01	3.375608e+00
3.650000e-01	3.079831e+00
3.655000e-01	1.310057e+01
3.660000e-01	2.790338e+00
3.665000e-01	2.270621e+00
3.670000e-01	1.874020e+00
3.675000e-01	1.726135e+00
3.680000e-01	2.194776e+01
3.685000e-01	9.237017e+00
3.690000e-01	5.052020e-01
3.695000e-01	5.663616e-01
3.700000e-01	5.346723e-01
3.705000e-01	5.092589e-01
3.710000e-01	1.991012e+01
3.715000e-01	4.389101e+00
3.720000e-01	3.037044e+01
3.725000e-01	5.569925e-01
3.730000e-01	2.850078e-01
3.735000e-01	3.167902e-01
3.740000e-01	3.497530e-01
3.745000e-01	3.682705e-01
3.750000e-01	2.364873e-01
3.755000e-01	3.053569e-01
3.760000e-01	2.998314e-01
3.765000e-01	3.008861e-01
3.770000e-01	2.818288e-01
3.775000e-01	2.937314e-01
3.780000e-01	3.974159e-01
3.785000e-01	3.724734e-01
3.790000e-01	1.114695e+01
3.795000e-01	2.327989e-01
3.800000e-01	2.428272e-01
3.805000e-01	1.362673e+00
3.810000e-01	1.024104e+00
3.815000e-01	1.227101e-01
3.820000e-01	1.644024e-01
3.825000e-01	5.939749e-02
3.830000e-01	1.974436e-01
3.835000e-01	3.166900e-01
3.840000e-01	1.724038e+00
3.845000e-01	2.581684e+01
3.850000e-01	2.282028e-01
3.855000e-01	3.117497e-01
3.860000e-01	8.589391e+00
3.865000e-01	1.184673e+01
3.870000e-01	2.399617e-01
3.875000e-01	3.978311e-01
3.880000e-01	1.586251e-01
3.885000e-01	2.580510e-01
3.890000e-01	2.926766e-01
3.895000e-01	3.047423e-01
3.900000e-01	3.230293e-01
3.905000e-01	3.733972e-01
3.910000e-01	5.181454e-01
3.915000e-01	3.405177e-01
3.920000e-01	3.066100e-01
3.925000e-01	3.451882e-01
3.930000e-01	3.367507e-01
3.935000e-01	1.408600e-01
3.940000e-01	3.079658e-01
3.945000e-01	2.945062e-01
3.950000e-01	2.709717e-01
3.955000e-01	2.462194e-01
3.960000e-01	2.195757e-01
3.965000e-01	1.933204e-01
3.970000e-01	1.775798e-01
3.975000e-01	1.641924e-01
3.980000e-01	1.491782e-01
3.985000e-01	1.461544e-01
3.990000e-01	1.646862e-01
3.995000e-01	1.118779e+01
4.000000e-01	2.651832e+01
4.005000e-01	2.785191e+00
4.010000e-01	2.385902e-01
4.015000e-01	1.925903e+01
4.020000e-01	2.754987e-01
4.025000e-01	1.547567e-01
4.030000e-01	3.069830e-01
4.035000e-01	9.533118e-01
4.040000e-01	5.835621e-01
4.045000e-01	5.464205e-01
4.050000e-01	6.597969e-01
4.055000e-01	7.051828e-01
4.060000e-01	7.337031e-01
4.065000e-01	7.787022e-01
4.070000e-01	8.311376e-01
4.075000e-01	8.905299e-01
4.080000e-01	9.545942e-01
4.085000e-01	1.025763e+00
4.090000e-01	1.106003e+00
4.095000e-01	1.193327e+00
4.100000e-01	1.293876e+00
4.105000e-01	1.397210e+00
4.110000e-01	1.514167e+00
4.115000e-01	1.640092e+00
4.120000e-01	2.808158e+00
4.125000e-01	1.563478e+01
4.130000e-01	5.566477e+00
4.135000e-01	2.623563e+00
4.140000e-01	1.147890e+01
4.145000e-01	1.688485e+01
4.150000e-01	6.349799e+00
4.155000e-01	3.048142e+00
4.160000e-01	3.092687e+00
4.165000e-01	2.965565e+00
4.170000e-01	3.055780e+00
4.175000e-01	3.098970e+00
4.180000e-01	3.058867e+00
4.185000e-01	2.998642e+00
4.190000e-01	2.918061e+00
4.195000e-01	2.818557e+00
4.200000e-01	2.703121e+00
4.205000e-01	2.578906e+00
4.210000e-01	2.443771e+00
4.215000e-01	2.315081e+00
4.220000e-01	2.176271e+00
4.225000e-01	2.043257e+00
4.230000e-01	1.914492e+00
4.235000e-01	1.796900e+00
4.240000e-01	6.784747e+00
4.245000e-01	1.139565e+01
4.250000e-01	2.771098e+00
4.255000e-01	1.046599e+00
4.260000e-01	8.460474e+00
4.265000e-01	8.426607e+00
4.270000e-01	2.959920e+00
4.275000e-01	5.254676e-01
4.280000e-01	6.436270e-01
4.285000e-01	6.656283e-01
4.290000e-01	3.296454e-01
4.295000e-01	2.048316e+00
4.300000e-01	5.241313e-01
4.305000e-01	2.588115e-01
4.310000e-01	4.595612e-01
4.315000e-01	3.981710e-01
4.320000e-01	3.426809e-01
4.325000e-01	3.497455e-01
4.330000e-01	3.325787e-01
4.335000e-01	3.152700e-01
4.340000e-01	3.028656e-01
4.345000e-01	2.906180e-01
4.350000e-01	2.851119e-01
4.355000e-01	7.198798e+00
4.360000e-01	6.581567e+00
4.365000e-01	1.584078e+00
4.370000e-01	4.980278e+01
4.375000e-01	1.177956e+01
4.380000e-01	1.882699e+00
4.385000e-01	1.590433e+00
4.390000e-01	1.693583e+00
4.395000e-01	1.856883e+00
4.400000e-01	1.949968e+00
4.405000e-01	1.951282e+00
4.410000e-01	2.340808e+00
4.415000e-01	2.545762e+00
4.420000e-01	2.754604e+00
4.425000e-01	3.024486e+00
4.430000e-01	3.339948e+00
4.435000e-01	3.693835e+00
4.440000e-01	4.064500e+00
4.445000e-01	4.441765e+00
4.450000e-01	4.822858e+00
4.455000e-01	5.199413e+00
4.460000e-01	5.559834e+00
4.465000e-01	6.136715e+00
4.470000e-01	1.462275e+01
4.475000e-01	8.020755e+00
4.480000e-01	1.143753e+01
4.485000e-01	1.485472e+01
4.490000e-01	3.054924e+01
4.495000e-01	1.923629e+01
4.500000e-01	1.256942e+01
4.505000e-01	8.643181e+00
4.510000e-01	6.355842e+00
4.515000e-01	5.192621e+00
4.520000e-01	4.598027e+00
4.525000e-01	4.185916e+00
4.530000e-01	3.850837e+00
4.535000e-01	3.589898e+00
4.540000e-01	3.379841e+00
4.545000e-01	3.206289e+00
4.550000e-01	3.065714e+00
4.555000e-01	2.963169e+00
4.560000e-01	2.888126e+00
4.565000e-01	2.845313e+00
4.570000e-01	2.823648e+00
4.575000e-01	7.778541e+00
4.580000e-01	1.021316e+01
4.585000e-01	2.154891e+00
4.590000e-01	1.234677e+01
4.595000e-01	5.947550e+00
4.600000e-01	1.114763e+00
4.605000e-01	1.099176e+00
4.610000e-01	1.125501e+00
4.615000e-01	1.196809e+00
4.620000e-01	5.805132e+00
4.625000e-01	6.217477e+00
4.630000e-01	5.601579e+00
4.635000e-01	5.533938e+00
4.640000e-01	5.814844e+00
4.645000e-01	6.310381e+00
4.650000e-01	6.953356e+00
4.655000e-01	7.699887e+00
4.660000e-01	8.541908e+00
4.665000e-01	9.454107e+00
4.670000e-01	1.041195e+01
4.675000e-01	1.651211e+01
4.680000e-01	3.165173e+01
4.685000e-01	2.434286e+01
4.690000e-01	2.162777e+01
4.695000e-01	2.257435e+01
4.700000e-01	2.729940e+01
4.705000e-01	2.186498e+01
4.710000e-01	2.108763e+01
4.715000e-01	2.003593e+01
4.720000e-01	1.883245e+01
4.725000e-01	1.765835e+01
4.730000e-01	1.665756e+01
4.735000e-01	1.595250e+01
4.740000e-01	1.562442e+01
4.745000e-01	1.573253e+01
4.750000e-01	1.632080e+01
4.755000e-01	1.880767e+01
4.760000e-01	2.318599e+01
4.765000e-01	2.160657e+01
4.770000e-01	2.403009e+01
4.775000e-01	2.749657e+01
4.780000e-01	3.126517e+01
4.785000e-01	3.488013e+01
4.790000e-01	3.780723e+01
4.795000e-01	4.529528e+01
4.800000e-01	4.165008e+01
4.805000e-01	3.703180e+01
4.810000e-01	3.319725e+01
4.815000e-01	2.897415e+01
4.820000e-01	2.507328e+01
4.825000e-01	2.193175e+01
4.830000e-01	1.946177e+01
4.835000e-01	1.797941e+01
4.840000e-01	1.711825e+01
4.845000e-01	1.750429e+01
4.850000e-01	2.160893e+01
4.855000e-01	1.862961e+01
4.860000e-01	1.730890e+01
4.865000e-01	1.781193e+01
4.870000e-01	1.848464e+01
4.875000e-01	1.922410e+01
4.880000e-01	2.001901e+01
4.885000e-01	2.092690e+01
4.890000e-01	2.962199e+01
4.895000e-01	3.407739e+01
4.900000e-01	3.876751e+01
4.905000e-01	4.373078e+01
4.910000e-01	5.081771e+01
4.915000e-01	5.884892e+01
4.920000e-01	5.954877e+01
4.925000e-01	6.644900e+01
4.930000e-01	6.818346e+01
4.935000e-01	6.604941e+01
4.940000e-01	6.359582e+01
4.945000e-01	5.882976e+01
4.950000e-01	5.241919e+01
4.955000e-01	4.525980e+01
4.960000e-01	3.828444e+01
4.965000e-01	3.212882e+01
4.970000e-01	2.707784e+01
4.975000e-01	2.317853e+01
4.980000e-01	2.035971e+01
4.985000e-01	2.115971e+01
4.990000e-01	1.955991e+01
4.995000e-01	1.666685e+01
5.000000e-01	1.837157e+01
5.005000e-01	1.980051e+01
5.010000e-01	1.854851e+01
5.015000e-01	1.934261e+01
5.020000e-01	2.073961e+01
5.025000e-01	2.243708e+01
5.030000e-01	2.442626e+01
5.035000e-01	2.679297e+01
5.040000e-01	2.947299e+01
5.045000e-01	3.265849e+01
5.050000e-01	3.635235e+01
5.055000e-01	4.056638e+01
5.060000e-01	4.524030e+01
5.065000e-01	5.025045e+01
5.070000e-01	5.521244e+01
5.075000e-01	6.056412e+01
5.080000e-01	6.883973e+01
5.085000e-01	7.232725e+01
5.090000e-01	6.884092e+01
5.095000e-01	6.613780e+01
5.100000e-01	6.197002e+01
5.105000e-01	5.620528e+01
5.110000e-01	4.985161e+01
5.115000e-01	4.348096e+01
5.120000e-01	3.781022e+01
5.125000e-01	3.306520e+01
5.130000e-01	2.929186e+01
5.135000e-01	2.642625e+01
5.140000e-01	2.439114e+01
5.145000e-01	2.310532e+01
5.150000e-01	2.449602e+01
5.155000e-01	2.674591e+01
5.160000e-01	2.455602e+01
5.165000e-01	2.309493e+01
5.170000e-01	2.427492e+01
5.175000e-01	2.528252e+01
5.180000e-01	2.676793e+01
5.185000e-01	2.848959e+01
5.190000e-01	3.044156e+01
5.195000e-01	3.260848e+01
5.200000e-01	3.499909e+01
5.205000e-01	3.734530e+01
5.210000e-01	3.417078e+01
5.215000e-01	4.308474e+01
5.220000e-01	4.674571e+01
5.225000e-01	5.154005e+01
5.230000e-01	5.851768e+01
5.235000e-01	5.798676e+01
5.240000e-01	5.782498e+01
5.245000e-01	5.828846e+01
5.250000e-01	5.740916e+01
5.255000e-01	5.540052e+01
5.260000e-01	5.243895e+01
5.265000e-01	4.899277e+01
5.270000e-01	4.545843e+01
5.275000e-01	4.213852e+01
5.280000e-01	3.923509e+01
5.285000e-01	3.812168e+01
5.290000e-01	3.779977e+01
5.295000e-01	3.617656e+01
5.300000e-01	3.296263e+01
5.305000e-01	3.152599e+01
5.310000e-01	3.093372e+01
5.315000e-01	3.057542e+01
5.320000e-01	3.037584e+01
5.325000e-01	3.032897e+01
5.330000e-01	3.043937e+01
5.335000e-01	3.072423e+01
5.340000e-01	3.121187e+01
5.345000e-01	3.209347e+01
5.350000e-01	3.447984e+01
5.355000e-01	3.645208e+01
5.360000e-01	3.814648e+01
5.365000e-01	3.886806e+01
5.370000e-01	4.014589e+01
5.375000e-01	4.261624e+01
5.380000e-01	4.519814e+01
5.385000e-01	4.766609e+01
5.390000e-01	4.982652e+01
5.395000e-01	5.149482e+01
5.400000e-01	5.252835e+01
5.405000e-01	5.377786e+01
5.410000e-01	5.461661e+01
5.415000e-01	5.263205e+01
5.420000e-01	5.163021e+01
5.425000e-01	5.101566e+01
5.430000e-01	4.790924e+01
5.435000e-01	4.549146e+01
5.440000e-01	4.360519e+01
5.445000e-01	4.156868e+01
5.450000e-01	3.976100e+01
5.455000e-01	3.793192e+01
5.460000e-01	3.637040e+01
5.465000e-01	3.612285e+01
5.470000e-01	3.533463e+01
5.475000e-01	3.373331e+01
5.480000e-01	3.381228e+01
5.485000e-01	3.283798e+01
5.490000e-01	3.186341e+01
5.495000e-01	3.219604e+01
5.500000e-01	3.281746e+01
5.505000e-01	3.374303e+01
5.510000e-01	3.492144e+01
5.515000e-01	3.622050e+01
5.520000e-01	3.780041e+01
5.525000e-01	4.036045e+01
5.530000e-01	4.283162e+01
5.535000e-01	4.363478e+01
5.540000e-01	4.502610e+01
5.545000e-01	4.741258e+01
5.550000e-01	4.796225e+01
5.555000e-01	4.812134e+01
5.560000e-01	4.889198e+01
5.565000e-01	4.934465e+01
5.570000e-01	4.949102e+01
5.575000e-01	4.929670e+01
5.580000e-01	4.883540e+01
5.585000e-01	4.907304e+01
5.590000e-01	4.846793e+01
5.595000e-01	4.627262e+01
5.600000e-01	4.481701e+01
5.605000e-01	4.443490e+01
5.610000e-01	4.242646e+01
5.615000e-01	4.020516e+01
5.620000e-01	3.900202e+01
5.625000e-01	3.796823e+01
5.630000e-01	3.717359e+01
5.635000e-01	3.687765e+01
5.640000e-01	3.743494e+01
5.645000e-01	3.726141e+01
5.650000e-01	3.653528e+01
5.655000e-01	3.627550e+01
5.660000e-01	3.702252e+01
5.665000e-01	3.877655e+01
5.670000e-01	3.950967e+01
5.675000e-01	3.944612e+01
5.680000e-01	3.998517e+01
5.685000e-01	4.110060e+01
5.690000e-01	4.251602e+01
5.695000e-01	4.429278e+01
5.700000e-01	4.525767e+01
5.705000e-01	4.545388e+01
5.710000e-01	4.583111e+01
5.715000e-01	4.644287e+01
5.720000e-01	4.697312e+01
5.725000e-01	4.820994e+01
5.730000e-01	4.858312e+01
5.735000e-01	4.746719e+01
5.740000e-01	4.670599e+01
5.745000e-01	4.680793e+01
5.750000e-01	4.654292e+01
5.755000e-01	4.508588e+01
5.760000e-01	4.358213e+01
5.765000e-01	4.269104e+01
5.770000e-01	4.190210e+01
5.775000e-01	4.118277e+01
5.780000e-01	4.062279e+01
5.785000e-01	4.110778e+01
5.790000e-01	4.140436e+01
5.795000e-01	4.109809e+01
5.800000e-01	4.058280e+01
5.805000e-01	4.018210e+01
5.810000e-01	3.951417e+01
5.815000e-01	3.954769e+01
5.820000e-01	3.978022e+01
5.825000e-01	4.005938e+01
5.830000e-01	4.036737e+01
5.835000e-01	4.069453e+01
5.840000e-01	4.144856e+01
5.845000e-01	4.339314e+01
5.850000e-01	4.387672e+01
5.855000e-01	4.303999e+01
5.860000e-01	4.251761e+01
5.865000e-01	4.272388e+01
5.870000e-01	4.310204e+01
5.875000e-01	4.346786e+01
5.880000e-01	4.379970e+01
5.885000e-01	4.407854e+01
5.890000e-01	4.459767e+01
5.895000e-01	4.507536e+01
5.900000e-01	4.524159e+01
5.905000e-01	4.547880e+01
5.910000e-01	4.568542e+01
5.915000e-01	4.478445e+01
5.920000e-01	4.397505e+01
5.925000e-01	4.380329e+01
5.930000e-01	4.374003e+01
5.935000e-01	4.373175e+01
5.940000e-01	4.418291e+01
5.945000e-01	4.436543e+01
5.950000e-01	4.371824e+01
5.955000e-01	4.269642e+01
5.960000e-01	4.211151e+01
5.965000e-01	4.267522e+01
5.970000e-01	4.267827e+01
5.975000e-01	4.129526e+01
5.980000e-01	4.032634e+01
5.985000e-01	4.005760e+01
5.990000e-01	4.024864e+01
5.995000e-01	4.017692e+01
6.000000e-01	3.942803e+01
6.005000e-01	3.892518e+01
6.010000e-01	3.903617e+01
6.015000e-01	3.932058e+01
6.020000e-01	3.972753e+01
6.025000e-01	4.049097e+01
6.030000e-01	4.225529e+01
6.035000e-01	4.339731e+01
6.040000e-01	4.358699e+01
6.045000e-01	4.399975e+01
6.050000e-01	4.398383e+01
6.055000e-01	4.421228e+01
6.060000e-01	4.474174e+01
6.065000e-01	4.518920e+01
6.070000e-01	4.550782e+01
6.075000e-01	4.568271e+01
6.080000e-01	4.578026e+01
6.085000e-01	4.619146e+01
6.090000e-01	4.711596e+01
6.095000e-01	4.734716e+01
6.100000e-01	4.557475e+01
6.105000e-01	4.387596e+01
6.110000e-01	4.316084e+01
6.115000e-01	4.235521e+01
6.120000e-01	4.160733e+01
6.125000e-01	4.094991e+01
6.130000e-01	4.072827e+01
6.135000e-01	4.085449e+01
6.140000e-01	4.030311e+01
6.145000e-01	3.945409e+01
6.150000e-01	3.920265e+01
6.155000e-01	4.031635e+01
6.160000e-01	4.056702e+01
6.165000e-01	3.993199e+01
6.170000e-01	4.005892e+01
6.175000e-01	4.059409e+01
6.180000e-01	4.161486e+01
6.185000e-01	4.246317e+01
6.190000e-01	4.263316e+01
6.195000e-01	4.274105e+01
6.200000e-01	4.325601e+01
6.205000e-01	4.380246e+01
6.210000e-01	4.424656e+01
6.215000e-01	4.499718e+01
6.220000e-01	4.645225e+01
6.225000e-01	4.675370e+01
6.230000e-01	4.595651e+01
6.235000e-01	4.549646e+01
6.240000e-01	4.468648e+01
6.245000e-01	4.411682e+01
6.250000e-01	4.373719e+01
6.255000e-01	4.332029e+01
6.260000e-01	4.287529e+01
6.265000e-01	4.256235e+01
6.270000e-01	4.264721e+01
6.275000e-01	4.254367e+01
6.280000e-01	4.266793e+01
6.285000e-01	4.274714e+01
6.290000e-01	4.167361e+01
6.295000e-01	4.072872e+01
6.300000e-01	4.071560e+01
6.305000e-01	4.070292e+01
6.310000e-01	4.103644e+01
6.315000e-01	4.161488e+01
6.320000e-01	4.183555e+01
6.325000e-01	4.163326e+01
6.330000e-01	4.148004e+01
6.335000e-01	4.166104e+01
6.340000e-01	4.232543e+01
6.345000e-01	4.365201e+01
6.350000e-01	4.372638e+01
6.355000e-01	4.332742e+01
6.360000e-01	4.358187e+01
6.365000e-01	4.352515e+01
6.370000e-01	4.311811e+01
6.375000e-01	4.296228e+01
6.380000e-01	4.301640e+01
6.385000e-01	4.306204e+01
6.390000e-01	4.309547e+01
6.395000e-01	4.330507e+01
6.400000e-01	4.380532e+01
6.405000e-01	4.463902e+01
6.410000e-01	4.514263e+01
6.415000e-01	4.405883e+01
6.420000e-01	4.318435e+01
6.425000e-01	4.313733e+01
6.430000e-01	4.309974e+01
6.435000e-01	4.317751e+01
6.440000e-01	4.343978e+01
6.445000e-01	4.384654e+01
6.450000e-01	4.347560e+01
6.455000e-01	4.290365e+01
6.460000e-01	4.244531e+01
6.465000e-01	4.274867e+01
6.470000e-01	4.340786e+01
6.475000e-01	4.280153e+01
6.480000e-01	4.195169e+01
6.485000e-01	4.198404e+01
6.490000e-01	4.159901e+01
6.495000e-01	4.105891e+01
6.500000e-01	4.053008e+01
6.505000e-01	4.035078e+01
6.510000e-01	4.034563e+01
6.515000e-01	4.044377e+01
6.520000e-01	4.076176e+01
6.525000e-01	4.142314e+01
6.530000e-01	4.296159e+01
6.535000e-01	4.365614e+01
6.540000e-01	4.277954e+01
6.545000e-01	4.253353e+01
6.550000e-01	4.289596e+01
6.555000e-01	4.331594e+01
6.560000e-01	4.375766e+01
6.565000e-01	4.436823e+01
6.570000e-01	4.508131e+01
6.575000e-01	4.541646e+01
6.580000e-01	4.520559e+01
6.585000e-01	4.486367e+01
6.590000e-01	4.477022e+01
6.595000e-01	4.571891e+01
6.600000e-01	4.586262e+01
6.605000e-01	4.462312e+01
6.610000e-01	4.408238e+01
6.615000e-01	4.369827e+01
6.620000e-01	4.296949e+01
6.625000e-01	4.203600e+01
6.630000e-01	4.131626e+01
6.635000e-01	4.085184e+01
6.640000e-01	4.049570e+01
6.645000e-01	4.030145e+01
6.650000e-01	4.040291e+01
6.655000e-01	4.080535e+01
6.660000e-01	4.181674e+01
6.665000e-01	4.208758e+01
6.670000e-01	4.107691e+01
6.675000e-01	4.091082e+01
6.680000e-01	4.123867e+01
6.685000e-01	4.169661e+01
6.690000e-01	4.237048e+01
6.695000e-01	4.318253e+01
6.700000e-01	4.365481e+01
6.705000e-01	4.381932e+01
6.710000e-01	4.384605e+01
6.715000e-01	4.400705e+01
6.720000e-01	4.419637e+01
6.725000e-01	4.478074e+01
6.730000e-01	4.617621e+01
6.735000e-01	4.612733e+01
6.740000e-01	4.510387e+01
6.745000e-01	4.452647e+01
6.750000e-01	4.377802e+01
6.755000e-01	4.324439e+01
6.760000e-01	4.284175e+01
6.765000e-01	4.246096e+01
6.770000e-01	4.221136e+01
6.775000e-01	4.217425e+01
6.780000e-01	4.221009e+01
6.785000e-01	4.178751e+01
6.790000e-01	4.125674e+01
6.795000e-01	4.205491e+01
6.800000e-01	4.252676e+01
6.805000e-01	4.163453e+01
6.810000e-01	4.136894e+01
6.815000e-01	4.167662e+01
6.820000e-01	4.216502e+01
6.825000e-01	4.230824e+01
6.830000e-01	4.209368e+01
6.835000e-01	4.196962e+01
6.840000e-01	4.207553e+01
6.845000e-01	4.222452e+01
6.850000e-01	4.237877e+01
6.855000e-01	4.267103e+01
6.860000e-01	4.322149e+01
6.865000e-01	4.449899e+01
6.870000e-01	4.483307e+01
6.875000e-01	4.348597e+01
6.880000e-01	4.295662e+01
6.885000e-01	4.287712e+01
6.890000e-01	4.289732e+01
6.895000e-01	4.305595e+01
6.900000e-01	4.338217e+01
6.905000e-01	4.380262e+01
6.910000e-01	4.357318e+01
6.915000e-01	4.325515e+01
6.920000e-01	4.309713e+01
6.925000e-01	4.311843e+01
6.930000e-01	4.315522e+01
6.935000e-01	4.365128e+01
6.940000e-01	4.530342e+01
6.945000e-01	4.543778e+01
6.950000e-01	4.406090e+01
6.955000e-01	4.339075e+01
6.960000e-01	4.285717e+01
6.965000e-01	4.255509e+01
6.970000e-01	4.229531e+01
6.975000e-01	4.208988e+01
6.980000e-01	4.206293e+01
6.985000e-01	4.215444e+01
6.990000e-01	4.195068e+01
6.995000e-01	4.147605e+01
7.000000e-01	4.105423e+01
7.005000e-01	4.092008e+01
7.010000e-01	4.134822e+01
7.015000e-01	4.292889e+01
7.020000e-01	4.294415e+01
7.025000e-01	4.217151e+01
7.030000e-01	4.253943e+01
7.035000e-01	4.255009e+01
7.040000e-01	4.254046e+01
7.045000e-01	4.275247e+01
7.050000e-01	4.311125e+01
7.055000e-01	4.349126e+01
7.060000e-01	4.395365e+01
7.065000e-01	4.451024e+01
7.070000e-01	4.497144e+01
7.075000e-01	4.487062e+01
7.080000e-01	4.454405e+01
7.085000e-01	4.498659e+01
7.090000e-01	4.602345e+01
7.095000e-01	4.510439e+01
7.100000e-01	4.389498e+01
7.105000e-01	4.371522e+01
7.110000e-01	4.362883e+01
7.115000e-01	4.294861e+01
7.120000e-01	4.215215e+01
7.125000e-01	4.147621e+01
7.130000e-01	4.104892e+01
7.135000e-01	4.073458e+01
7.140000e-01	4.056789e+01
7.145000e-01	4.065069e+01
7.150000e-01	4.100948e+01
7.155000e-01	4.110770e+01
7.160000e-01	4.224511e+01
7.165000e-01	4.233636e+01
7.170000e-01	4.139107e+01
7.175000e-01	4.139662e+01
7.180000e-01	4.169484e+01
7.185000e-01	4.220355e+01
7.190000e-01	4.282439e+01
7.195000e-01	4.329167e+01
7.200000e-01	4.340505e+01
7.205000e-01	4.329576e+01
7.210000e-01	4.333072e+01
7.215000e-01	4.346803e+01
7.220000e-01	4.357442e+01
7.225000e-01	4.371731e+01
7.230000e-01	4.414092e+01
7.235000e-01	4.572944e+01
7.240000e-01	4.586530e+01
7.245000e-01	4.419407e+01
7.250000e-01	4.344855e+01
7.255000e-01	4.312070e+01
7.260000e-01	4.291208e+01
7.265000e-01	4.274384e+01
7.270000e-01	4.274866e+01
7.275000e-01	4.293493e+01
7.280000e-01	4.308734e+01
7.285000e-01	4.268531e+01
7.290000e-01	4.218575e+01
7.295000e-01	4.201078e+01
7.300000e-01	4.200861e+01
7.305000e-01	4.202011e+01
7.310000e-01	4.277419e+01
7.315000e-01	4.438461e+01
7.320000e-01	4.414825e+01
7.325000e-01	4.303917e+01
7.330000e-01	4.265252e+01
7.335000e-01	4.227964e+01
7.340000e-01	4.220718e+01
7.345000e-01	4.219657e+01
7.350000e-01	4.219070e+01
7.355000e-01	4.230031e+01
7.360000e-01	4.262543e+01
7.365000e-01	4.300525e+01
7.370000e-01	4.280968e+01
7.375000e-01	4.245902e+01
7.380000e-01	4.233247e+01
7.385000e-01	4.283057e+01
7.390000e-01	4.439098e+01
7.395000e-01	4.424260e+01
7.400000e-01	4.331261e+01
7.405000e-01	4.374539e+01
7.410000e-01	4.392368e+01
7.415000e-01	4.380333e+01
7.420000e-01	4.348753e+01
7.425000e-01	4.336976e+01
7.430000e-01	4.335422e+01
7.435000e-01	4.331148e+01
7.440000e-01	4.330260e+01
7.445000e-01	4.344580e+01
7.450000e-01	4.364460e+01
7.455000e-01	4.333301e+01
7.460000e-01	4.385778e+01
7.465000e-01	4.400259e+01
7.470000e-01	4.263799e+01
7.475000e-01	4.173793e+01
7.480000e-01	4.158132e+01
7.485000e-01	4.151486e+01
7.490000e-01	4.166262e+01
7.495000e-01	4.165744e+01
7.500000e-01	4.131399e+01
7.505000e-01	4.096635e+01
7.510000e-01	4.090776e+01
7.515000e-01	4.103302e+01
7.520000e-01	4.123982e+01
7.525000e-01	4.159503e+01
7.530000e-01	4.239401e+01
7.535000e-01	4.422366e+01
7.540000e-01	4.456273e+01
7.545000e-01	4.347478e+01
7.550000e-01	4.329332e+01
7.555000e-01	4.344373e+01
7.560000e-01	4.366062e+01
7.565000e-01	4.385486e+01
7.570000e-01	4.413689e+01
7.575000e-01	4.449400e+01
7.580000e-01	4.478812e+01
7.585000e-01	4.435478e+01
7.590000e-01	4.380432e+01
7.595000e-01	4.343398e+01
7.600000e-01	4.318549e+01
7.605000e-01	4.303381e+01
7.610000e-01	4.411779e+01
7.615000e-01	4.438765e+01
7.620000e-01	4.333646e+01
7.625000e-01	4.272666e+01
7.630000e-01	4.211940e+01
7.635000e-01	4.158579e+01
7.640000e-01	4.136935e+01
7.645000e-01	4.129669e+01
7.650000e-01	4.129549e+01
7.655000e-01	4.146469e+01
7.660000e-01	4.186345e+01
7.665000e-01	4.230037e+01
7.670000e-01	4.228075e+01
7.675000e-01	4.208588e+01
7.680000e-01	4.211727e+01
7.685000e-01	4.323348e+01
7.690000e-01	4.455006e+01
7.695000e-01	4.392411e+01
7.700000e-01	4.336995e+01
7.705000e-01	4.390167e+01
7.710000e-01	4.416409e+01
7.715000e-01	4.399966e+01
7.720000e-01	4.370554e+01
7.725000e-01	4.360540e+01
7.730000e-01	4.359157e+01
7.735000e-01	4.355252e+01
7.740000e-01	4.356400e+01
7.745000e-01	4.373741e+01
7.750000e-01	4.393597e+01
7.755000e-01	4.364443e+01
7.760000e-01	4.417284e+01
7.765000e-01	4.452804e+01
7.770000e-01	4.331469e+01
7.775000e-01	4.253552e+01
7.780000e-01	4.237517e+01
7.785000e-01	4.240263e+01
7.790000e-01	4.258019e+01
7.795000e-01	4.261291e+01
7.800000e-01	4.231588e+01
7.805000e-01	4.186988e+01
7.810000e-01	4.167133e+01
7.815000e-01	4.165522e+01
7.820000e-01	4.165298e+01
7.825000e-01	4.169895e+01
7.830000e-01	4.206679e+01
7.835000e-01	4.368935e+01
7.840000e-01	4.415116e+01
7.845000e-01	4.279422e+01
7.850000e-01	4.210794e+01
7.855000e-01	4.194498e+01
7.860000e-01	4.196767e+01
7.865000e-01	4.202444e+01
7.870000e-01	4.212512e+01
7.875000e-01	4.243512e+01
7.880000e-01	4.296710e+01
7.885000e-01	4.305500e+01
7.890000e-01	4.288279e+01
7.895000e-01	4.263317e+01
7.900000e-01	4.264347e+01
7.905000e-01	4.273767e+01
7.910000e-01	4.337895e+01
7.915000e-01	4.478609e+01
7.920000e-01	4.465527e+01
7.925000e-01	4.394988e+01
7.930000e-01	4.385094e+01
7.935000e-01	4.337050e+01
7.940000e-01	4.306106e+01
7.945000e-01	4.296215e+01
7.950000e-01	4.287870e+01
7.955000e-01	4.279338e+01
7.960000e-01	4.284382e+01
7.965000e-01	4.304142e+01
7.970000e-01	4.315099e+01
7.975000e-01	4.275841e+01
7.980000e-01	4.223463e+01
7.985000e-01	4.244705e+01
7.990000e-01	4.358402e+01
7.995000e-01	4.320883e+01
8.000000e-01	4.212018e+01
8.005000e-01	4.225509e+01
8.010000e-01	4.260469e+01
8.015000e-01	4.265705e+01
8.020000e-01	4.246750e+01
8.025000e-01	4.222444e+01
8.030000e-01	4.224563e+01
8.035000e-01	4.240904e+01
8.040000e-01	4.258625e+01
8.045000e-01	4.282430e+01
8.050000e-01	4.325282e+01
8.055000e-01	4.380756e+01
8.060000e-01	4.451609e+01
8.065000e-01	4.544013e+01
8.070000e-01	4.469548e+01
8.075000e-01	4.368105e+01
8.080000e-01	4.368299e+01
8.085000e-01	4.360271e+01
8.090000e-01	4.364021e+01
8.095000e-01	4.379156e+01
8.100000e-01	4.395201e+01
8.105000e-01	4.349276e+01
8.110000e-01	4.288802e+01
8.115000e-01	4.246377e+01
8.120000e-01	4.221370e+01
8.125000e-01	4.198166e+01
8.130000e-01	4.193048e+01
8.135000e-01	4.316535e+01
8.140000e-01	4.361882e+01
8.145000e-01	4.255385e+01
8.150000e-01	4.189966e+01
8.155000e-01	4.138068e+01
8.160000e-01	4.121043e+01
8.165000e-01	4.125564e+01
8.170000e-01	4.135118e+01
8.175000e-01	4.150318e+01
8.180000e-01	4.187309e+01
8.185000e-01	4.238966e+01
8.190000e-01	4.279292e+01
8.195000e-01	4.275314e+01
8.200000e-01	4.261871e+01
8.205000e-01	4.274608e+01
8.210000e-01	4.404800e+01
8.215000e-01	4.485023e+01
8.220000e-01	4.399820e+01
8.225000e-01	4.371461e+01
8.230000e-01	4.407323e+01
8.235000e-01	4.401986e+01
8.240000e-01	4.364277e+01
8.245000e-01	4.323978e+01
8.250000e-01	4.302526e+01
8.255000e-01	4.287328e+01
8.260000e-01	4.273417e+01
8.265000e-01	4.270306e+01
8.270000e-01	4.282751e+01
8.275000e-01	4.300084e+01
8.280000e-01	4.268327e+01
8.285000e-01	4.331120e+01
8.290000e-01	4.364145e+01
8.295000e-01	4.264846e+01
8.300000e-01	4.202707e+01
8.305000e-01	4.209493e+01
8.310000e-01	4.226939e+01
8.315000e-01	4.257238e+01
8.320000e-01	4.272036e+01
8.325000e-01	4.254951e+01
8.330000e-01	4.223456e+01
8.335000e-01	4.214716e+01
8.340000e-01	4.220073e+01
8.345000e-01	4.227009e+01
8.350000e-01	4.238289e+01
8.355000e-01	4.274643e+01
8.360000e-01	4.426032e+01
8.365000e-01	4.495249e+01
8.370000e-01	4.377614e+01
8.375000e-01	4.306182e+01
8.380000e-01	4.291845e+01
8.385000e-01	4.293969e+01
8.390000e-01	4.298730e+01
8.395000e-01	4.305862e+01
8.400000e-01	4.332010e+01
8.405000e-01	4.370794e+01
8.410000e-01	4.382084e+01
8.415000e-01	4.355834e+01
8.420000e-01	4.324596e+01
8.425000e-01	4.315513e+01
8.430000e-01	4.315224e+01
8.435000e-01	4.339528e+01
8.440000e-01	4.477069e+01
8.445000e-01	4.491824e+01
8.450000e-01	4.398044e+01
8.455000e-01	4.368719e+01
8.460000e-01	4.312401e+01
8.465000e-01	4.258369e+01
8.470000e-01	4.230562e+01
8.475000e-01	4.211065e+01
8.480000e-01	4.191506e+01
8.485000e-01	4.179105e+01
8.490000e-01	4.189316e+01
8.495000e-01	4.218642e+01
8.500000e-01	4.200244e+01
8.505000e-01	4.163554e+01
8.510000e-01	4.133786e+01
8.515000e-01	4.138684e+01
8.520000e-01	4.278359e+01
8.525000e-01	4.342745e+01
8.530000e-01	4.245608e+01
8.535000e-01	4.245827e+01
8.540000e-01	4.294138e+01
8.545000e-01	4.302807e+01
8.550000e-01	4.289504e+01
8.555000e-01	4.284591e+01
8.560000e-01	4.296994e+01
8.565000e-01	4.310466e+01
8.570000e-01	4.322445e+01
8.575000e-01	4.343585e+01
8.580000e-01	4.372781e+01
8.585000e-01	4.385886e+01
8.590000e-01	4.363247e+01
8.595000e-01	4.318773e+01
8.600000e-01	4.408319e+01
8.605000e-01	4.445117e+01
8.610000e-01	4.311046e+01
8.615000e-01	4.237630e+01
8.620000e-01	4.242185e+01
8.625000e-01	4.250698e+01
8.630000e-01	4.250510e+01
8.635000e-01	4.219231e+01
8.640000e-01	4.172925e+01
8.645000e-01	4.153585e+01
8.650000e-01	4.155720e+01
8.655000e-01	4.162874e+01
8.660000e-01	4.174444e+01
8.665000e-01	4.204118e+01
8.670000e-01	4.253130e+01
8.675000e-01	4.295020e+01
8.680000e-01	4.394866e+01
8.685000e-01	4.450268e+01
8.690000e-01	4.358782e+01
8.695000e-01	4.307307e+01
8.700000e-01	4.322153e+01
8.705000e-01	4.327302e+01
8.710000e-01	4.345888e+01
8.715000e-01	4.379102e+01
8.720000e-01	4.413729e+01
8.725000e-01	4.380603e+01
8.730000e-01	4.334329e+01
8.735000e-01	4.308351e+01
8.740000e-01	4.298910e+01
8.745000e-01	4.288729e+01
8.750000e-01	4.278604e+01
8.755000e-01	4.276625e+01
8.760000e-01	4.387998e+01
8.765000e-01	4.502746e+01
8.770000e-01	4.414347e+01
8.775000e-01	4.287753e+01
8.780000e-01	4.257055e+01
8.785000e-01	4.243175e+01
8.790000e-01	4.238756e+01
8.795000e-01	4.233629e+01
8.800000e-01	4.232199e+01
8.805000e-01	4.249883e+01
8.810000e-01	4.292700e+01
8.815000e-01	4.281751e+01
8.820000e-01	4.247533e+01
8.825000e-01	4.207851e+01
8.830000e-01	4.195521e+01
8.835000e-01	4.196472e+01
8.840000e-01	4.316025e+01
8.845000e-01	4.365215e+01
8.850000e-01	4.271232e+01
8.855000e-01	4.253326e+01
8.860000e-01	4.266346e+01
8.865000e-01	4.236514e+01
8.870000e-01	4.207738e+01
8.875000e-01	4.207460e+01
8.880000e-01	4.218303e+01
8.885000e-01	4.231387e+01
8.890000e-01	4.249135e+01
8.895000e-01	4.287125e+01
8.900000e-01	4.333361e+01
8.905000e-01	4.350377e+01
8.910000e-01	4.331712e+01
8.915000e-01	4.318464e+01
8.920000e-01	4.441378e+01
8.925000e-01	4.490586e+01
8.930000e-01	4.381660e+01
8.935000e-01	4.349358e+01
8.940000e-01	4.359420e+01
8.945000e-01	4.377986e+01
8.950000e-01	4.345952e+01
8.955000e-01	4.295005e+01
8.960000e-01	4.250395e+01
8.965000e-01	4.225885e+01
8.970000e-01	4.204954e+01
8.975000e-01	4.187033e+01
8.980000e-01	4.182451e+01
8.985000e-01	4.196103e+01
8.990000e-01	4.206996e+01
8.995000e-01	4.194856e+01
9.000000e-01	4.199280e+01
9.005000e-01	4.310366e+01
9.010000e-01	4.292416e+01
9.015000e-01	4.185272e+01
9.020000e-01	4.203123e+01
9.025000e-01	4.226810e+01
9.030000e-01	4.275030e+01
9.035000e-01	4.323209e+01
9.040000e-01	4.332016e+01
9.045000e-01	4.316213e+01
9.050000e-01	4.313226e+01
9.055000e-01	4.325157e+01
9.060000e-01	4.336230e+01
9.065000e-01	4.342924e+01
9.070000e-01	4.356907e+01
9.075000e-01	4.383573e+01
9.080000e-01	4.411464e+01
9.085000e-01	4.508006e+01
9.090000e-01	4.503997e+01
9.095000e-01	4.363094e+01
9.100000e-01	4.308976e+01
9.105000e-01	4.282249e+01
9.110000e-01	4.260830e+01
9.115000e-01	4.255745e+01
9.120000e-01	4.270689e+01
9.125000e-01	4.288806e+01
9.130000e-01	4.255369e+01
9.135000e-01	4.208297e+01
9.140000e-01	4.186729e+01
9.145000e-01	4.185755e+01
9.150000e-01	4.187283e+01
9.155000e-01	4.191948e+01
9.160000e-01	4.207918e+01
9.165000e-01	4.248171e+01
9.170000e-01	4.404970e+01
9.175000e-01	4.472871e+01
9.180000e-01	4.326670e+01
9.185000e-01	4.253329e+01
9.190000e-01	4.256828e+01
9.195000e-01	4.259279e+01
9.200000e-01	4.261885e+01
9.205000e-01	4.266258e+01
9.210000e-01	4.288723e+01
9.215000e-01	4.330051e+01
9.220000e-01	4.328464e+01
9.225000e-01	4.299743e+01
9.230000e-01	4.264077e+01
9.235000e-01	4.253813e+01
9.240000e-01	4.251208e+01
9.245000e-01	4.249522e+01
9.250000e-01	4.251168e+01
9.255000e-01	4.388136e+01
9.260000e-01	4.488503e+01
9.265000e-01	4.386857e+01
9.270000e-01	4.305059e+01
9.275000e-01	4.266965e+01
9.280000e-01	4.244335e+01
9.285000e-01	4.238735e+01
9.290000e-01	4.233842e+01
9.295000e-01	4.228594e+01
9.300000e-01	4.235533e+01
9.305000e-01	4.260952e+01
9.310000e-01	4.281914e+01
9.315000e-01	4.259826e+01
9.320000e-01	4.216957e+01
9.325000e-01	4.198105e+01
9.330000e-01	4.198241e+01
9.335000e-01	4.205378e+01
9.340000e-01	4.335271e+01
9.345000e-01	4.394567e+01
9.350000e-01	4.313366e+01
9.355000e-01	4.302946e+01
9.360000e-01	4.302578e+01
9.365000e-01	4.269240e+01
9.370000e-01	4.254760e+01
9.375000e-01	4.262337e+01
9.380000e-01	4.271689e+01
9.385000e-01	4.280243e+01
9.390000e-01	4.291899e+01
9.395000e-01	4.322230e+01
9.400000e-01	4.364408e+01
9.405000e-01	4.358650e+01
9.410000e-01	4.329574e+01
9.415000e-01	4.300614e+01
9.420000e-01	4.296567e+01
9.425000e-01	4.409263e+01
9.430000e-01	4.461286e+01
9.435000e-01	4.352437e+01
9.440000e-01	4.315665e+01
9.445000e-01	4.326890e+01
9.450000e-01	4.322440e+01
9.455000e-01	4.287167e+01
9.460000e-01	4.242106e+01
9.465000e-01	4.218854e+01
9.470000e-01	4.208190e+01
9.475000e-01	4.199453e+01
9.480000e-01	4.194086e+01
9.485000e-01	4.206322e+01
9.490000e-01	4.234147e+01
9.495000e-01	4.252267e+01
9.500000e-01	4.239308e+01
9.505000e-01	4.208566e+01
9.510000e-01	4.313324e+01
9.515000e-01	4.382863e+01
9.520000e-01	4.282016e+01
9.525000e-01	4.230225e+01
9.530000e-01	4.250019e+01
9.535000e-01	4.281519e+01
9.540000e-01	4.319237e+01
9.545000e-01	4.319010e+01
9.550000e-01	4.287704e+01
9.555000e-01	4.270107e+01
9.560000e-01	4.274601e+01
9.565000e-01	4.279212e+01
9.570000e-01	4.282993e+01
9.575000e-01	4.289073e+01
9.580000e-01	4.314805e+01
9.585000e-01	4.349207e+01
9.590000e-01	4.348028e+01
9.595000e-01	4.427172e+01
9.600000e-01	4.459786e+01
9.605000e-01	4.337016e+01
9.610000e-01	4.274264e+01
9.615000e-01	4.265365e+01
9.620000e-01	4.254520e+01
9.625000e-01	4.265340e+01
9.630000e-01	4.283578e+01
9.635000e-01	4.280500e+01
9.640000e-01	4.244508e+01
9.645000e-01	4.203301e+01
9.650000e-01	4.188698e+01
9.655000e-01	4.185990e+01
9.660000e-01	4.185117e+01
9.665000e-01	4.186571e+01
9.670000e-01	4.202749e+01
9.675000e-01	4.239077e+01
9.680000e-01	4.375642e+01
9.685000e-01	4.445871e+01
9.690000e-01	4.317456e+01
9.695000e-01	4.239964e+01
9.700000e-01	4.254131e+01
9.705000e-01	4.261739e+01
9.710000e-01	4.271264e+01
9.715000e-01	4.281856e+01
9.720000e-01	4.310954e+01
9.725000e-01	4.352817e+01
9.730000e-01	4.356506e+01
9.735000e-01	4.331200e+01
9.740000e-01	4.299206e+01
9.745000e-01	4.288009e+01
9.750000e-01	4.282457e+01
9.755000e-01	4.275462e+01
9.760000e-01	4.269404e+01
9.765000e-01	4.379143e+01
9.770000e-01	4.470695e+01
9.775000e-01	4.382489e+01
9.780000e-01	4.285393e+01
9.785000e-01	4.247841e+01
9.790000e-01	4.216652e+01
9.795000e-01	4.208498e+01
9.800000e-01	4.201751e+01
9.805000e-01	4.198288e+01
9.810000e-01	4.204791e+01
9.815000e-01	4.233821e+01
9.820000e-01	4.267332e+01
9.825000e-01	4.259099e+01
9.830000e-01	4.229514e+01
9.835000e-01	4.215605e+01
9.840000e-01	4.223691e+01
9.845000e-01	4.234595e+01
9.850000e-01	4.352051e+01
9.855000e-01	4.426161e+01
9.860000e-01	4.358089e+01
9.865000e-01	4.343002e+01
9.870000e-01	4.340979e+01
9.875000e-01	4.309889e+01
9.880000e-01	4.283589e+01
9.885000e-01	4.279852e+01
9.890000e-01	4.279240e+01
9.895000e-01	4.278743e+01
9.900000e-01	4.279969e+01
9.905000e-01	4.298140e+01
9.910000e-01	4.323594e+01
9.915000e-01	4.331415e+01
9.920000e-01	4.306803e+01
9.925000e-01	4.270684e+01
9.930000e-01	4.258847e+01
9.935000e-01	4.367139e+01
9.940000e-01	4.424117e+01
9.945000e-01	4.315339e+01
9.950000e-01	4.275750e+01
9.955000e-01	4.290711e+01
9.960000e-01	4.309584e+01
9.965000e-01	4.280269e+01
9.970000e-01	4.235639e+01
9.975000e-01	4.210593e+01
9.980000e-01	4.203685e+01
9.985000e-01	4.198231e+01
9.990000e-01	4.194257e+01
9.995000e-01	4.196618e+01
1.000000e+00	4.221102e+01


