"-15 gnd impact joint"

"Time      "	".JOINT_qianhou.Element_Force.Mag"
0.000000e+00	4.212966e+01
1.000000e-03	3.707866e+01
2.000000e-03	3.920289e+01
3.000000e-03	3.997518e+01
4.000000e-03	4.038331e+01
5.000000e-03	4.063903e+01
6.000000e-03	4.081515e+01
7.000000e-03	4.094428e+01
8.000000e-03	4.104266e+01
9.000000e-03	4.111932e+01
1.000000e-02	4.118016e+01
1.100000e-02	4.122864e+01
1.200000e-02	4.126717e+01
1.300000e-02	4.129916e+01
1.400000e-02	4.132657e+01
1.500000e-02	4.135037e+01
1.600000e-02	4.137111e+01
1.700000e-02	4.138923e+01
1.800000e-02	4.140556e+01
1.900000e-02	4.142067e+01
2.000000e-02	4.143494e+01
2.100000e-02	4.144841e+01
2.200000e-02	4.146119e+01
2.300000e-02	4.147342e+01
2.400000e-02	4.148512e+01
2.500000e-02	4.149638e+01
2.600000e-02	4.150712e+01
2.700000e-02	4.151731e+01
2.800000e-02	4.152695e+01
2.900000e-02	4.153612e+01
3.000000e-02	4.154493e+01
3.100000e-02	4.155341e+01
3.200000e-02	4.156160e+01
3.300000e-02	4.156949e+01
3.400000e-02	4.157708e+01
3.500000e-02	4.158437e+01
3.600000e-02	4.159135e+01
3.700000e-02	4.159811e+01
3.800000e-02	4.160462e+01
3.900000e-02	4.161097e+01
4.000000e-02	4.161702e+01
4.100000e-02	4.162290e+01
4.200000e-02	4.162829e+01
4.300000e-02	4.163364e+01
4.400000e-02	4.163852e+01
4.500000e-02	4.164324e+01
4.600000e-02	4.164776e+01
4.700000e-02	4.165223e+01
4.800000e-02	4.165663e+01
4.900000e-02	4.166084e+01
5.000000e-02	4.166489e+01
5.100000e-02	4.166890e+01
5.200000e-02	4.167290e+01
5.300000e-02	4.167694e+01
5.400000e-02	4.168105e+01
5.500000e-02	4.168520e+01
5.600000e-02	4.168937e+01
5.700000e-02	4.169351e+01
5.800000e-02	4.169768e+01
5.900000e-02	4.170187e+01
6.000000e-02	4.170612e+01
6.100000e-02	4.171038e+01
6.200000e-02	4.171463e+01
6.300000e-02	4.171879e+01
6.400000e-02	4.172284e+01
6.500000e-02	4.172677e+01
6.600000e-02	4.173061e+01
6.700000e-02	4.173438e+01
6.800000e-02	4.173809e+01
6.900000e-02	4.174172e+01
7.000000e-02	4.174525e+01
7.100000e-02	4.174866e+01
7.200000e-02	4.175196e+01
7.300000e-02	4.175519e+01
7.400000e-02	4.175834e+01
7.500000e-02	4.176141e+01
7.600000e-02	4.176438e+01
7.700000e-02	4.176721e+01
7.800000e-02	4.176990e+01
7.900000e-02	4.177246e+01
8.000000e-02	4.177491e+01
8.100000e-02	4.177729e+01
8.200000e-02	4.177961e+01
8.300000e-02	4.178185e+01
8.400000e-02	4.178400e+01
8.500000e-02	4.178608e+01
8.600000e-02	4.178810e+01
8.700000e-02	4.179010e+01
8.800000e-02	4.179212e+01
8.900000e-02	4.179415e+01
9.000000e-02	4.179622e+01
9.100000e-02	4.179831e+01
9.200000e-02	4.180044e+01
9.300000e-02	4.180265e+01
9.400000e-02	4.180495e+01
9.500000e-02	4.180736e+01
9.600000e-02	4.180986e+01
9.700000e-02	4.181241e+01
9.800000e-02	4.181498e+01
9.900000e-02	4.181756e+01
1.000000e-01	4.182013e+01
1.010000e-01	4.182267e+01
1.020000e-01	4.182514e+01
1.030000e-01	4.182752e+01
1.040000e-01	4.182975e+01
1.050000e-01	4.183182e+01
1.060000e-01	4.183372e+01
1.068706e-01	4.698648e+02
1.070000e-01	2.741204e+03
1.080000e-01	2.683792e+03
1.090000e-01	2.612879e+03
1.100000e-01	2.547566e+03
1.110000e-01	2.477745e+03
1.120000e-01	2.414867e+03
1.130000e-01	2.356177e+03
1.140000e-01	2.297579e+03
1.150000e-01	2.242129e+03
1.160000e-01	2.193341e+03
1.170000e-01	2.139948e+03
1.180000e-01	2.089421e+03
1.190000e-01	2.043223e+03
1.200000e-01	1.998190e+03
1.210000e-01	1.957070e+03
1.220000e-01	1.912874e+03
1.230000e-01	1.874377e+03
1.240000e-01	1.836496e+03
1.250000e-01	1.798620e+03
1.260000e-01	1.763819e+03
1.270000e-01	1.727541e+03
1.280000e-01	1.697204e+03
1.290000e-01	1.662288e+03
1.300000e-01	1.634042e+03
1.310000e-01	1.600990e+03
1.320000e-01	1.574875e+03
1.330000e-01	1.544830e+03
1.340000e-01	1.519523e+03
1.350000e-01	1.491849e+03
1.360000e-01	1.466473e+03
1.370000e-01	1.442910e+03
1.380000e-01	1.418469e+03
1.390000e-01	1.397043e+03
1.400000e-01	1.372511e+03
1.410000e-01	1.351734e+03
1.420000e-01	1.332216e+03
1.430000e-01	1.311580e+03
1.440000e-01	1.294384e+03
1.450000e-01	1.276445e+03
1.460000e-01	1.271236e+03
1.470000e-01	1.359074e+03
1.472580e-01	5.487525e+04
1.475103e-01	1.133331e+03
1.477689e-01	2.696971e+02
1.480000e-01	1.364021e+02
1.482681e-01	6.560655e+01
1.485650e-01	3.162669e+01
1.488393e-01	1.714242e+01
1.490000e-01	2.011233e+01
1.492674e-01	1.001395e+01
1.500000e-01	7.950033e+00
1.502621e-01	1.569231e+01
1.505122e-01	1.002272e+02
1.507625e-01	3.159510e+01
1.510000e-01	1.475292e+01
1.512501e-01	1.127506e+01
1.515003e-01	2.138371e+01
1.517503e-01	6.902428e+03
1.520000e-01	4.217419e+02
1.530000e-01	2.323901e+01
1.540000e-01	1.734096e+01
1.550000e-01	1.046453e+01
1.560000e-01	7.175664e+00
1.567447e-01	1.062135e+01
1.570000e-01	6.889812e+00
1.577460e-01	1.267000e+01
1.580000e-01	7.196765e+00
1.590000e-01	7.505157e+00
1.594449e-01	7.999698e+00
1.597865e-01	9.227667e+00
1.600000e-01	7.701844e+00
1.603703e-01	9.241987e+00
1.610000e-01	7.843042e+00
1.619844e-01	8.510300e+00
1.620000e-01	7.986090e+00
1.630000e-01	8.059379e+00
1.632642e-01	8.309972e+00
1.640000e-01	8.148470e+00
1.646764e-01	8.486577e+00
1.650000e-01	8.284895e+00
1.654253e-01	9.224227e+00
1.660000e-01	8.292828e+00
1.670000e-01	8.355089e+00
1.680000e-01	8.417460e+00
1.683478e-01	9.094553e+00
1.688338e-01	9.135476e+00
1.690000e-01	2.972930e+01
1.692528e-01	8.344385e+00
1.700000e-01	8.470264e+00
1.710000e-01	8.471524e+00
1.720000e-01	8.468908e+00
1.724554e-01	1.315838e+05
1.727364e-01	9.873447e+00
1.730000e-01	8.468030e+00
1.740000e-01	8.465630e+00
1.750000e-01	8.463299e+00
1.760000e-01	8.462686e+00
1.764901e-01	8.992459e+00
1.767534e-01	1.210671e+01
1.770000e-01	8.460268e+00
1.780000e-01	8.462030e+00
1.782546e-01	9.344526e+00
1.790000e-01	8.457318e+00
1.800000e-01	8.454575e+00
1.810000e-01	8.316261e+00
1.820000e-01	8.445512e+00
1.830000e-01	8.441625e+00
1.840000e-01	8.431389e+00
1.850000e-01	8.418307e+00
1.860000e-01	7.826451e+00
1.870000e-01	8.513781e+00
1.880000e-01	8.503943e+00
1.890000e-01	8.493270e+00
1.900000e-01	8.477223e+00
1.910000e-01	8.397374e+00
1.920000e-01	8.394565e+00
1.930000e-01	8.383677e+00
1.936462e-01	1.376426e+01
1.939046e-01	9.782336e+00
1.940000e-01	8.380915e+00
1.950000e-01	8.366565e+00
1.953437e-01	1.394561e+01
1.960000e-01	8.360998e+00
1.970000e-01	8.361242e+00
1.980000e-01	8.344214e+00
1.990000e-01	8.335196e+00
2.000000e-01	8.327901e+00
2.010000e-01	8.321686e+00
2.015017e-01	9.158523e+00
2.020000e-01	8.293829e+00
2.030000e-01	8.303000e+00
2.040000e-01	8.293243e+00
2.044223e-01	1.308824e+01
2.050000e-01	8.254263e+00
2.057426e-01	8.790180e+00
2.060000e-01	8.275326e+00
2.067496e-01	8.512965e+00
2.070000e-01	8.294824e+00
2.075955e-01	9.054987e+00
2.080000e-01	8.255677e+00
2.083148e-01	8.434665e+00
2.086139e-01	8.278519e+00
2.090000e-01	8.442689e+00
2.092736e-01	7.164833e+00
2.095323e-01	7.992614e+00
2.100000e-01	8.241660e+00
2.110000e-01	8.228792e+00
2.118161e-01	1.992242e+02
2.120000e-01	8.214630e+00
2.129036e-01	8.662335e+00
2.130000e-01	8.242857e+00
2.134347e-01	1.459907e+01
2.140000e-01	8.191855e+00
2.150000e-01	8.180002e+00
2.160000e-01	8.168296e+00
2.170000e-01	8.156063e+00
2.180000e-01	8.144457e+00
2.190000e-01	8.131596e+00
2.200000e-01	8.119248e+00
2.210000e-01	8.106969e+00
2.220000e-01	8.094604e+00
2.230000e-01	8.082190e+00
2.240000e-01	8.069596e+00
2.250000e-01	8.056521e+00
2.260000e-01	8.044722e+00
2.270000e-01	8.030606e+00
2.280000e-01	8.019201e+00
2.290000e-01	8.006219e+00
2.300000e-01	7.993218e+00
2.310000e-01	7.979915e+00
2.320000e-01	7.966819e+00
2.330000e-01	7.953517e+00
2.340000e-01	7.940278e+00
2.350000e-01	7.926877e+00
2.360000e-01	7.913549e+00
2.370000e-01	7.900064e+00
2.380000e-01	7.886510e+00
2.390000e-01	7.872756e+00
2.400000e-01	7.858998e+00
2.410000e-01	7.845389e+00
2.420000e-01	7.831619e+00
2.430000e-01	7.817976e+00
2.440000e-01	7.803676e+00
2.450000e-01	7.789881e+00
2.460000e-01	7.775942e+00
2.470000e-01	7.762225e+00
2.480000e-01	7.749127e+00
2.490000e-01	7.732756e+00
2.500000e-01	7.718309e+00
2.510000e-01	7.704496e+00
2.520000e-01	7.689915e+00
2.530000e-01	7.675358e+00
2.540000e-01	7.661211e+00
2.550000e-01	7.646667e+00
2.560000e-01	7.632771e+00
2.570000e-01	7.618330e+00
2.580000e-01	7.604820e+00
2.590000e-01	7.593758e+00
2.600000e-01	7.580527e+00
2.610000e-01	7.566332e+00
2.620000e-01	7.541517e+00
2.630000e-01	7.539070e+00
2.640000e-01	7.524341e+00
2.650000e-01	7.493454e+00
2.660000e-01	7.496974e+00
2.670000e-01	7.466156e+00
2.680000e-01	7.467982e+00
2.690000e-01	7.454393e+00
2.696881e-01	9.504173e+01
2.700000e-01	7.432530e+00
2.710000e-01	7.415426e+00
2.720000e-01	7.400963e+00
2.730000e-01	7.386213e+00
2.737200e-01	6.905167e+00
2.739825e-01	6.782079e+00
2.740000e-01	6.807025e+00
2.747099e-01	1.291954e+01
2.749774e-01	7.297883e+00
2.750000e-01	7.384777e+00
2.760000e-01	7.343783e+00
2.770000e-01	7.329228e+00
2.780000e-01	7.314369e+00
2.790000e-01	7.300169e+00
2.800000e-01	7.285185e+00
2.810000e-01	7.270834e+00
2.820000e-01	7.256320e+00
2.830000e-01	7.245590e+00
2.840000e-01	7.224201e+00
2.850000e-01	7.212154e+00
2.860000e-01	7.197132e+00
2.870000e-01	7.182430e+00
2.880000e-01	7.167345e+00
2.890000e-01	7.152594e+00
2.900000e-01	7.137533e+00
2.910000e-01	7.118332e+00
2.920000e-01	7.100775e+00
2.930000e-01	7.084782e+00
2.940000e-01	7.070765e+00
2.950000e-01	7.056395e+00
2.960000e-01	7.059080e+00
2.970000e-01	7.027356e+00
2.980000e-01	7.031060e+00
2.990000e-01	7.003982e+00
3.000000e-01	6.981148e+00
3.010000e-01	6.968096e+00
3.020000e-01	6.975866e+00
3.030000e-01	6.939441e+00
3.040000e-01	6.922439e+00
3.050000e-01	6.907234e+00
3.060000e-01	6.891902e+00
3.070000e-01	6.876012e+00
3.080000e-01	6.860329e+00
3.090000e-01	6.844326e+00
3.100000e-01	6.828279e+00
3.110000e-01	6.812357e+00
3.120000e-01	6.795987e+00
3.130000e-01	6.780007e+00
3.140000e-01	6.763535e+00
3.150000e-01	6.747606e+00
3.160000e-01	6.730322e+00
3.170000e-01	6.716467e+00
3.180000e-01	6.721413e+00
3.190000e-01	6.706319e+00
3.200000e-01	6.667313e+00
3.210000e-01	6.652155e+00
3.220000e-01	6.635536e+00
3.230000e-01	6.619033e+00
3.240000e-01	6.602527e+00
3.250000e-01	6.586380e+00
3.260000e-01	6.567221e+00
3.270000e-01	6.553365e+00
3.280000e-01	6.533605e+00
3.290000e-01	6.521995e+00
3.300000e-01	6.492748e+00
3.310000e-01	6.499279e+00
3.320000e-01	6.489335e+00
3.330000e-01	6.448807e+00
3.340000e-01	6.458694e+00
3.350000e-01	6.427517e+00
3.360000e-01	6.428821e+00
3.370000e-01	6.368247e+00
3.380000e-01	6.396177e+00
3.390000e-01	6.389337e+00
3.400000e-01	6.366318e+00
3.410000e-01	6.345164e+00
3.420000e-01	6.267124e+00
3.430000e-01	6.324654e+00
3.440000e-01	6.310877e+00
3.450000e-01	6.292719e+00
3.460000e-01	6.280176e+00
3.470000e-01	6.262275e+00
3.480000e-01	6.217348e+00
3.490000e-01	6.229254e+00
3.500000e-01	6.222432e+00
3.510000e-01	6.198851e+00
3.520000e-01	6.190051e+00
3.530000e-01	6.122817e+00
3.540000e-01	6.110629e+00
3.550000e-01	6.092474e+00
3.560000e-01	6.078346e+00
3.570000e-01	6.062628e+00
3.580000e-01	6.047522e+00
3.590000e-01	6.032001e+00
3.600000e-01	6.017170e+00
3.610000e-01	6.000309e+00
3.620000e-01	5.988680e+00
3.630000e-01	5.962957e+00
3.640000e-01	5.958053e+00
3.650000e-01	5.943315e+00
3.660000e-01	5.927500e+00
3.670000e-01	5.909688e+00
3.680000e-01	5.874615e+00
3.690000e-01	5.859796e+00
3.700000e-01	5.844198e+00
3.710000e-01	5.829232e+00
3.720000e-01	5.813727e+00
3.730000e-01	5.798576e+00
3.740000e-01	5.783146e+00
3.750000e-01	5.767872e+00
3.760000e-01	5.752464e+00
3.770000e-01	5.737106e+00
3.780000e-01	5.721686e+00
3.790000e-01	5.706273e+00
3.800000e-01	5.690822e+00
3.804502e-01	1.026399e+01
3.810000e-01	5.389658e+00
3.812537e-01	1.010176e+01
3.815137e-01	5.648165e+00
3.818655e-01	8.100774e+00
3.820000e-01	5.648291e+00
3.830000e-01	5.626960e+00
3.840000e-01	5.603642e+00
3.850000e-01	5.587292e+00
3.860000e-01	5.569799e+00
3.870000e-01	5.552040e+00
3.880000e-01	5.534587e+00
3.890000e-01	5.517405e+00
3.900000e-01	5.510278e+00
3.910000e-01	5.484514e+00
3.920000e-01	5.452054e+00
3.930000e-01	5.444289e+00
3.940000e-01	5.430967e+00
3.950000e-01	5.417116e+00
3.960000e-01	5.400683e+00
3.970000e-01	5.384869e+00
3.980000e-01	5.383864e+00
3.990000e-01	5.329012e+00
4.000000e-01	5.360321e+00
4.010000e-01	5.311377e+00
4.020000e-01	5.281814e+00
4.030000e-01	5.296295e+00
4.033798e-01	4.881862e+01
4.040000e-01	5.223658e+00
4.050000e-01	5.245908e+00
4.060000e-01	5.249338e+00
4.062516e-01	6.830188e+00
4.070000e-01	4.971332e+00
4.073612e-01	6.392987e+00
4.080000e-01	5.208522e+00
4.088815e-01	1.143282e+01
4.090000e-01	5.710574e+00
4.100000e-01	5.179509e+00
4.110000e-01	5.140385e+00
4.120000e-01	5.110674e+00
4.130000e-01	5.237162e+00
4.140000e-01	5.102775e+00
4.150000e-01	5.084770e+00
4.160000e-01	5.035851e+00
4.170000e-01	5.022965e+00
4.180000e-01	5.039768e+00
4.186693e-01	7.834751e+00
4.189352e-01	9.038789e+00
4.190000e-01	6.323121e+00
4.192611e-01	9.118306e+00
4.195485e-01	8.244542e+00
4.198856e-01	2.255140e+01
4.200000e-01	4.897771e+00
4.203170e-01	7.882697e+00
4.208241e-01	6.268513e+00
4.210000e-01	4.965871e+00
4.212998e-01	8.801401e+00
4.216629e-01	1.042907e+02
4.219967e-01	3.311809e+00
4.220000e-01	4.055974e+00
4.224127e-01	9.039855e+00
4.227110e-01	3.839304e+00
4.230000e-01	4.941666e+00
4.240000e-01	4.940660e+00
4.250000e-01	4.885225e+00
4.260000e-01	4.867636e+00
4.267614e-01	8.038043e+00
4.270000e-01	8.198652e+00
4.272560e-01	7.459969e+00
4.275091e-01	8.752090e+00
4.277779e-01	4.198075e+00
4.280000e-01	1.034718e+01
4.290000e-01	4.815433e+00
4.300000e-01	4.804989e+00
4.310000e-01	4.783168e+00
4.320000e-01	4.764347e+00
4.330000e-01	4.746164e+00
4.340000e-01	4.737332e+00
4.350000e-01	4.713258e+00
4.360000e-01	4.668340e+00
4.370000e-01	4.679705e+00
4.380000e-01	3.832424e+00
4.390000e-01	4.681517e+00
4.400000e-01	6.186813e+00
4.410000e-01	4.281844e+00
4.420000e-01	4.734236e+00
4.430000e-01	4.553986e+00
4.439918e-01	1.341186e+01
4.440000e-01	3.937419e+00
4.450000e-01	4.601927e+00
4.460000e-01	4.505846e+00
4.470000e-01	4.344520e+00
4.480000e-01	4.599201e+00
4.490000e-01	4.493784e+00
4.500000e-01	4.532365e+00
4.510000e-01	1.069199e+01
4.520000e-01	4.449184e+00
4.530000e-01	4.339717e+00
4.540000e-01	4.376164e+00
4.550000e-01	4.673075e+00
4.560000e-01	4.324421e+00
4.570000e-01	4.321858e+00
4.580000e-01	4.601795e+00
4.590000e-01	3.001829e+00
4.600000e-01	4.266574e+00
4.610000e-01	4.229933e+00
4.620000e-01	3.926602e+00
4.630000e-01	4.207760e+00
4.640000e-01	4.183247e+00
4.650000e-01	4.214775e+00
4.660000e-01	4.137732e+00
4.670000e-01	4.094636e+00
4.680000e-01	4.121638e+00
4.690000e-01	4.105143e+00
4.700000e-01	4.019264e+00
4.710000e-01	3.630366e+00
4.720000e-01	4.036728e+00
4.726434e-01	4.220387e+00
4.729509e-01	3.624557e+00
4.730000e-01	3.979808e+00
4.732894e-01	2.909443e+00
4.736626e-01	6.279593e+00
4.739295e-01	6.115602e+00
4.740000e-01	4.065196e+00
4.750000e-01	3.991085e+00
4.760000e-01	3.946479e+00
4.770000e-01	3.966975e+00
4.780000e-01	3.943003e+00
4.790000e-01	3.921999e+00
4.800000e-01	3.903605e+00
4.810000e-01	4.054850e+00
4.820000e-01	4.276970e+00
4.830000e-01	4.100934e+00
4.840000e-01	3.770741e+00
4.850000e-01	3.785381e+00
4.854004e-01	2.125072e+01
4.860000e-01	3.786023e+00
4.870000e-01	3.900896e+00
4.880000e-01	3.710369e+00
4.890000e-01	3.559560e+00
4.900000e-01	3.732730e+00
4.910000e-01	3.701543e+00
4.920000e-01	3.698542e+00
4.930000e-01	3.667011e+00
4.940000e-01	3.661443e+00
4.950000e-01	3.632904e+00
4.960000e-01	3.648453e+00
4.970000e-01	3.545698e+00
4.980000e-01	3.706075e+00
4.990000e-01	3.566650e+00
5.000000e-01	3.496264e+00
5.010000e-01	3.461875e+00
5.020000e-01	3.539929e+00
5.030000e-01	3.349880e+00
5.040000e-01	3.448997e+00
5.050000e-01	3.355935e+00
5.060000e-01	3.412664e+00
5.070000e-01	3.391580e+00
5.080000e-01	3.393768e+00
5.090000e-01	3.420240e+00
5.100000e-01	3.352062e+00
5.110000e-01	3.353560e+00
5.120000e-01	3.270464e+00
5.130000e-01	3.301942e+00
5.140000e-01	3.268419e+00
5.150000e-01	3.277338e+00
5.160000e-01	4.582825e+00
5.170000e-01	3.595597e+00
5.180000e-01	3.218738e+00
5.190000e-01	3.187791e+00
5.200000e-01	3.120172e+00
5.210000e-01	3.175114e+00
5.220000e-01	3.130430e+00
5.230000e-01	3.073921e+00
5.240000e-01	3.092527e+00
5.250000e-01	3.084775e+00
5.260000e-01	3.008195e+00
5.270000e-01	2.935273e+00
5.280000e-01	3.023063e+00
5.290000e-01	3.126530e+00
5.300000e-01	3.071816e+00
5.310000e-01	2.904168e+00
5.320000e-01	2.932785e+00
5.330000e-01	2.936751e+00
5.340000e-01	2.956058e+00
5.350000e-01	2.889256e+00
5.360000e-01	2.903286e+00
5.370000e-01	2.850565e+00
5.380000e-01	2.698173e+00
5.390000e-01	2.727237e+00
5.400000e-01	2.904586e+00
5.410000e-01	2.654561e+00
5.420000e-01	2.572844e+00
5.430000e-01	2.748955e+00
5.440000e-01	2.722964e+00
5.450000e-01	2.704965e+00
5.460000e-01	2.434855e+00
5.470000e-01	2.657475e+00
5.480000e-01	2.663786e+00
5.490000e-01	2.029429e+00
5.500000e-01	2.638835e+00
5.510000e-01	2.603545e+00
5.520000e-01	2.575981e+00
5.530000e-01	2.541617e+00
5.540000e-01	2.528934e+00
5.550000e-01	2.352746e+00
5.560000e-01	2.426480e+00
5.570000e-01	2.520315e+00
5.580000e-01	2.436812e+00
5.590000e-01	2.444428e+00
5.600000e-01	2.313200e+00
5.610000e-01	2.405492e+00
5.620000e-01	2.385499e+00
5.630000e-01	2.366277e+00
5.640000e-01	2.333442e+00
5.650000e-01	2.292485e+00
5.660000e-01	2.034257e+00
5.670000e-01	2.061103e+00
5.680000e-01	2.222640e+00
5.690000e-01	2.276898e+00
5.700000e-01	2.215525e+00
5.710000e-01	2.249858e+00
5.720000e-01	1.781419e+00
5.730000e-01	2.181835e+00
5.740000e-01	2.165635e+00
5.750000e-01	2.059980e+00
5.760000e-01	2.137284e+00
5.770000e-01	2.112063e+00
5.780000e-01	2.103889e+00
5.790000e-01	2.063268e+00
5.800000e-01	2.044286e+00
5.810000e-01	2.056747e+00
5.820000e-01	2.024294e+00
5.830000e-01	1.782345e+00
5.840000e-01	1.663466e+00
5.850000e-01	1.872974e+00
5.860000e-01	1.930757e+00
5.870000e-01	7.814229e+00
5.880000e-01	1.894646e+00
5.890000e-01	1.894410e+00
5.900000e-01	1.859421e+00
5.910000e-01	1.776792e+00
5.920000e-01	1.771309e+00
5.930000e-01	2.004375e+00
5.940000e-01	1.868758e+00
5.950000e-01	1.811542e+00
5.960000e-01	1.758449e+00
5.970000e-01	2.172568e+00
5.980000e-01	1.733921e+00
5.990000e-01	1.913652e+00
6.000000e-01	1.660275e+00
6.010000e-01	1.905684e+00
6.020000e-01	3.557174e+02
6.020000e-01	7.164744e+02
6.030000e-01	1.619975e+00
6.037116e-01	2.895935e+00
6.040000e-01	1.431679e+00
6.050000e-01	1.579906e+00
6.060000e-01	1.641973e+00
6.070000e-01	1.552772e+00
6.080000e-01	1.499183e+00
6.090000e-01	5.805296e+01
6.097487e-01	2.621623e+00
6.100000e-01	1.443002e+00
6.104817e-01	2.836132e+00
6.110000e-01	1.467483e+00
6.120000e-01	1.465461e+00
6.125302e-01	1.717190e+00
6.130000e-01	1.534160e+00
6.134696e-01	2.519159e+00
6.138365e-01	2.432975e+00
6.140000e-01	2.290198e+00
6.143626e-01	2.404129e+00
6.146329e-01	2.288918e+00
6.149269e-01	2.534382e+00
6.150000e-01	1.483614e+00
6.155080e-01	2.349906e+00
6.160000e-01	1.355831e+00
6.163367e-01	4.702109e+01
6.166859e-01	3.872144e+00
6.170000e-01	1.457630e+00
6.172951e-01	1.545446e+00
6.180000e-01	1.317196e+00
6.188404e-01	2.295425e+00
6.190000e-01	1.294048e+00
6.196126e-01	2.153452e+00
6.198784e-01	1.828096e+00
6.200000e-01	7.320652e-01
6.203479e-01	8.444707e+00
6.207583e-01	6.290052e+00
6.210000e-01	1.265371e+00
6.212602e-01	2.003685e+00
6.217393e-01	1.916610e+00
6.219955e-01	5.095867e+00
6.220000e-01	7.947586e-01
6.222729e-01	3.250002e+01
6.228509e-01	1.422435e+00
6.230000e-01	3.630172e+02
6.232797e-01	2.077989e+00
6.236225e-01	1.240120e+00
6.240000e-01	1.032318e+00
6.242700e-01	9.610077e-01
6.245756e-01	7.490674e+00
6.248760e-01	4.171512e+01
6.250000e-01	1.192304e+00
6.253644e-01	8.407580e-01
6.260000e-01	9.701281e-01
6.270000e-01	1.122792e+00
6.276658e-01	1.361683e+00
6.280000e-01	1.099799e+00
6.290000e-01	1.002302e+00
6.293890e-01	1.114026e+00
6.297241e-01	1.310351e+00
6.300000e-01	1.016575e+00
6.310000e-01	8.443279e-01
6.320000e-01	8.274423e-01
6.330000e-01	6.973613e-01
6.340000e-01	5.895441e-01
6.350000e-01	4.833904e-01
6.360000e-01	3.791723e-01
6.370000e-01	4.293641e-01
6.380000e-01	5.792059e-01
6.390000e-01	6.152775e-01
6.400000e-01	9.996335e-01
6.410000e-01	1.236792e+00
6.420000e-01	1.476444e+00
6.430000e-01	1.816208e+00
6.440000e-01	1.892812e+00
6.450000e-01	2.027425e+00
6.460000e-01	2.097517e+00
6.470000e-01	2.075895e+00
6.480000e-01	1.980948e+00
6.490000e-01	1.868453e+00
6.500000e-01	1.654680e+00
6.505519e-01	1.532123e+00
6.510000e-01	1.519435e+00
6.520000e-01	1.232426e+00
6.530000e-01	9.971671e-01
6.540000e-01	7.334361e-01
6.550000e-01	5.325881e-01
6.560000e-01	4.394478e-01
6.570000e-01	4.155067e-01
6.580000e-01	5.035697e-01
6.590000e-01	7.482905e-01
6.600000e-01	7.238119e-01
6.610000e-01	7.467452e-01
6.620000e-01	1.101042e+00
6.630000e-01	6.194978e-01
6.640000e-01	1.430716e+00
6.650000e-01	1.354331e+00
6.660000e-01	1.449433e+00
6.670000e-01	1.535940e+00
6.680000e-01	1.615580e+00
6.690000e-01	1.688784e+00
6.700000e-01	1.757259e+00
6.710000e-01	1.817660e+00
6.720000e-01	1.873578e+00
6.730000e-01	1.924600e+00
6.740000e-01	1.971227e+00
6.750000e-01	2.010236e+00
6.760000e-01	2.049178e+00
6.770000e-01	2.081690e+00
6.780000e-01	2.112795e+00
6.790000e-01	2.135954e+00
6.800000e-01	2.159685e+00
6.810000e-01	2.172931e+00
6.820000e-01	2.185037e+00
6.830000e-01	2.194950e+00
6.840000e-01	2.204879e+00
6.850000e-01	2.201295e+00
6.860000e-01	2.200688e+00
6.870000e-01	2.194455e+00
6.880000e-01	2.185682e+00
6.890000e-01	2.172589e+00
6.900000e-01	2.155822e+00
6.910000e-01	2.134787e+00
6.920000e-01	2.111355e+00
6.930000e-01	2.151128e+00
6.940000e-01	2.050223e+00
6.950000e-01	2.015167e+00
6.960000e-01	1.975907e+00
6.970000e-01	1.931456e+00
6.980000e-01	1.883875e+00
6.990000e-01	1.830468e+00
7.000000e-01	1.776411e+00
7.010000e-01	1.710895e+00
7.020000e-01	1.643971e+00
7.030000e-01	1.571602e+00
7.040000e-01	1.493995e+00
7.050000e-01	1.410490e+00
7.060000e-01	1.322007e+00
7.070000e-01	1.227469e+00
7.080000e-01	1.127696e+00
7.090000e-01	1.023978e+00
7.100000e-01	9.233141e-01
7.110000e-01	8.329821e-01
7.120000e-01	7.647270e-01
7.130000e-01	7.436074e-01
7.140000e-01	7.972805e-01
7.150000e-01	9.345061e-01
7.160000e-01	1.154710e+00
7.170000e-01	1.444116e+00
7.180000e-01	1.784037e+00
7.190000e-01	2.107440e+00
7.200000e-01	2.386186e+00
7.210000e-01	2.593956e+00
7.220000e-01	2.685362e+00
7.230000e-01	2.643642e+00
7.240000e-01	2.477393e+00
7.250000e-01	2.220653e+00
7.260000e-01	1.922580e+00
7.270000e-01	1.634655e+00
7.280000e-01	1.391216e+00
7.290000e-01	1.226211e+00
7.300000e-01	1.148765e+00
7.310000e-01	1.146645e+00
7.320000e-01	1.197398e+00
7.330000e-01	1.279622e+00
7.340000e-01	1.370293e+00
7.350000e-01	1.463673e+00
7.360000e-01	1.553055e+00
7.370000e-01	1.635078e+00
7.380000e-01	1.712123e+00
7.390000e-01	1.781966e+00
7.400000e-01	1.845213e+00
7.410000e-01	1.899474e+00
7.420000e-01	4.816274e+01
7.430000e-01	1.953098e+00
7.440000e-01	2.004429e+00
7.450000e-01	2.062379e+00
7.460000e-01	2.079964e+00
7.470000e-01	2.515411e+00
7.480000e-01	1.920740e+00
7.490000e-01	1.924483e+00
7.500000e-01	1.957341e+00
7.510000e-01	1.991963e+00
7.520000e-01	2.014824e+00
7.530000e-01	2.038085e+00
7.540000e-01	2.031962e+00
7.550000e-01	2.173669e+00
7.560000e-01	2.253185e+00
7.570000e-01	2.108713e+00
7.580000e-01	2.104327e+00
7.590000e-01	2.107058e+00
7.600000e-01	2.106630e+00
7.610000e-01	2.102944e+00
7.620000e-01	2.095490e+00
7.630000e-01	2.084525e+00
7.640000e-01	2.085092e+00
7.650000e-01	2.052656e+00
7.660000e-01	2.028464e+00
7.670000e-01	1.999191e+00
7.680000e-01	1.976907e+00
7.690000e-01	1.939114e+00
7.700000e-01	1.901137e+00
7.710000e-01	1.855773e+00
7.720000e-01	1.801696e+00
7.730000e-01	1.751774e+00
7.740000e-01	1.683123e+00
7.750000e-01	1.617707e+00
7.760000e-01	1.545614e+00
7.770000e-01	1.474777e+00
7.780000e-01	1.407645e+00
7.790000e-01	1.359949e+00
7.800000e-01	1.350427e+00
7.810000e-01	1.296726e+00
7.820000e-01	1.318046e+00
7.830000e-01	1.377321e+00
7.840000e-01	1.450507e+00
7.850000e-01	1.540156e+00
7.860000e-01	1.674439e+00
7.870000e-01	1.807864e+00
7.880000e-01	2.013840e+00
7.890000e-01	1.956676e+00
7.900000e-01	1.998334e+00
7.910000e-01	1.944723e+00
7.920000e-01	1.778145e+00
7.930000e-01	1.605628e+00
7.940000e-01	1.304616e+00
7.950000e-01	1.332424e+00
7.960000e-01	1.250136e+00
7.970000e-01	1.226995e+00
7.980000e-01	1.248590e+00
7.990000e-01	1.314017e+00
8.000000e-01	1.385425e+00
8.010000e-01	1.466734e+00
8.020000e-01	1.551097e+00
8.030000e-01	1.630992e+00
8.040000e-01	1.744953e+00
8.050000e-01	1.854331e+00
8.060000e-01	1.838253e+00
8.070000e-01	1.886149e+00
8.080000e-01	1.929219e+00
8.090000e-01	1.967038e+00
8.100000e-01	1.999592e+00
8.110000e-01	2.030412e+00
8.120000e-01	2.404128e+00
8.130000e-01	2.114515e+00
8.140000e-01	1.827388e+00
8.150000e-01	1.846876e+00
8.160000e-01	1.851602e+00
8.170000e-01	1.852492e+00
8.180000e-01	1.850426e+00
8.190000e-01	1.842137e+00
8.200000e-01	1.830569e+00
8.210000e-01	1.815375e+00
8.220000e-01	1.795521e+00
8.230000e-01	1.771831e+00
8.240000e-01	1.745036e+00
8.250000e-01	1.711660e+00
8.260000e-01	1.677336e+00
8.270000e-01	1.687632e+00
8.280000e-01	1.587180e+00
8.290000e-01	1.538257e+00
8.300000e-01	1.482927e+00
8.310000e-01	1.423503e+00
8.320000e-01	1.356819e+00
8.330000e-01	1.288766e+00
8.340000e-01	1.214190e+00
8.350000e-01	1.139557e+00
8.360000e-01	1.066280e+00
8.370000e-01	1.000747e+00
8.380000e-01	9.526851e-01
8.390000e-01	9.367713e-01
8.400000e-01	9.697309e-01
8.410000e-01	1.061588e+00
8.420000e-01	1.213216e+00
8.430000e-01	1.414099e+00
8.440000e-01	1.590640e+00
8.450000e-01	1.770639e+00
8.460000e-01	1.924582e+00
8.470000e-01	2.027763e+00
8.480000e-01	2.062416e+00
8.490000e-01	2.024037e+00
8.500000e-01	1.921838e+00
8.510000e-01	1.780608e+00
8.520000e-01	1.623489e+00
8.530000e-01	1.486796e+00
8.540000e-01	1.392415e+00
8.550000e-01	1.351725e+00
8.560000e-01	1.361275e+00
8.570000e-01	1.410631e+00
8.580000e-01	1.484954e+00
8.590000e-01	1.568267e+00
8.600000e-01	1.744986e+00
8.610000e-01	1.755115e+00
8.620000e-01	1.841434e+00
8.630000e-01	1.922315e+00
8.640000e-01	1.941946e+00
8.650000e-01	2.070259e+00
8.660000e-01	2.129000e+00
8.670000e-01	2.182970e+00
8.680000e-01	2.236902e+00
8.690000e-01	2.275820e+00
8.700000e-01	2.312103e+00
8.710000e-01	2.344808e+00
8.720000e-01	2.372537e+00
8.730000e-01	7.667062e+00
8.740000e-01	2.917693e+00
8.750000e-01	2.584973e+00
8.760000e-01	2.597975e+00
8.770000e-01	3.165967e+00
8.780000e-01	2.293460e+00
8.790000e-01	2.089308e+00
8.800000e-01	2.300987e+00
8.810000e-01	2.295583e+00
8.820000e-01	2.292010e+00
8.830000e-01	2.300356e+00
8.840000e-01	2.281632e+00
8.850000e-01	2.270726e+00
8.860000e-01	2.254373e+00
8.870000e-01	2.233888e+00
8.880000e-01	2.209270e+00
8.890000e-01	2.180855e+00
8.900000e-01	2.156438e+00
8.910000e-01	2.374323e+00
8.920000e-01	2.086037e+00
8.930000e-01	2.022113e+00
8.940000e-01	1.962935e+00
8.950000e-01	1.902462e+00
8.960000e-01	1.836520e+00
8.970000e-01	1.763691e+00
8.980000e-01	1.683758e+00
8.990000e-01	1.596384e+00
9.000000e-01	1.501129e+00
9.010000e-01	1.398072e+00
9.020000e-01	1.286049e+00
9.030000e-01	1.160032e+00
9.040000e-01	1.032025e+00
9.050000e-01	9.160610e-01
9.060000e-01	7.958951e-01
9.070000e-01	6.940537e-01
9.080000e-01	6.303149e-01
9.090000e-01	6.228939e-01
9.100000e-01	6.748578e-01
9.110000e-01	7.925804e-01
9.120000e-01	9.223966e-01
9.130000e-01	1.039887e+00
9.140000e-01	1.105877e+00
9.150000e-01	1.217371e+00
9.160000e-01	1.183043e+00
9.170000e-01	1.223436e+00
9.180000e-01	1.176886e+00
9.190000e-01	1.138604e+00
9.200000e-01	1.075139e+00
9.210000e-01	9.918655e-01
9.220000e-01	8.952179e-01
9.230000e-01	7.794223e-01
9.240000e-01	6.880197e-01
9.250000e-01	6.390959e-01
9.260000e-01	6.483054e-01
9.270000e-01	7.103451e-01
9.280000e-01	8.095255e-01
9.290000e-01	9.409275e-01
9.300000e-01	1.047969e+00
9.310000e-01	1.171505e+00
9.320000e-01	1.289922e+00
9.330000e-01	1.399805e+00
9.340000e-01	1.505772e+00
9.350000e-01	1.600627e+00
9.360000e-01	1.687963e+00
9.370000e-01	1.773155e+00
9.380000e-01	1.844017e+00
9.390000e-01	1.943355e+00
9.400000e-01	1.963102e+00
9.410000e-01	2.024619e+00
9.420000e-01	2.108522e+00
9.430000e-01	2.112854e+00
9.440000e-01	2.157245e+00
9.450000e-01	2.169289e+00
9.460000e-01	2.235083e+00
9.470000e-01	2.146775e+00
9.480000e-01	2.250812e+00
9.490000e-01	2.257784e+00
9.500000e-01	2.266532e+00
9.510000e-01	2.273162e+00
9.520000e-01	2.277525e+00
9.530000e-01	2.268490e+00
9.540000e-01	2.267407e+00
9.550000e-01	2.249406e+00
9.560000e-01	2.237270e+00
9.570000e-01	2.215426e+00
9.580000e-01	2.192059e+00
9.590000e-01	2.164560e+00
9.600000e-01	2.132025e+00
9.610000e-01	2.095357e+00
9.620000e-01	2.055575e+00
9.630000e-01	2.009939e+00
9.640000e-01	1.960103e+00
9.650000e-01	1.906039e+00
9.660000e-01	1.847289e+00
9.670000e-01	1.784073e+00
9.680000e-01	1.717338e+00
9.690000e-01	1.646128e+00
9.700000e-01	1.445689e+00
9.710000e-01	1.487419e+00
9.720000e-01	1.414156e+00
9.730000e-01	1.338040e+00
9.740000e-01	1.266368e+00
9.750000e-01	1.205185e+00
9.760000e-01	1.164022e+00
9.770000e-01	1.140328e+00
9.780000e-01	1.146449e+00
9.790000e-01	1.184366e+00
9.800000e-01	1.246153e+00
9.810000e-01	1.288270e+00
9.820000e-01	1.351048e+00
9.830000e-01	1.395869e+00
9.840000e-01	1.420567e+00
9.850000e-01	1.543152e+00
9.860000e-01	1.524863e+00
9.870000e-01	1.491435e+00
9.880000e-01	1.452947e+00
9.890000e-01	1.420445e+00
9.900000e-01	1.402569e+00
9.910000e-01	1.405312e+00
9.920000e-01	6.831051e-01
9.930000e-01	1.034881e+00
9.940000e-01	1.039686e+00
9.950000e-01	1.085522e+00
9.960000e-01	1.142711e+00
9.970000e-01	1.204971e+00
9.980000e-01	1.274002e+00
9.990000e-01	1.341402e+00
1.000000e+00	1.407384e+00
1.001000e+00	1.032055e+00
1.002000e+00	1.546938e+00
1.003000e+00	1.586403e+00
1.004000e+00	1.640547e+00
1.005000e+00	1.690703e+00
1.006000e+00	1.735070e+00
1.007000e+00	1.807248e+00
1.008000e+00	1.813872e+00
1.009000e+00	1.841762e+00
1.010000e+00	1.865994e+00
1.011000e+00	1.885790e+00
1.012000e+00	1.901019e+00
1.013000e+00	1.911574e+00
1.014000e+00	1.917363e+00
1.015000e+00	1.918291e+00
1.016000e+00	1.914217e+00
1.017000e+00	1.905089e+00
1.018000e+00	1.890809e+00
1.019000e+00	1.870954e+00
1.020000e+00	1.845651e+00
1.021000e+00	1.814329e+00
1.022000e+00	1.781523e+00
1.023000e+00	1.741847e+00
1.024000e+00	1.698538e+00
1.025000e+00	1.651166e+00
1.026000e+00	1.603241e+00
1.027000e+00	1.556354e+00
1.028000e+00	1.511933e+00
1.029000e+00	1.471715e+00
1.030000e+00	1.444014e+00
1.031000e+00	1.375025e+00
1.032000e+00	1.429361e+00
1.033000e+00	1.432176e+00
1.034000e+00	1.453188e+00
1.035000e+00	1.477843e+00
1.036000e+00	1.501133e+00
1.037000e+00	1.513068e+00
1.038000e+00	1.517778e+00
1.039000e+00	1.509569e+00
1.040000e+00	1.494226e+00
1.041000e+00	1.476058e+00
1.042000e+00	1.462777e+00
1.043000e+00	1.454594e+00
1.044000e+00	1.466854e+00
1.045000e+00	1.411606e+00
1.046000e+00	1.523222e+00
1.047000e+00	1.567378e+00
1.048000e+00	1.613588e+00
1.049000e+00	1.665083e+00
1.050000e+00	1.717147e+00
1.051000e+00	1.795348e+00
1.052000e+00	1.781091e+00
1.053000e+00	1.863757e+00
1.054000e+00	1.893941e+00
1.055000e+00	1.938217e+00
1.056000e+00	1.968879e+00
1.057000e+00	1.996631e+00
1.058000e+00	2.020782e+00
1.059000e+00	2.038800e+00
1.060000e+00	2.053610e+00
1.061000e+00	2.064431e+00
1.062000e+00	2.074822e+00
1.063000e+00	2.073212e+00
1.064000e+00	2.070390e+00
1.065000e+00	2.065040e+00
1.066000e+00	2.053946e+00
1.067000e+00	2.037203e+00
1.068000e+00	2.020421e+00
1.069000e+00	1.997634e+00
1.070000e+00	1.969485e+00
1.071000e+00	1.938397e+00
1.072000e+00	1.902510e+00
1.073000e+00	1.861915e+00
1.074000e+00	1.817466e+00
1.075000e+00	1.767810e+00
1.076000e+00	1.714271e+00
1.077000e+00	1.656518e+00
1.078000e+00	1.594453e+00
1.079000e+00	1.525586e+00
1.080000e+00	1.457283e+00
1.081000e+00	1.383676e+00
1.082000e+00	1.306587e+00
1.083000e+00	1.227900e+00
1.084000e+00	1.147944e+00
1.085000e+00	1.067428e+00
1.086000e+00	9.913645e-01
1.087000e+00	9.143410e-01
1.088000e+00	8.469397e-01
1.089000e+00	7.880152e-01
1.090000e+00	7.424938e-01
1.091000e+00	7.130359e-01
1.092000e+00	7.006625e-01
1.093000e+00	7.042594e-01
1.094000e+00	7.236727e-01
1.095000e+00	7.515892e-01
1.096000e+00	7.836052e-01
1.097000e+00	8.166738e-01
1.098000e+00	8.477581e-01
1.099000e+00	8.458891e-01
1.100000e+00	4.897011e+00
1.101000e+00	8.503462e-01
1.102000e+00	9.488697e-01
1.103000e+00	9.894612e-01
1.104000e+00	1.043318e+00
1.105000e+00	1.106452e+00
1.106000e+00	1.178802e+00
1.107000e+00	1.259523e+00
1.108000e+00	1.342839e+00
1.109000e+00	1.429118e+00
1.110000e+00	1.516058e+00
1.111000e+00	1.600916e+00
1.112000e+00	1.684676e+00
1.113000e+00	1.764203e+00
1.114000e+00	1.837530e+00
1.115000e+00	1.906548e+00
1.116000e+00	1.965157e+00
1.117000e+00	2.028427e+00
1.118000e+00	2.082513e+00
1.119000e+00	2.132398e+00
1.120000e+00	2.176331e+00
1.121000e+00	2.215180e+00
1.122000e+00	2.249158e+00
1.123000e+00	2.277370e+00
1.124000e+00	2.301560e+00
1.125000e+00	2.316486e+00
1.126000e+00	2.708942e+00
1.127000e+00	2.374767e+00
1.128000e+00	2.353478e+00
1.129000e+00	2.352952e+00
1.130000e+00	2.346931e+00
1.131000e+00	2.337089e+00
1.132000e+00	2.321723e+00
1.133000e+00	2.300150e+00
1.134000e+00	2.273912e+00
1.135000e+00	2.241242e+00
1.136000e+00	2.202724e+00
1.137000e+00	2.159438e+00
1.138000e+00	2.099821e+00
1.139000e+00	2.053832e+00
1.140000e+00	2.373147e+00
1.141000e+00	1.938288e+00
1.142000e+00	1.848733e+00
1.143000e+00	1.768281e+00
1.144000e+00	1.681398e+00
1.145000e+00	1.589295e+00
1.146000e+00	1.495317e+00
1.147000e+00	1.523054e+00
1.148000e+00	1.305129e+00
1.149000e+00	1.220642e+00
1.150000e+00	1.149809e+00
1.151000e+00	1.101364e+00
1.152000e+00	1.077685e+00
1.153000e+00	1.088332e+00
1.154000e+00	1.124059e+00
1.155000e+00	1.164821e+00
1.156000e+00	1.206475e+00
1.157000e+00	1.231643e+00
1.158000e+00	1.233082e+00
1.159000e+00	1.201349e+00
1.160000e+00	1.142081e+00
1.161000e+00	1.073224e+00
1.162000e+00	1.004437e+00
1.163000e+00	9.477222e-01
1.164000e+00	9.202625e-01
1.165000e+00	9.316223e-01
1.166000e+00	9.586686e-01
1.167000e+00	1.039529e+00
1.168000e+00	5.017683e-01
1.169000e+00	1.207296e+00
1.170000e+00	1.299342e+00
1.171000e+00	1.390415e+00
1.172000e+00	1.479155e+00
1.173000e+00	1.563135e+00
1.174000e+00	1.643106e+00
1.175000e+00	1.718360e+00
1.176000e+00	1.787312e+00
1.177000e+00	1.851886e+00
1.178000e+00	1.911391e+00
1.179000e+00	1.965331e+00
1.180000e+00	2.684187e+01
1.181000e+00	2.082542e+00
1.182000e+00	2.095866e+00
1.183000e+00	2.107268e+00
1.184000e+00	2.153233e+00
1.185000e+00	2.175890e+00
1.186000e+00	2.193891e+00
1.187000e+00	2.207491e+00
1.188000e+00	2.217210e+00
1.189000e+00	2.221030e+00
1.190000e+00	2.221331e+00
1.191000e+00	2.218688e+00
1.192000e+00	2.207552e+00
1.193000e+00	2.195905e+00
1.194000e+00	2.176300e+00
1.195000e+00	2.153994e+00
1.196000e+00	2.124838e+00
1.197000e+00	2.091261e+00
1.198000e+00	2.053236e+00
1.199000e+00	2.010015e+00
1.200000e+00	1.963068e+00
1.201000e+00	1.912527e+00
1.202000e+00	1.860602e+00
1.203000e+00	1.809081e+00
1.204000e+00	1.759528e+00
1.205000e+00	1.716168e+00
1.206000e+00	1.684463e+00
1.207000e+00	1.656747e+00
1.208000e+00	1.650493e+00
1.209000e+00	1.655497e+00
1.210000e+00	1.665693e+00
1.211000e+00	1.673442e+00
1.212000e+00	1.702979e+00
1.213000e+00	1.668614e+00
1.214000e+00	1.671579e+00
1.215000e+00	1.655330e+00
1.216000e+00	1.618510e+00
1.217000e+00	1.593368e+00
1.218000e+00	1.579011e+00
1.219000e+00	1.581563e+00
1.220000e+00	1.600029e+00
1.221000e+00	1.637234e+00
1.222000e+00	1.684572e+00
1.223000e+00	1.740144e+00
1.224000e+00	1.797336e+00
1.225000e+00	2.069302e+00
1.226000e+00	1.798903e+00
1.227000e+00	1.852024e+00
1.228000e+00	2.010579e+00
1.229000e+00	2.052220e+00
1.230000e+00	2.098519e+00
1.231000e+00	2.073181e+00
1.232000e+00	2.146384e+00
1.233000e+00	2.171610e+00
1.234000e+00	2.244311e+00
1.235000e+00	2.214569e+00
1.236000e+00	2.636891e+00
1.237000e+00	2.179367e+00
1.238000e+00	2.217363e+00
1.239000e+00	2.195635e+00
1.240000e+00	2.197080e+00
1.241000e+00	2.176403e+00
1.242000e+00	2.168331e+00
1.243000e+00	2.129592e+00
1.244000e+00	1.885367e+00
1.245000e+00	2.087132e+00
1.246000e+00	2.051055e+00
1.247000e+00	2.024699e+00
1.248000e+00	1.971372e+00
1.249000e+00	1.914523e+00
1.250000e+00	1.818587e+00
1.251000e+00	1.812673e+00
1.252000e+00	1.744155e+00
1.253000e+00	1.657849e+00
1.254000e+00	1.572076e+00
1.255000e+00	1.477623e+00
1.256000e+00	1.420224e+00
1.257000e+00	1.342266e+00
1.258000e+00	1.259860e+00
1.259000e+00	1.206334e+00
1.260000e+00	1.180722e+00
1.261000e+00	1.196119e+00
1.262000e+00	1.258385e+00
1.263000e+00	1.355210e+00
1.264000e+00	1.468853e+00
1.265000e+00	1.572141e+00
1.266000e+00	1.640864e+00
1.267000e+00	1.643448e+00
1.268000e+00	1.605007e+00
1.269000e+00	1.523481e+00
1.270000e+00	1.438048e+00
1.271000e+00	1.342006e+00
1.272000e+00	1.266550e+00
1.273000e+00	1.269154e+00
1.274000e+00	1.332800e+00
1.275000e+00	1.390801e+00
1.276000e+00	1.454295e+00
1.277000e+00	1.597859e+00
1.278000e+00	1.708312e+00
1.279000e+00	1.815218e+00
1.280000e+00	1.912920e+00
1.281000e+00	2.010224e+00
1.282000e+00	2.210571e+00
1.283000e+00	2.186624e+00
1.284000e+00	2.248069e+00
1.285000e+00	2.310638e+00
1.286000e+00	2.364665e+00
1.287000e+00	2.410966e+00
1.288000e+00	2.449615e+00
1.289000e+00	2.480607e+00
1.290000e+00	2.504878e+00
1.291000e+00	2.522259e+00
1.292000e+00	2.532794e+00
1.293000e+00	3.185394e+00
1.294000e+00	2.535800e+00
1.295000e+00	2.603790e+00
1.296000e+00	2.529933e+00
1.297000e+00	2.482346e+00
1.298000e+00	2.447248e+00
1.299000e+00	2.408524e+00
1.300000e+00	2.362621e+00
1.301000e+00	2.308990e+00
1.302000e+00	2.248162e+00
1.303000e+00	2.178641e+00
1.304000e+00	2.101863e+00
1.305000e+00	2.015546e+00
1.306000e+00	1.922714e+00
1.307000e+00	1.820633e+00
1.308000e+00	1.709658e+00
1.309000e+00	1.590450e+00
1.310000e+00	1.464367e+00
1.311000e+00	1.330201e+00
1.312000e+00	1.194882e+00
1.313000e+00	1.065320e+00
1.314000e+00	9.534289e-01
1.315000e+00	8.829755e-01
1.316000e+00	8.793503e-01
1.317000e+00	9.546988e-01
1.318000e+00	1.115437e+00
1.319000e+00	1.261800e+00
1.320000e+00	1.430936e+00
1.321000e+00	1.530967e+00
1.322000e+00	1.559389e+00
1.323000e+00	1.486148e+00
1.324000e+00	2.045869e+00
1.325000e+00	1.235161e+00
1.326000e+00	1.077161e+00
1.327000e+00	1.021184e+00
1.328000e+00	1.051643e+00
1.329000e+00	1.148628e+00
1.330000e+00	1.282728e+00
1.331000e+00	1.436053e+00
1.332000e+00	1.569798e+00
1.333000e+00	1.670404e+00
1.334000e+00	1.835615e+00
1.335000e+00	1.984008e+00
1.336000e+00	2.092497e+00
1.337000e+00	2.189581e+00
1.338000e+00	2.282560e+00
1.339000e+00	2.365288e+00
1.340000e+00	2.438269e+00
1.341000e+00	2.504889e+00
1.342000e+00	2.561562e+00
1.343000e+00	2.613195e+00
1.344000e+00	2.657052e+00
1.345000e+00	2.695296e+00
1.346000e+00	2.726167e+00
1.347000e+00	2.751893e+00
1.348000e+00	2.771252e+00
1.349000e+00	2.527247e+00
1.350000e+00	2.790599e+00
1.351000e+00	2.792749e+00
1.352000e+00	2.788020e+00
1.353000e+00	2.778186e+00
1.354000e+00	2.760611e+00
1.355000e+00	2.737161e+00
1.356000e+00	2.707393e+00
1.357000e+00	2.670853e+00
1.358000e+00	2.627213e+00
1.359000e+00	2.576178e+00
1.360000e+00	2.517127e+00
1.361000e+00	2.450197e+00
1.362000e+00	2.374173e+00
1.363000e+00	2.288470e+00
1.364000e+00	2.191711e+00
1.365000e+00	2.087653e+00
1.366000e+00	1.977729e+00
1.367000e+00	1.843765e+00
1.368000e+00	1.712024e+00
1.369000e+00	1.562772e+00
1.370000e+00	2.444047e+00
1.371000e+00	1.376632e+00
1.372000e+00	1.125194e+00
1.373000e+00	9.308952e-01
1.374000e+00	9.534742e-01
1.375000e+00	9.106537e-01
1.376000e+00	9.929012e-01
1.377000e+00	1.064992e+00
1.378000e+00	1.107812e+00
1.379000e+00	1.099361e+00
1.380000e+00	1.033689e+00
1.381000e+00	9.255864e-01
1.382000e+00	8.030309e-01
1.383000e+00	6.961883e-01
1.384000e+00	6.509448e-01
1.385000e+00	6.601381e-01
1.386000e+00	7.422199e-01
1.387000e+00	8.689738e-01
1.388000e+00	1.024981e+00
1.389000e+00	1.181666e+00
1.390000e+00	1.372142e+00
1.391000e+00	1.520305e+00
1.392000e+00	1.659380e+00
1.393000e+00	1.791830e+00
1.394000e+00	1.914567e+00
1.395000e+00	2.026797e+00
1.396000e+00	2.228035e+00
1.397000e+00	2.218883e+00
1.398000e+00	2.305460e+00
1.399000e+00	2.373182e+00
1.400000e+00	2.435737e+00
1.401000e+00	2.489969e+00
1.402000e+00	2.534390e+00
1.403000e+00	2.570362e+00
1.404000e+00	2.598275e+00
1.405000e+00	2.618240e+00
1.406000e+00	2.630457e+00
1.407000e+00	2.634069e+00
1.408000e+00	2.288710e+00
1.409000e+00	2.637545e+00
1.410000e+00	2.597753e+00
1.411000e+00	2.566166e+00
1.412000e+00	2.528305e+00
1.413000e+00	2.482329e+00
1.414000e+00	2.428270e+00
1.415000e+00	2.357364e+00
1.416000e+00	2.294587e+00
1.417000e+00	2.216893e+00
1.418000e+00	2.129531e+00
1.419000e+00	2.031893e+00
1.420000e+00	1.939348e+00
1.421000e+00	1.845261e+00
1.422000e+00	1.757101e+00
1.423000e+00	1.686844e+00
1.424000e+00	1.643185e+00
1.425000e+00	1.654234e+00
1.426000e+00	1.695361e+00
1.427000e+00	1.777742e+00
1.428000e+00	1.893343e+00
1.429000e+00	1.950874e+00
1.430000e+00	1.998800e+00
1.431000e+00	2.019894e+00
1.432000e+00	2.012664e+00
1.433000e+00	1.985764e+00
1.434000e+00	1.956501e+00
1.435000e+00	1.944476e+00
1.436000e+00	1.960038e+00
1.437000e+00	2.007337e+00
1.438000e+00	2.080117e+00
1.439000e+00	2.187271e+00
1.440000e+00	2.228822e+00
1.441000e+00	2.320738e+00
1.442000e+00	2.463884e+00
1.443000e+00	2.544498e+00
1.444000e+00	2.618325e+00
1.445000e+00	2.605219e+00
1.446000e+00	2.290225e+00
1.447000e+00	2.292716e+00
1.448000e+00	2.369162e+00
1.449000e+00	2.400225e+00
1.450000e+00	2.425176e+00
1.451000e+00	2.450004e+00
1.452000e+00	2.456393e+00
1.453000e+00	2.462895e+00
1.454000e+00	2.462488e+00
1.455000e+00	2.456784e+00
1.456000e+00	2.443210e+00
1.457000e+00	2.424289e+00
1.458000e+00	2.397901e+00
1.459000e+00	2.365269e+00
1.460000e+00	2.326283e+00
1.461000e+00	2.281040e+00
1.462000e+00	2.230158e+00
1.463000e+00	2.173963e+00
1.464000e+00	2.114478e+00
1.465000e+00	2.053951e+00
1.466000e+00	1.994805e+00
1.467000e+00	1.904395e+00
1.468000e+00	1.726562e+00
1.469000e+00	1.563071e+00
1.470000e+00	2.014100e+00
1.471000e+00	1.856054e+00
1.472000e+00	1.849763e+00
1.473000e+00	1.841161e+00
1.474000e+00	1.837468e+00
1.475000e+00	1.826587e+00
1.476000e+00	1.796559e+00
1.477000e+00	1.764721e+00
1.478000e+00	1.731705e+00
1.479000e+00	1.707565e+00
1.480000e+00	1.741805e+00
1.481000e+00	1.711644e+00
1.482000e+00	1.775207e+00
1.483000e+00	1.785133e+00
1.484000e+00	1.846693e+00
1.485000e+00	1.924396e+00
1.486000e+00	2.076323e+00
1.487000e+00	2.032648e+00
1.488000e+00	4.163693e+01
1.489000e+00	2.130123e+00
1.490000e+00	2.193310e+00
1.491000e+00	2.221021e+00
1.492000e+00	2.241424e+00
1.493000e+00	2.254010e+00
1.494000e+00	2.262145e+00
1.495000e+00	2.260600e+00
1.496000e+00	2.252590e+00
1.497000e+00	2.222146e+00
1.498000e+00	2.158947e+00
1.499000e+00	2.186500e+00
1.500000e+00	2.152112e+00


