" chongzhi1"

"Time      "	".JOINT_qianhou.Element_Force.Mag"
0.000000e+00	4.212966e+01
1.000000e-03	3.707866e+01
2.000000e-03	3.920289e+01
3.000000e-03	3.997518e+01
4.000000e-03	4.038331e+01
5.000000e-03	4.063903e+01
6.000000e-03	4.081515e+01
7.000000e-03	4.094428e+01
8.000000e-03	4.104266e+01
9.000000e-03	4.111932e+01
1.000000e-02	4.118016e+01
1.100000e-02	4.122864e+01
1.200000e-02	4.126717e+01
1.300000e-02	4.129916e+01
1.400000e-02	4.132657e+01
1.500000e-02	4.135037e+01
1.600000e-02	4.137111e+01
1.700000e-02	4.138923e+01
1.800000e-02	4.140556e+01
1.900000e-02	4.142067e+01
2.000000e-02	4.143494e+01
2.100000e-02	4.144841e+01
2.200000e-02	4.146119e+01
2.300000e-02	4.147342e+01
2.400000e-02	4.148512e+01
2.500000e-02	4.149638e+01
2.600000e-02	4.150712e+01
2.700000e-02	4.151731e+01
2.800000e-02	4.152695e+01
2.900000e-02	4.153612e+01
3.000000e-02	4.154493e+01
3.100000e-02	4.155341e+01
3.200000e-02	4.156160e+01
3.300000e-02	4.156949e+01
3.400000e-02	4.157708e+01
3.500000e-02	4.158437e+01
3.600000e-02	4.159135e+01
3.700000e-02	4.159811e+01
3.800000e-02	4.160462e+01
3.900000e-02	4.161097e+01
4.000000e-02	4.161702e+01
4.100000e-02	4.162290e+01
4.200000e-02	4.162829e+01
4.300000e-02	4.163364e+01
4.400000e-02	4.163852e+01
4.500000e-02	4.164324e+01
4.600000e-02	4.164776e+01
4.700000e-02	4.165223e+01
4.800000e-02	4.165663e+01
4.900000e-02	4.166084e+01
5.000000e-02	4.166489e+01
5.100000e-02	4.166890e+01
5.200000e-02	4.167290e+01
5.300000e-02	4.167694e+01
5.400000e-02	4.168105e+01
5.500000e-02	4.168520e+01
5.600000e-02	4.168937e+01
5.700000e-02	4.169351e+01
5.800000e-02	4.169768e+01
5.900000e-02	4.170187e+01
6.000000e-02	4.170612e+01
6.100000e-02	4.171038e+01
6.200000e-02	4.171463e+01
6.300000e-02	4.171879e+01
6.400000e-02	4.172284e+01
6.500000e-02	4.172677e+01
6.600000e-02	4.173061e+01
6.700000e-02	4.173438e+01
6.800000e-02	4.173809e+01
6.900000e-02	4.174172e+01
7.000000e-02	4.174525e+01
7.100000e-02	4.174866e+01
7.200000e-02	4.175196e+01
7.300000e-02	4.175519e+01
7.400000e-02	4.175834e+01
7.500000e-02	4.176141e+01
7.600000e-02	4.176438e+01
7.700000e-02	4.176721e+01
7.800000e-02	4.176990e+01
7.900000e-02	4.177246e+01
8.000000e-02	4.177491e+01
8.100000e-02	4.177729e+01
8.200000e-02	4.177961e+01
8.300000e-02	4.178185e+01
8.400000e-02	4.178400e+01
8.500000e-02	4.178608e+01
8.600000e-02	4.178810e+01
8.700000e-02	4.179010e+01
8.800000e-02	4.179212e+01
8.900000e-02	4.179415e+01
9.000000e-02	4.179622e+01
9.100000e-02	4.179831e+01
9.200000e-02	4.180044e+01
9.300000e-02	4.180265e+01
9.400000e-02	4.180495e+01
9.500000e-02	4.180736e+01
9.600000e-02	4.180986e+01
9.700000e-02	4.181241e+01
9.800000e-02	4.181498e+01
9.900000e-02	4.181756e+01
1.000000e-01	4.182013e+01
1.010000e-01	4.182267e+01
1.020000e-01	4.182514e+01
1.030000e-01	4.182752e+01
1.040000e-01	4.182975e+01
1.050000e-01	4.183182e+01
1.060000e-01	4.183372e+01
1.070000e-01	4.183547e+01
1.080000e-01	4.183708e+01
1.090000e-01	4.183856e+01
1.100000e-01	4.183992e+01
1.110000e-01	4.184119e+01
1.120000e-01	4.184240e+01
1.130000e-01	4.184360e+01
1.140000e-01	4.184482e+01
1.150000e-01	4.184608e+01
1.160000e-01	4.184738e+01
1.170000e-01	4.184871e+01
1.180000e-01	4.185004e+01
1.190000e-01	4.185138e+01
1.200000e-01	4.185271e+01
1.210000e-01	4.185402e+01
1.220000e-01	4.185530e+01
1.222517e-01	2.888374e+03
1.230000e-01	2.853919e+03
1.240000e-01	2.770024e+03
1.250000e-01	2.685432e+03
1.260000e-01	2.608988e+03
1.270000e-01	2.534987e+03
1.280000e-01	2.462622e+03
1.290000e-01	2.398516e+03
1.300000e-01	2.333343e+03
1.310000e-01	2.271074e+03
1.320000e-01	2.216343e+03
1.330000e-01	2.159324e+03
1.340000e-01	2.106535e+03
1.350000e-01	2.055706e+03
1.360000e-01	2.010463e+03
1.370000e-01	1.960204e+03
1.380000e-01	1.918501e+03
1.390000e-01	1.875138e+03
1.400000e-01	1.835027e+03
1.410000e-01	1.795228e+03
1.420000e-01	1.756822e+03
1.430000e-01	1.722329e+03
1.440000e-01	1.685580e+03
1.450000e-01	1.653740e+03
1.460000e-01	1.618929e+03
1.470000e-01	1.589695e+03
1.480000e-01	1.558041e+03
1.490000e-01	1.530057e+03
1.500000e-01	1.501342e+03
1.510000e-01	1.472873e+03
1.520000e-01	1.447686e+03
1.530000e-01	1.421355e+03
1.540000e-01	1.397518e+03
1.550000e-01	1.371280e+03
1.560000e-01	1.349345e+03
1.570000e-01	1.327028e+03
1.580000e-01	1.305052e+03
1.590000e-01	1.283388e+03
1.600000e-01	1.261365e+03
1.610000e-01	1.242800e+03
1.620000e-01	1.224070e+03
1.630000e-01	1.203570e+03
1.640000e-01	1.186288e+03
1.650000e-01	1.165460e+03
1.660000e-01	1.152037e+03
1.670000e-01	1.133914e+03
1.680000e-01	1.117044e+03
1.690000e-01	1.102263e+03
1.700000e-01	1.083104e+03
1.710000e-01	1.072968e+03
1.720000e-01	1.056699e+03
1.730000e-01	1.041799e+03
1.740000e-01	1.029779e+03
1.750000e-01	1.014267e+03
1.760000e-01	1.005582e+03
1.770000e-01	9.950737e+02
1.780000e-01	9.857119e+02
1.790000e-01	9.827077e+02
1.800000e-01	9.989927e+02
1.807893e-01	1.119096e+03
1.810000e-01	6.793837e+03
1.817338e-01	1.090886e+02
1.820000e-01	8.018048e+01
1.825832e-01	6.783458e+01
1.830000e-01	6.838075e+01
1.840000e-01	6.608626e+01
1.845455e-01	6.396750e+01
1.848130e-01	6.280570e+01
1.850000e-01	6.076305e+01
1.854493e-01	5.636728e+01
1.858088e-01	5.194821e+01
1.860000e-01	4.993371e+01
1.868517e-01	4.270477e+01
1.870000e-01	4.009105e+01
1.880000e-01	3.185449e+01
1.887493e-01	2.727549e+01
1.890000e-01	2.603327e+01
1.900000e-01	2.242835e+01
1.910000e-01	2.100060e+01
1.920000e-01	2.104651e+01
1.930000e-01	2.183692e+01
1.940000e-01	2.496322e+01
1.950000e-01	2.816200e+01
1.960000e-01	3.126757e+01
1.970000e-01	3.374952e+01
1.980000e-01	3.478188e+01
1.990000e-01	3.319950e+01
2.000000e-01	3.036034e+01
2.010000e-01	2.665060e+01
2.020000e-01	2.285898e+01
2.030000e-01	2.005204e+01
2.040000e-01	1.749682e+01
2.050000e-01	1.594387e+01
2.060000e-01	1.511168e+01
2.070000e-01	1.488333e+01
2.080000e-01	1.504559e+01
2.090000e-01	1.612148e+01
2.100000e-01	1.714891e+01
2.110000e-01	1.819889e+01
2.120000e-01	1.947328e+01
2.130000e-01	2.046176e+01
2.140000e-01	2.092195e+01
2.150000e-01	2.070401e+01
2.160000e-01	1.980864e+01
2.170000e-01	1.819688e+01
2.180000e-01	1.638773e+01
2.190000e-01	1.481293e+01
2.200000e-01	1.341920e+01
2.210000e-01	1.200018e+01
2.220000e-01	1.115943e+01
2.230000e-01	1.066478e+01
2.240000e-01	1.035845e+01
2.250000e-01	1.018885e+01
2.260000e-01	1.011517e+01
2.270000e-01	1.011507e+01
2.280000e-01	1.017528e+01
2.290000e-01	1.029177e+01
2.300000e-01	1.046212e+01
2.310000e-01	1.062146e+01
2.320000e-01	1.080521e+01
2.330000e-01	1.094849e+01
2.340000e-01	1.101386e+01
2.350000e-01	1.097627e+01
2.360000e-01	1.082869e+01
2.370000e-01	1.058882e+01
2.380000e-01	1.029428e+01
2.390000e-01	9.992725e+00
2.400000e-01	9.729607e+00
2.410000e-01	9.537295e+00
2.420000e-01	9.431058e+00
2.430000e-01	9.404037e+00
2.440000e-01	9.441596e+00
2.450000e-01	9.529947e+00
2.460000e-01	9.640994e+00
2.470000e-01	9.773896e+00
2.480000e-01	9.901023e+00
2.490000e-01	1.003199e+01
2.500000e-01	1.014856e+01
2.510000e-01	1.025983e+01
2.520000e-01	1.035807e+01
2.530000e-01	1.044805e+01
2.540000e-01	1.053061e+01
2.550000e-01	1.060641e+01
2.560000e-01	1.067660e+01
2.570000e-01	1.074249e+01
2.580000e-01	1.080529e+01
2.590000e-01	1.086210e+01
2.600000e-01	1.092362e+01
2.610000e-01	1.096444e+01
2.620000e-01	1.104009e+01
2.630000e-01	1.109692e+01
2.640000e-01	1.115558e+01
2.650000e-01	1.121407e+01
2.660000e-01	1.127276e+01
2.670000e-01	1.133073e+01
2.676050e-01	1.142358e+01
2.680000e-01	1.138646e+01
2.690000e-01	1.142006e+01
2.700000e-01	1.141940e+01
2.710000e-01	1.141515e+01
2.720000e-01	1.141017e+01
2.730000e-01	1.140534e+01
2.740000e-01	1.140060e+01
2.750000e-01	1.139664e+01
2.760000e-01	1.139279e+01
2.770000e-01	1.138926e+01
2.780000e-01	1.138598e+01
2.790000e-01	1.138304e+01
2.800000e-01	1.138035e+01
2.810000e-01	1.137766e+01
2.820000e-01	1.137576e+01
2.830000e-01	1.137380e+01
2.840000e-01	1.137203e+01
2.850000e-01	1.137054e+01
2.860000e-01	1.136914e+01
2.870000e-01	1.136778e+01
2.880000e-01	1.136689e+01
2.890000e-01	1.136576e+01
2.900000e-01	1.136510e+01
2.910000e-01	1.136438e+01
2.920000e-01	1.136368e+01
2.930000e-01	1.136307e+01
2.940000e-01	1.136248e+01
2.950000e-01	1.136176e+01
2.960000e-01	1.136188e+01
2.970000e-01	1.136097e+01
2.980000e-01	1.136090e+01
2.990000e-01	1.136038e+01
3.000000e-01	1.135990e+01
3.010000e-01	1.135938e+01
3.020000e-01	1.136038e+01
3.030000e-01	1.135913e+01
3.040000e-01	1.135802e+01
3.050000e-01	1.135696e+01
3.060000e-01	1.135530e+01
3.070000e-01	1.134791e+01
3.080000e-01	1.134024e+01
3.090000e-01	1.133241e+01
3.100000e-01	1.132464e+01
3.110000e-01	1.131676e+01
3.120000e-01	1.130883e+01
3.130000e-01	1.130084e+01
3.140000e-01	1.129279e+01
3.150000e-01	1.128469e+01
3.160000e-01	1.127644e+01
3.170000e-01	1.126815e+01
3.180000e-01	1.125996e+01
3.190000e-01	1.125158e+01
3.200000e-01	1.124314e+01
3.210000e-01	1.123464e+01
3.220000e-01	1.122608e+01
3.230000e-01	1.121745e+01
3.240000e-01	1.120873e+01
3.250000e-01	1.119997e+01
3.260000e-01	1.119113e+01
3.270000e-01	1.118222e+01
3.280000e-01	1.117327e+01
3.290000e-01	1.116421e+01
3.300000e-01	1.115508e+01
3.310000e-01	1.114570e+01
3.320000e-01	1.113664e+01
3.330000e-01	1.112741e+01
3.340000e-01	1.111805e+01
3.350000e-01	1.110863e+01
3.360000e-01	1.109914e+01
3.370000e-01	1.108959e+01
3.380000e-01	1.107999e+01
3.390000e-01	1.107030e+01
3.400000e-01	1.106058e+01
3.410000e-01	1.105076e+01
3.420000e-01	1.104089e+01
3.430000e-01	1.103103e+01
3.440000e-01	1.102107e+01
3.450000e-01	1.101109e+01
3.460000e-01	1.100095e+01
3.470000e-01	1.099090e+01
3.480000e-01	1.098079e+01
3.490000e-01	1.097066e+01
3.500000e-01	1.096138e+01
3.510000e-01	1.095018e+01
3.520000e-01	1.093970e+01
3.530000e-01	1.092934e+01
3.540000e-01	1.091893e+01
3.550000e-01	1.090848e+01
3.560000e-01	1.089798e+01
3.570000e-01	1.088742e+01
3.580000e-01	1.087684e+01
3.590000e-01	1.086621e+01
3.600000e-01	1.085555e+01
3.610000e-01	1.084483e+01
3.620000e-01	1.083408e+01
3.630000e-01	1.082304e+01
3.640000e-01	1.081234e+01
3.650000e-01	1.080179e+01
3.660000e-01	1.079065e+01
3.670000e-01	1.077967e+01
3.680000e-01	1.076865e+01
3.690000e-01	1.075801e+01
3.700000e-01	1.074632e+01
3.710000e-01	1.073538e+01
3.720000e-01	1.072420e+01
3.730000e-01	1.071261e+01
3.740000e-01	1.070144e+01
3.750000e-01	1.069044e+01
3.760000e-01	1.067908e+01
3.770000e-01	1.066769e+01
3.780000e-01	1.065625e+01
3.790000e-01	1.064477e+01
3.800000e-01	1.063329e+01
3.810000e-01	1.062173e+01
3.820000e-01	1.061015e+01
3.830000e-01	1.059851e+01
3.840000e-01	1.058684e+01
3.850000e-01	1.057512e+01
3.860000e-01	1.056336e+01
3.870000e-01	1.055159e+01
3.880000e-01	1.053978e+01
3.890000e-01	1.052790e+01
3.900000e-01	1.051600e+01
3.910000e-01	1.050406e+01
3.920000e-01	1.049164e+01
3.930000e-01	1.047995e+01
3.940000e-01	1.046793e+01
3.950000e-01	1.045584e+01
3.960000e-01	1.044371e+01
3.970000e-01	1.043151e+01
3.980000e-01	1.041935e+01
3.990000e-01	1.040692e+01
4.000000e-01	1.039469e+01
4.010000e-01	1.038241e+01
4.020000e-01	1.037005e+01
4.030000e-01	1.035771e+01
4.040000e-01	1.034517e+01
4.050000e-01	1.033269e+01
4.060000e-01	1.032020e+01
4.070000e-01	1.030845e+01
4.080000e-01	1.029505e+01
4.090000e-01	1.028243e+01
4.100000e-01	1.026976e+01
4.110000e-01	1.025704e+01
4.120000e-01	1.024433e+01
4.130000e-01	1.023156e+01
4.140000e-01	1.021877e+01
4.150000e-01	1.020592e+01
4.160000e-01	1.019306e+01
4.170000e-01	1.018014e+01
4.180000e-01	1.016719e+01
4.190000e-01	1.015421e+01
4.200000e-01	1.014119e+01
4.210000e-01	1.012814e+01
4.220000e-01	1.011505e+01
4.230000e-01	1.010192e+01
4.240000e-01	1.008875e+01
4.250000e-01	1.007554e+01
4.260000e-01	1.006230e+01
4.270000e-01	1.004902e+01
4.280000e-01	1.003571e+01
4.290000e-01	1.002236e+01
4.300000e-01	1.000896e+01
4.310000e-01	9.995535e+00
4.320000e-01	9.981914e+00
4.330000e-01	9.968395e+00
4.340000e-01	9.954935e+00
4.350000e-01	9.941290e+00
4.360000e-01	9.927741e+00
4.370000e-01	9.914096e+00
4.380000e-01	9.900464e+00
4.390000e-01	9.886838e+00
4.400000e-01	9.873090e+00
4.410000e-01	9.859303e+00
4.420000e-01	9.845487e+00
4.430000e-01	9.831612e+00
4.440000e-01	9.519374e+00
4.449437e-01	1.119681e+01
4.450000e-01	8.976682e+00
4.460000e-01	9.791020e+00
4.470000e-01	9.776084e+00
4.480000e-01	9.761856e+00
4.490000e-01	9.747838e+00
4.500000e-01	9.733674e+00
4.510000e-01	9.719580e+00
4.520000e-01	9.705414e+00
4.530000e-01	9.691198e+00
4.540000e-01	9.676965e+00
4.550000e-01	9.662679e+00
4.560000e-01	9.648384e+00
4.570000e-01	9.634063e+00
4.580000e-01	9.607447e+00
4.590000e-01	9.579563e+00
4.600000e-01	9.590747e+00
4.610000e-01	9.576439e+00
4.620000e-01	9.561926e+00
4.630000e-01	9.547417e+00
4.640000e-01	9.532834e+00
4.650000e-01	9.518247e+00
4.660000e-01	9.503770e+00
4.670000e-01	9.488971e+00
4.680000e-01	9.474598e+00
4.690000e-01	9.437764e+00
4.700000e-01	9.444969e+00
4.710000e-01	9.429945e+00
4.720000e-01	9.415316e+00
4.730000e-01	9.400502e+00
4.740000e-01	9.385567e+00
4.750000e-01	9.370704e+00
4.753040e-01	1.366212e+01
4.760000e-01	9.334402e+00
4.770000e-01	9.341586e+00
4.780000e-01	9.325474e+00
4.790000e-01	9.310916e+00
4.800000e-01	9.295804e+00
4.810000e-01	9.330201e+00
4.820000e-01	9.267997e+00
4.830000e-01	9.250857e+00
4.840000e-01	9.232457e+00
4.850000e-01	9.260995e+00
4.854873e-01	7.972762e+00
4.859705e-01	3.429778e+03
4.860000e-01	1.712758e+01
4.864079e-01	1.661185e+01
4.866752e-01	1.659883e+01
4.869346e-01	8.795989e+00
4.870000e-01	9.015336e+00
4.880000e-01	9.143614e+00
4.890000e-01	9.199493e+00
4.892501e-01	1.656165e+01
4.900000e-01	9.152198e+00
4.910000e-01	9.136924e+00
4.920000e-01	9.121594e+00
4.930000e-01	9.106157e+00
4.940000e-01	9.090746e+00
4.950000e-01	9.075264e+00
4.960000e-01	9.059798e+00
4.970000e-01	9.044245e+00
4.980000e-01	9.028731e+00
4.990000e-01	9.013137e+00
5.000000e-01	8.997541e+00
5.008120e-01	2.215515e+01
5.010000e-01	8.980137e+00
5.013922e-01	2.162257e+01
5.017987e-01	1.378799e+01
5.020000e-01	8.960928e+00
5.022598e-01	8.657848e+00
5.028698e-01	1.077428e+01
5.030000e-01	8.807061e+00
5.040000e-01	8.929206e+00
5.050000e-01	8.913733e+00
5.060000e-01	8.897865e+00
5.070000e-01	8.881985e+00
5.080000e-01	8.866107e+00
5.090000e-01	8.849758e+00
5.100000e-01	8.834194e+00
5.110000e-01	8.818149e+00
5.120000e-01	8.802226e+00
5.130000e-01	8.786220e+00
5.140000e-01	8.770831e+00
5.150000e-01	8.754370e+00
5.160000e-01	8.744435e+00
5.170000e-01	8.722130e+00
5.180000e-01	8.708300e+00
5.190000e-01	8.689673e+00
5.200000e-01	8.673560e+00
5.210000e-01	8.657433e+00
5.220000e-01	8.640927e+00
5.230000e-01	8.624798e+00
5.240000e-01	8.608500e+00
5.250000e-01	8.592258e+00
5.254921e-01	7.084352e+00
5.260000e-01	8.575624e+00
5.270000e-01	8.559208e+00
5.278277e-01	1.652967e+01
5.280000e-01	8.402694e+00
5.283310e-01	1.443181e+01
5.290000e-01	8.522644e+00
5.300000e-01	8.505480e+00
5.310000e-01	8.495710e+00
5.320000e-01	8.473215e+00
5.325839e-01	2.036563e+01
5.330000e-01	8.463977e+00
5.340000e-01	8.381710e+00
5.350000e-01	8.425857e+00
5.360000e-01	8.396640e+00
5.370000e-01	8.394250e+00
5.380000e-01	8.409354e+00
5.390000e-01	8.377986e+00
5.400000e-01	8.335931e+00
5.410000e-01	8.310420e+00
5.420000e-01	8.270376e+00
5.430000e-01	8.296393e+00
5.440000e-01	8.304647e+00
5.450000e-01	8.254610e+00
5.460000e-01	8.213166e+00
5.470000e-01	8.116108e+00
5.480000e-01	8.364357e+00
5.490000e-01	8.221201e+00
5.500000e-01	8.437710e+00
5.506000e-01	2.181077e+01
5.508522e-01	8.090460e+00
5.510000e-01	8.610410e+00
5.512679e-01	1.743168e+01
5.515187e-01	1.057079e+01
5.517741e-01	7.382663e+00
5.520000e-01	8.918764e+01
5.522508e-01	1.452799e+01
5.525347e-01	1.635157e+01
5.528039e-01	7.479537e+00
5.530000e-01	8.339953e+00
5.532531e-01	6.303151e+00
5.535045e-01	7.957869e+00
5.540000e-01	8.104543e+00
5.550000e-01	8.082041e+00
5.560000e-01	8.064756e+00
5.570000e-01	8.047397e+00
5.575111e-01	1.331340e+01
5.580000e-01	8.029374e+00
5.590000e-01	8.013270e+00
5.600000e-01	8.003254e+00
5.610000e-01	7.980927e+00
5.620000e-01	7.963755e+00
5.625949e-01	8.220170e+00
5.630000e-01	7.949000e+00
5.640000e-01	7.934002e+00
5.650000e-01	7.904208e+00
5.660000e-01	7.920953e+00
5.670000e-01	7.913306e+00
5.680000e-01	7.842217e+00
5.690000e-01	7.718009e+00
5.700000e-01	7.654087e+00
5.706691e-01	7.722444e+00
5.710000e-01	7.740583e+00
5.720000e-01	8.511326e+00
5.730000e-01	7.776665e+00
5.740000e-01	7.769383e+00
5.750000e-01	7.762416e+00
5.760000e-01	7.777608e+00
5.770000e-01	7.761052e+00
5.780000e-01	7.864604e+00
5.790000e-01	7.712260e+00
5.800000e-01	7.835004e+00
5.810000e-01	7.633155e+00
5.820000e-01	5.247296e+00
5.830000e-01	7.612326e+00
5.840000e-01	7.516051e+00
5.850000e-01	7.690413e+00
5.860000e-01	7.551165e+00
5.870000e-01	7.539139e+00
5.880000e-01	6.916236e+00
5.890000e-01	5.754171e+00
5.900000e-01	7.303959e+00
5.910000e-01	7.390779e+00
5.920000e-01	7.454699e+00
5.930000e-01	7.380726e+00
5.940000e-01	7.401237e+00
5.950000e-01	7.355468e+00
5.960000e-01	7.405195e+00
5.970000e-01	7.353456e+00
5.980000e-01	7.174601e+00
5.990000e-01	7.311273e+00
6.000000e-01	7.290551e+00
6.010000e-01	7.263996e+00
6.020000e-01	7.201116e+00
6.030000e-01	7.230481e+00
6.040000e-01	7.227798e+00
6.050000e-01	7.191773e+00
6.060000e-01	7.183642e+00
6.070000e-01	7.413901e+00
6.080000e-01	7.130455e+00
6.090000e-01	7.193183e+00
6.100000e-01	7.067512e+00
6.110000e-01	6.687943e+00
6.120000e-01	7.079629e+00
6.130000e-01	7.090213e+00
6.140000e-01	7.062403e+00
6.150000e-01	7.131767e+00
6.160000e-01	7.091431e+00
6.164166e-01	7.497206e+00
6.166681e-01	8.850065e+00
6.169194e-01	2.295235e+00
6.170000e-01	7.939036e+00
6.173538e-01	8.748330e+00
6.177042e-01	9.938755e+00
6.179592e-01	7.523110e+00
6.180000e-01	7.289197e+00
6.182669e-01	1.003184e+01
6.185341e-01	1.033631e+01
6.188140e-01	6.546368e+00
6.190000e-01	6.936046e+00
6.193903e-01	2.603925e+01
6.197564e-01	4.756603e+00
6.200000e-01	7.015487e+00
6.210000e-01	6.912714e+00
6.220000e-01	6.905072e+00
6.230000e-01	7.040654e+00
6.240000e-01	6.925213e+00
6.250000e-01	6.827838e+00
6.260000e-01	6.823433e+00
6.270000e-01	6.762087e+00
6.280000e-01	6.770911e+00
6.290000e-01	6.812736e+00
6.300000e-01	6.747615e+00
6.310000e-01	6.577440e+00
6.320000e-01	6.678751e+00
6.330000e-01	6.658705e+00
6.340000e-01	6.654478e+00
6.350000e-01	6.652795e+00
6.360000e-01	6.618262e+00
6.370000e-01	6.665772e+00
6.380000e-01	6.571299e+00
6.390000e-01	6.662070e+00
6.400000e-01	6.495006e+00
6.410000e-01	6.560583e+00
6.420000e-01	6.489119e+00
6.424840e-01	1.218192e+01
6.430000e-01	6.481115e+00
6.440000e-01	6.471736e+00
6.450000e-01	6.440156e+00
6.460000e-01	6.432984e+00
6.470000e-01	8.952922e+00
6.480000e-01	6.422694e+00
6.490000e-01	6.224984e+00
6.500000e-01	6.349194e+00
6.510000e-01	6.315639e+00
6.520000e-01	6.302299e+00
6.530000e-01	6.295061e+00
6.540000e-01	6.250409e+00
6.550000e-01	6.230433e+00
6.560000e-01	6.270124e+00
6.570000e-01	6.210543e+00
6.580000e-01	6.235750e+00
6.590000e-01	6.176475e+00
6.600000e-01	6.166523e+00
6.610000e-01	6.127608e+00
6.620000e-01	6.054367e+00
6.630000e-01	5.888596e+00
6.640000e-01	6.066640e+00
6.650000e-01	6.048595e+00
6.660000e-01	6.021596e+00
6.670000e-01	5.870075e+00
6.680000e-01	5.746277e+00
6.690000e-01	6.007841e+00
6.700000e-01	5.880320e+00
6.710000e-01	5.937048e+00
6.720000e-01	5.931557e+00
6.730000e-01	5.896950e+00
6.740000e-01	5.645781e+00
6.750000e-01	5.846676e+00
6.760000e-01	5.805372e+00
6.770000e-01	5.832430e+00
6.780000e-01	5.806304e+00
6.790000e-01	5.778442e+00
6.800000e-01	5.718315e+00
6.810000e-01	5.744905e+00
6.820000e-01	5.720957e+00
6.830000e-01	5.360980e+00
6.840000e-01	5.683103e+00
6.850000e-01	5.871362e+00
6.860000e-01	5.643602e+00
6.870000e-01	5.610298e+00
6.880000e-01	6.977543e+00
6.890000e-01	5.503887e+00
6.900000e-01	5.607188e+00
6.910000e-01	5.824676e+00
6.920000e-01	5.475369e+00
6.930000e-01	5.539089e+00
6.940000e-01	4.526984e+00
6.950000e-01	5.458205e+00
6.960000e-01	5.424541e+00
6.970000e-01	5.366782e+00
6.980000e-01	5.400809e+00
6.990000e-01	5.387805e+00
7.000000e-01	5.021793e+00
7.010000e-01	5.311581e+00
7.020000e-01	5.307058e+00
7.030000e-01	5.303371e+00
7.040000e-01	5.329573e+00
7.050000e-01	5.317628e+00
7.060000e-01	1.830435e+01
7.070000e-01	5.094822e+00
7.080000e-01	5.187672e+00
7.090000e-01	5.184475e+00
7.100000e-01	9.946702e+00
7.110000e-01	5.014761e+00
7.120000e-01	5.126994e+00
7.130000e-01	5.372441e+00
7.140000e-01	5.179900e+00
7.150000e-01	5.066331e+00
7.160000e-01	5.045982e+00
7.170000e-01	5.062786e+00
7.180000e-01	5.074140e+00
7.182578e-01	6.922343e+01
7.185492e-01	6.010634e+00
7.188000e-01	2.586897e+01
7.190000e-01	5.088040e+00
7.192501e-01	9.256093e+00
7.195351e-01	1.223067e+01
7.198297e-01	5.062900e+00
7.200000e-01	4.404957e+00
7.210000e-01	4.710740e+00
7.220000e-01	4.929936e+00
7.230000e-01	4.917686e+00
7.240000e-01	4.885118e+00
7.250000e-01	4.901218e+00
7.260000e-01	4.785283e+00
7.270000e-01	4.790859e+00
7.280000e-01	4.885996e+00
7.290000e-01	4.586154e+00
7.300000e-01	4.749923e+00
7.310000e-01	4.743626e+00
7.320000e-01	6.788400e+00
7.330000e-01	4.514480e+00
7.340000e-01	4.798993e+00
7.350000e-01	4.651357e+00
7.360000e-01	4.627426e+00
7.370000e-01	4.609981e+00
7.380000e-01	4.613251e+00
7.390000e-01	4.593260e+00
7.400000e-01	4.543541e+00
7.410000e-01	4.673598e+00
7.420000e-01	4.596639e+00
7.430000e-01	4.482798e+00
7.440000e-01	4.878568e+00
7.450000e-01	4.461120e+00
7.460000e-01	6.192000e+00
7.470000e-01	4.403638e+00
7.480000e-01	4.388006e+00
7.490000e-01	4.370026e+00
7.500000e-01	4.358950e+00
7.510000e-01	4.608946e+00
7.520000e-01	4.310288e+00
7.530000e-01	4.243833e+00
7.540000e-01	4.268910e+00
7.550000e-01	1.003019e+01
7.560000e-01	4.069572e+00
7.569999e-01	1.282587e+02
7.570000e-01	2.122930e+02
7.580000e-01	3.905475e+00
7.590000e-01	4.152278e+00
7.600000e-01	4.150538e+00
7.610000e-01	4.127307e+00
7.620000e-01	4.921872e+00
7.630000e-01	4.089224e+00
7.640000e-01	4.051109e+00
7.650000e-01	4.042269e+00
7.660000e-01	3.985877e+00
7.670000e-01	4.120118e+00
7.680000e-01	3.971475e+00
7.690000e-01	3.951365e+00
7.700000e-01	3.929704e+00
7.710000e-01	3.919023e+00
7.720000e-01	3.871180e+00
7.730000e-01	3.874427e+00
7.740000e-01	3.809022e+00
7.750000e-01	3.603138e+00
7.760000e-01	3.776990e+00
7.770000e-01	3.779496e+00
7.780000e-01	3.930786e+00
7.790000e-01	4.616007e+00
7.800000e-01	3.683532e+00
7.810000e-01	3.310489e+00
7.820000e-01	3.599829e+00
7.830000e-01	1.096834e+01
7.840000e-01	3.640635e+00
7.850000e-01	3.627298e+00
7.860000e-01	3.599872e+00
7.870000e-01	3.602196e+00
7.880000e-01	3.587426e+00
7.890000e-01	3.071031e+00
7.900000e-01	3.521586e+00
7.910000e-01	3.516171e+00
7.920000e-01	3.513124e+00
7.930000e-01	2.919777e+00
7.940000e-01	3.440389e+00
7.950000e-01	3.367430e+00
7.960000e-01	3.383604e+00
7.970000e-01	3.431192e+00
7.980000e-01	3.407985e+00
7.990000e-01	3.180299e+00
8.000000e-01	3.311272e+00
8.010000e-01	2.891837e+00
8.020000e-01	3.315294e+00
8.030000e-01	2.971590e+00
8.040000e-01	3.115375e+00
8.050000e-01	3.635233e+00
8.060000e-01	3.185302e+00
8.070000e-01	3.164645e+00
8.080000e-01	3.072107e+00
8.090000e-01	3.118233e+00
8.100000e-01	3.056152e+00
8.110000e-01	2.921911e+00
8.120000e-01	2.665300e+00
8.130000e-01	2.718967e+00
8.140000e-01	3.027428e+00
8.150000e-01	3.125789e+00
8.160000e-01	2.969271e+00
8.170000e-01	3.138800e+00
8.180000e-01	2.918494e+00
8.190000e-01	2.980431e+00
8.200000e-01	2.939461e+00
8.210000e-01	2.967679e+00
8.220000e-01	2.847884e+00
8.230000e-01	2.583084e+00
8.240000e-01	2.783450e+00
8.250000e-01	2.783935e+00
8.260000e-01	2.772151e+00
8.270000e-01	2.738198e+00
8.280000e-01	2.767656e+00
8.290000e-01	2.706310e+00
8.300000e-01	2.683934e+00
8.310000e-01	2.655329e+00
8.320000e-01	2.534658e+00
8.330000e-01	2.601975e+00
8.340000e-01	2.564971e+00
8.350000e-01	2.585711e+00
8.360000e-01	2.545227e+00
8.370000e-01	1.934703e+00
8.380000e-01	2.536087e+00
8.390000e-01	2.488291e+00
8.400000e-01	2.392364e+00
8.410000e-01	2.694294e+00
8.420000e-01	2.429204e+00
8.430000e-01	2.406898e+00
8.440000e-01	2.348261e+00
8.450000e-01	2.369151e+00
8.460000e-01	2.724102e+00
8.470000e-01	2.326917e+00
8.480000e-01	2.306584e+00
8.490000e-01	2.288332e+00
8.500000e-01	2.257243e+00
8.510000e-01	2.291815e+00
8.520000e-01	2.293737e+00
8.530000e-01	2.172990e+00
8.535849e-01	4.216637e+00
8.540000e-01	2.133403e+00
8.550000e-01	2.401979e+00
8.560000e-01	2.156659e+00
8.570000e-01	1.627276e+00
8.580000e-01	2.067661e+00
8.588046e-01	3.947076e+00
8.590000e-01	2.068656e+00
8.600000e-01	2.118936e+00
8.605167e-01	3.857501e+00
8.610000e-01	2.002469e+00
8.616068e-01	3.802973e+00
8.620000e-01	1.997627e+00
8.628642e-01	3.711594e+00
8.630000e-01	9.062571e-01
8.634343e-01	3.624673e+00
8.637280e-01	3.768819e+00
8.639891e-01	3.662413e+00
8.640000e-01	1.983826e+00
8.643114e-01	1.425347e+00
8.648746e-01	3.628561e+00
8.650000e-01	1.994695e+00
8.654185e-01	4.040489e+00
8.657448e-01	3.636605e+00
8.660000e-01	1.835140e+00
8.665548e-01	3.544724e+00
8.668727e-01	2.855269e+00
8.670000e-01	1.938695e+00
8.673973e-01	3.489510e+00
8.680000e-01	1.855393e+00
8.688645e-01	3.364977e+00
8.690000e-01	1.821107e+00
8.693248e-01	3.468261e+00
8.698211e-01	3.574896e+00
8.700000e-01	1.588955e+00
8.703526e-01	2.850478e+00
8.707388e-01	1.544106e+00
8.710000e-01	1.738694e+00
8.713977e-01	4.331359e+00
8.716885e-01	2.229786e+00
8.720000e-01	1.691016e+00
8.724275e-01	4.233887e+00
8.728562e-01	3.147132e+00
8.730000e-01	1.731641e+00
8.733195e-01	2.753067e+00
8.738170e-01	3.602196e+00
8.740000e-01	1.707027e+00
8.743341e-01	2.907782e+00
8.747026e-01	2.799591e+00
8.749912e-01	2.880177e+00
8.750000e-01	7.459631e-01
8.752593e-01	3.073914e+00
8.755227e-01	6.546793e+00
8.760000e-01	1.636540e+00
8.762520e-01	2.853559e+00
8.767291e-01	4.709693e+00
8.770000e-01	1.628473e+00
8.772771e-01	2.971172e+00
8.777943e-01	1.078994e+00
8.780000e-01	1.626179e+00
8.782517e-01	2.672386e+00
8.785628e-01	2.718362e+00
8.790000e-01	1.331567e+00
8.800000e-01	1.538764e+00
8.810000e-01	1.340707e+00
8.820000e-01	1.457245e+00
8.830000e-01	1.403311e+00
8.840000e-01	1.792387e+00
8.850000e-01	1.632332e+00
8.860000e-01	1.305804e+00
8.870000e-01	1.115689e+00
8.880000e-01	1.161457e+00
8.883604e-01	6.605427e-01
8.890000e-01	1.043346e+00
8.900000e-01	8.237705e-01
8.910000e-01	6.963566e-01
8.920000e-01	6.024694e-01
8.930000e-01	5.268044e-01
8.940000e-01	6.715172e-01
8.950000e-01	9.127202e-01
8.960000e-01	1.166757e+00
8.970000e-01	1.521234e+00
8.980000e-01	1.899205e+00
8.990000e-01	2.165696e+00
9.000000e-01	2.406351e+00
9.010000e-01	2.523999e+00
9.020000e-01	2.615344e+00
9.030000e-01	2.699162e+00
9.040000e-01	2.491644e+00
9.050000e-01	2.103948e+00
9.060000e-01	1.785416e+00
9.064815e-01	1.615937e+00
9.070000e-01	1.562096e+00
9.080000e-01	1.017040e+01
9.090000e-01	8.476247e-01
9.100000e-01	6.562509e-01
9.110000e-01	5.484854e-01
9.120000e-01	6.040333e-01
9.130000e-01	7.558690e-01
9.140000e-01	9.433233e-01
9.150000e-01	1.125694e+00
9.160000e-01	1.260270e+00
9.170000e-01	1.261576e+00
9.180000e-01	1.536675e+00
9.190000e-01	1.715695e+00
9.200000e-01	2.133799e+00
9.210000e-01	2.539119e+00
9.220000e-01	2.071437e+00
9.230000e-01	2.145115e+00
9.240000e-01	2.243175e+00
9.250000e-01	2.322508e+00
9.260000e-01	2.395249e+00
9.270000e-01	2.461869e+00
9.280000e-01	2.522614e+00
9.290000e-01	2.578077e+00
9.300000e-01	2.627560e+00
9.310000e-01	2.673965e+00
9.320000e-01	2.714528e+00
9.330000e-01	2.750472e+00
9.340000e-01	2.782445e+00
9.350000e-01	2.809646e+00
9.360000e-01	2.832823e+00
9.370000e-01	2.852615e+00
9.380000e-01	2.867979e+00
9.390000e-01	2.878793e+00
9.400000e-01	2.885037e+00
9.410000e-01	2.888026e+00
9.420000e-01	2.886704e+00
9.430000e-01	2.882519e+00
9.440000e-01	2.873867e+00
9.450000e-01	2.861486e+00
9.460000e-01	2.845056e+00
9.470000e-01	2.824622e+00
9.480000e-01	2.800344e+00
9.490000e-01	2.771789e+00
9.500000e-01	2.738870e+00
9.510000e-01	2.703050e+00
9.520000e-01	2.660870e+00
9.530000e-01	2.616127e+00
9.540000e-01	2.565986e+00
9.550000e-01	2.511034e+00
9.560000e-01	2.450812e+00
9.570000e-01	2.386161e+00
9.580000e-01	2.315532e+00
9.590000e-01	2.238863e+00
9.600000e-01	2.156143e+00
9.610000e-01	2.066706e+00
9.620000e-01	1.969990e+00
9.630000e-01	1.859334e+00
9.640000e-01	1.754140e+00
9.650000e-01	1.640752e+00
9.660000e-01	1.478078e+00
9.670000e-01	1.367935e+00
9.680000e-01	1.251655e+00
9.690000e-01	1.108919e+00
9.700000e-01	9.699253e-01
9.710000e-01	8.096531e-01
9.720000e-01	6.996420e-01
9.730000e-01	6.618673e-01
9.740000e-01	7.064322e-01
9.750000e-01	8.237732e-01
9.760000e-01	9.851066e-01
9.770000e-01	1.152605e+00
9.780000e-01	1.323654e+00
9.790000e-01	1.457694e+00
9.800000e-01	1.545791e+00
9.810000e-01	1.585776e+00
9.820000e-01	1.563910e+00
9.830000e-01	1.483373e+00
9.840000e-01	1.354254e+00
9.850000e-01	1.192789e+00
9.860000e-01	1.019581e+00
9.870000e-01	7.946545e-01
9.880000e-01	6.808638e-01
9.890000e-01	6.181336e-01
9.900000e-01	6.465224e-01
9.910000e-01	7.474323e-01
9.920000e-01	8.852893e-01
9.930000e-01	1.036610e+00
9.940000e-01	1.189217e+00
9.950000e-01	1.404334e+00
9.960000e-01	1.512205e+00
9.970000e-01	1.674076e+00
9.980000e-01	1.799107e+00
9.990000e-01	1.913191e+00
1.000000e+00	2.017202e+00
1.001000e+00	2.111513e+00
1.002000e+00	2.206312e+00
1.003000e+00	2.266900e+00
1.004000e+00	2.339404e+00
1.005000e+00	2.399138e+00
1.006000e+00	2.450586e+00
1.007000e+00	2.495321e+00
1.008000e+00	2.533097e+00
1.009000e+00	2.563867e+00
1.010000e+00	2.588613e+00
1.011000e+00	2.606797e+00
1.012000e+00	2.618527e+00
1.013000e+00	2.624247e+00
1.014000e+00	2.624586e+00
1.015000e+00	2.621955e+00
1.016000e+00	2.603422e+00
1.017000e+00	2.592668e+00
1.018000e+00	2.567402e+00
1.019000e+00	2.542601e+00
1.020000e+00	2.503725e+00
1.021000e+00	2.515954e+00
1.022000e+00	2.415161e+00
1.023000e+00	2.363692e+00
1.024000e+00	2.305563e+00
1.025000e+00	2.241391e+00
1.026000e+00	2.170576e+00
1.027000e+00	2.115955e+00
1.028000e+00	2.007881e+00
1.029000e+00	1.920102e+00
1.030000e+00	1.823300e+00
1.031000e+00	1.721927e+00
1.032000e+00	1.612444e+00
1.033000e+00	1.502987e+00
1.034000e+00	1.465101e+00
1.035000e+00	1.267558e+00
1.036000e+00	1.155656e+00
1.037000e+00	1.051935e+00
1.038000e+00	9.619437e-01
1.039000e+00	9.019558e-01
1.040000e+00	8.776343e-01
1.041000e+00	8.995001e-01
1.042000e+00	9.625184e-01
1.043000e+00	1.056530e+00
1.044000e+00	1.167101e+00
1.045000e+00	1.125768e+00
1.046000e+00	1.361393e+00
1.047000e+00	1.418070e+00
1.048000e+00	1.440626e+00
1.049000e+00	1.419829e+00
1.050000e+00	1.362170e+00
1.051000e+00	1.277283e+00
1.052000e+00	1.183273e+00
1.053000e+00	1.103293e+00
1.054000e+00	1.050601e+00
1.055000e+00	1.039416e+00
1.056000e+00	1.072615e+00
1.057000e+00	1.142371e+00
1.058000e+00	1.239902e+00
1.059000e+00	1.355321e+00
1.060000e+00	1.467670e+00
1.061000e+00	1.588021e+00
1.062000e+00	1.704948e+00
1.063000e+00	1.817150e+00
1.064000e+00	1.925795e+00
1.065000e+00	2.028156e+00
1.066000e+00	2.124511e+00
1.067000e+00	2.214592e+00
1.068000e+00	2.298777e+00
1.069000e+00	2.376945e+00
1.070000e+00	2.449233e+00
1.071000e+00	2.514590e+00
1.072000e+00	2.576174e+00
1.073000e+00	2.627120e+00
1.074000e+00	2.292482e+00
1.075000e+00	2.717731e+00
1.076000e+00	2.753557e+00
1.077000e+00	2.316896e+00
1.078000e+00	2.838741e+00
1.079000e+00	2.831583e+00
1.080000e+00	2.845606e+00
1.081000e+00	2.854163e+00
1.082000e+00	2.857078e+00
1.083000e+00	2.855147e+00
1.084000e+00	2.846703e+00
1.085000e+00	2.832947e+00
1.086000e+00	2.813539e+00
1.087000e+00	2.787686e+00
1.088000e+00	2.756221e+00
1.089000e+00	2.718307e+00
1.090000e+00	2.673001e+00
1.091000e+00	2.620859e+00
1.092000e+00	2.561190e+00
1.093000e+00	2.493588e+00
1.094000e+00	2.417714e+00
1.095000e+00	2.331795e+00
1.096000e+00	2.237146e+00
1.097000e+00	2.132286e+00
1.098000e+00	2.017075e+00
1.099000e+00	1.889666e+00
1.100000e+00	1.755019e+00
1.101000e+00	1.607946e+00
1.102000e+00	1.454974e+00
1.103000e+00	1.302539e+00
1.104000e+00	1.162619e+00
1.105000e+00	1.054685e+00
1.106000e+00	1.012806e+00
1.107000e+00	1.060414e+00
1.108000e+00	1.208023e+00
1.109000e+00	1.425706e+00
1.110000e+00	1.677350e+00
1.111000e+00	1.924347e+00
1.112000e+00	2.133175e+00
1.113000e+00	2.271422e+00
1.114000e+00	2.316155e+00
1.115000e+00	2.260119e+00
1.116000e+00	2.108837e+00
1.117000e+00	1.896492e+00
1.118000e+00	1.615633e+00
1.119000e+00	1.379509e+00
1.120000e+00	1.147892e+00
1.121000e+00	9.775891e-01
1.122000e+00	8.979258e-01
1.123000e+00	9.133237e-01
1.124000e+00	9.992188e-01
1.125000e+00	1.128049e+00
1.126000e+00	1.272562e+00
1.127000e+00	1.421144e+00
1.128000e+00	1.517054e+00
1.129000e+00	1.690469e+00
1.130000e+00	1.838966e+00
1.131000e+00	1.944118e+00
1.132000e+00	2.052159e+00
1.133000e+00	2.150939e+00
1.134000e+00	2.241884e+00
1.135000e+00	2.328577e+00
1.136000e+00	2.404274e+00
1.137000e+00	2.470974e+00
1.138000e+00	2.523456e+00
1.139000e+00	2.593683e+00
1.140000e+00	2.653717e+00
1.141000e+00	2.700639e+00
1.142000e+00	1.043686e+01
1.143000e+00	2.760871e+00
1.144000e+00	2.789911e+00
1.145000e+00	2.820209e+00
1.146000e+00	2.834668e+00
1.147000e+00	2.850080e+00
1.148000e+00	2.861363e+00
1.149000e+00	2.867293e+00
1.150000e+00	2.866428e+00
1.151000e+00	2.865237e+00
1.152000e+00	2.857467e+00
1.153000e+00	2.845878e+00
1.154000e+00	2.828762e+00
1.155000e+00	2.806012e+00
1.156000e+00	2.779302e+00
1.157000e+00	2.746818e+00
1.158000e+00	2.709325e+00
1.159000e+00	2.664064e+00
1.160000e+00	2.617166e+00
1.161000e+00	2.563121e+00
1.162000e+00	2.502160e+00
1.163000e+00	2.435559e+00
1.164000e+00	2.363699e+00
1.165000e+00	2.281289e+00
1.166000e+00	2.191145e+00
1.167000e+00	2.091928e+00
1.168000e+00	2.032224e+00
1.169000e+00	1.928665e+00
1.170000e+00	1.860177e+00
1.171000e+00	1.812220e+00
1.172000e+00	1.803238e+00
1.173000e+00	1.844861e+00
1.174000e+00	1.939273e+00
1.175000e+00	2.081061e+00
1.176000e+00	2.228992e+00
1.177000e+00	2.360875e+00
1.178000e+00	2.460643e+00
1.179000e+00	2.497155e+00
1.180000e+00	2.456010e+00
1.181000e+00	2.344009e+00
1.182000e+00	2.184726e+00
1.183000e+00	2.031938e+00
1.184000e+00	1.873149e+00
1.185000e+00	1.777816e+00
1.186000e+00	1.746318e+00
1.187000e+00	1.773029e+00
1.188000e+00	1.843536e+00
1.189000e+00	1.698151e+00
1.190000e+00	1.764118e+00
1.191000e+00	1.885943e+00
1.192000e+00	1.980258e+00
1.193000e+00	2.077610e+00
1.194000e+00	2.167563e+00
1.195000e+00	2.248494e+00
1.196000e+00	2.321069e+00
1.197000e+00	2.385337e+00
1.198000e+00	2.441297e+00
1.199000e+00	2.487250e+00
1.200000e+00	2.527556e+00
1.201000e+00	2.559370e+00
1.202000e+00	2.584057e+00
1.203000e+00	2.620793e+00
1.204000e+00	2.607789e+00
1.205000e+00	2.615877e+00
1.206000e+00	2.613605e+00
1.207000e+00	2.605139e+00
1.208000e+00	2.590556e+00
1.209000e+00	2.571165e+00
1.210000e+00	2.547778e+00
1.211000e+00	2.505204e+00
1.212000e+00	2.464648e+00
1.213000e+00	2.417227e+00
1.214000e+00	2.381356e+00
1.215000e+00	2.291458e+00
1.216000e+00	2.234899e+00
1.217000e+00	2.151411e+00
1.218000e+00	2.064425e+00
1.219000e+00	1.968355e+00
1.220000e+00	1.864280e+00
1.221000e+00	1.750908e+00
1.222000e+00	1.630557e+00
1.223000e+00	1.502854e+00
1.224000e+00	1.368821e+00
1.225000e+00	1.256905e+00
1.226000e+00	1.167675e+00
1.227000e+00	1.127447e+00
1.228000e+00	1.166075e+00
1.229000e+00	1.294827e+00
1.230000e+00	1.497417e+00
1.231000e+00	1.740495e+00
1.232000e+00	1.982202e+00
1.233000e+00	2.180454e+00
1.234000e+00	2.299007e+00
1.235000e+00	2.314860e+00
1.236000e+00	2.225879e+00
1.237000e+00	2.054884e+00
1.238000e+00	1.839723e+00
1.239000e+00	1.627350e+00
1.240000e+00	1.444718e+00
1.241000e+00	1.248076e+00
1.242000e+00	1.313893e+00
1.243000e+00	1.409490e+00
1.244000e+00	1.542229e+00
1.245000e+00	1.695602e+00
1.246000e+00	1.857155e+00
1.247000e+00	2.000806e+00
1.248000e+00	2.149183e+00
1.249000e+00	2.286121e+00
1.250000e+00	2.412634e+00
1.251000e+00	2.528410e+00
1.252000e+00	2.612565e+00
1.253000e+00	2.701324e+00
1.254000e+00	2.782028e+00
1.255000e+00	2.855175e+00
1.256000e+00	2.921765e+00
1.257000e+00	2.978690e+00
1.258000e+00	3.031227e+00
1.259000e+00	3.076617e+00
1.260000e+00	3.116357e+00
1.261000e+00	3.150988e+00
1.262000e+00	3.173713e+00
1.263000e+00	3.199808e+00
1.264000e+00	3.216279e+00
1.265000e+00	3.227316e+00
1.266000e+00	3.232999e+00
1.267000e+00	3.233872e+00
1.268000e+00	3.232656e+00
1.269000e+00	3.216863e+00
1.270000e+00	3.200755e+00
1.271000e+00	3.178581e+00
1.272000e+00	3.150580e+00
1.273000e+00	3.115069e+00
1.274000e+00	3.075310e+00
1.275000e+00	3.029114e+00
1.276000e+00	2.974538e+00
1.277000e+00	2.913846e+00
1.278000e+00	2.843020e+00
1.279000e+00	2.767903e+00
1.280000e+00	2.678076e+00
1.281000e+00	2.582168e+00
1.282000e+00	2.473352e+00
1.283000e+00	2.353084e+00
1.284000e+00	2.197806e+00
1.285000e+00	2.041117e+00
1.286000e+00	1.881212e+00
1.287000e+00	1.695514e+00
1.288000e+00	1.493637e+00
1.289000e+00	1.284298e+00
1.290000e+00	1.087467e+00
1.291000e+00	9.504550e-01
1.292000e+00	9.582359e-01
1.293000e+00	1.158145e+00
1.294000e+00	1.519084e+00
1.295000e+00	1.917567e+00
1.296000e+00	2.381082e+00
1.297000e+00	2.748665e+00
1.298000e+00	4.535301e+00
1.299000e+00	2.662122e+00
1.300000e+00	2.677648e+00
1.301000e+00	2.302766e+00
1.302000e+00	1.865130e+00
1.303000e+00	1.450928e+00
1.304000e+00	1.097562e+00
1.305000e+00	8.898811e-01
1.306000e+00	8.575873e-01
1.307000e+00	9.701649e-01
1.308000e+00	1.160415e+00
1.309000e+00	1.366933e+00
1.310000e+00	1.570842e+00
1.311000e+00	1.763893e+00
1.312000e+00	1.941793e+00
1.313000e+00	2.101349e+00
1.314000e+00	2.247754e+00
1.315000e+00	2.379386e+00
1.316000e+00	2.497318e+00
1.317000e+00	2.603959e+00
1.318000e+00	2.698931e+00
1.319000e+00	2.782853e+00
1.320000e+00	2.856799e+00
1.321000e+00	2.935839e+00
1.322000e+00	2.976944e+00
1.323000e+00	3.025433e+00
1.324000e+00	3.064051e+00
1.325000e+00	3.093157e+00
1.326000e+00	3.116844e+00
1.327000e+00	3.133905e+00
1.328000e+00	3.144449e+00
1.329000e+00	3.148052e+00
1.330000e+00	3.145123e+00
1.331000e+00	3.135637e+00
1.332000e+00	3.119543e+00
1.333000e+00	3.098473e+00
1.334000e+00	3.068033e+00
1.335000e+00	3.031851e+00
1.336000e+00	2.989027e+00
1.337000e+00	2.939210e+00
1.338000e+00	2.881909e+00
1.339000e+00	2.817901e+00
1.340000e+00	2.745860e+00
1.341000e+00	2.602070e+00
1.342000e+00	2.515466e+00
1.343000e+00	2.422617e+00
1.344000e+00	2.304105e+00
1.345000e+00	2.192203e+00
1.346000e+00	2.074984e+00
1.347000e+00	2.954822e+00
1.348000e+00	2.767662e+00
1.349000e+00	1.326575e+00
1.350000e+00	1.578616e+00
1.351000e+00	1.425122e+00
1.352000e+00	1.274259e+00
1.353000e+00	1.149698e+00
1.354000e+00	1.042180e+00
1.355000e+00	9.674691e-01
1.356000e+00	9.311141e-01
1.357000e+00	9.297928e-01
1.358000e+00	9.505174e-01
1.359000e+00	9.789292e-01
1.360000e+00	1.000221e+00
1.361000e+00	1.005285e+00
1.362000e+00	9.913122e-01
1.363000e+00	9.601207e-01
1.364000e+00	9.138170e-01
1.365000e+00	8.640541e-01
1.366000e+00	8.259400e-01
1.367000e+00	8.195914e-01
1.368000e+00	8.613872e-01
1.369000e+00	9.479159e-01
1.370000e+00	1.096658e+00
1.371000e+00	4.150994e+00
1.372000e+00	1.405935e+00
1.373000e+00	1.595272e+00
1.374000e+00	1.749383e+00
1.375000e+00	1.919300e+00
1.376000e+00	2.078234e+00
1.377000e+00	2.219980e+00
1.378000e+00	2.350963e+00
1.379000e+00	2.467028e+00
1.380000e+00	2.581129e+00
1.381000e+00	2.680476e+00
1.382000e+00	2.693793e+00
1.383000e+00	2.841252e+00
1.384000e+00	2.909014e+00
1.385000e+00	2.949793e+00
1.386000e+00	3.033526e+00
1.387000e+00	3.055548e+00
1.388000e+00	3.083812e+00
1.389000e+00	3.112213e+00
1.390000e+00	3.116768e+00
1.391000e+00	3.119797e+00
1.392000e+00	3.114367e+00
1.393000e+00	3.101809e+00
1.394000e+00	3.081100e+00
1.395000e+00	3.051021e+00
1.396000e+00	3.012255e+00
1.397000e+00	2.964788e+00
1.398000e+00	2.908062e+00
1.399000e+00	2.841747e+00
1.400000e+00	2.764138e+00
1.401000e+00	3.595060e+00
1.402000e+00	2.571444e+00
1.403000e+00	2.469427e+00
1.404000e+00	2.349393e+00
1.405000e+00	2.217879e+00
1.406000e+00	2.072477e+00
1.407000e+00	1.930962e+00
1.408000e+00	1.780581e+00
1.409000e+00	1.637000e+00
1.410000e+00	1.512673e+00
1.411000e+00	1.428598e+00
1.412000e+00	1.401098e+00
1.413000e+00	1.446232e+00
1.414000e+00	1.557854e+00
1.415000e+00	1.708215e+00
1.416000e+00	1.866214e+00
1.417000e+00	1.997992e+00
1.418000e+00	2.070232e+00
1.419000e+00	2.069130e+00
1.420000e+00	2.000530e+00
1.421000e+00	1.857432e+00
1.422000e+00	1.694567e+00
1.423000e+00	1.537278e+00
1.424000e+00	1.416781e+00
1.425000e+00	1.354843e+00
1.426000e+00	1.357938e+00
1.427000e+00	1.415537e+00
1.428000e+00	1.521996e+00
1.429000e+00	1.617363e+00
1.430000e+00	1.745925e+00
1.431000e+00	1.846822e+00
1.432000e+00	1.972368e+00
1.433000e+00	2.091675e+00
1.434000e+00	2.200436e+00
1.435000e+00	3.176212e+00
1.436000e+00	2.813428e+00
1.437000e+00	2.505293e+00
1.438000e+00	2.582831e+00
1.439000e+00	2.646365e+00
1.440000e+00	2.703578e+00
1.441000e+00	2.752766e+00
1.442000e+00	3.093264e+00
1.443000e+00	2.828009e+00
1.444000e+00	2.871598e+00
1.445000e+00	2.869723e+00
1.446000e+00	6.217891e+00
1.447000e+00	2.881226e+00
1.448000e+00	2.874059e+00
1.449000e+00	2.866432e+00
1.450000e+00	2.849406e+00
1.451000e+00	2.825802e+00
1.452000e+00	2.793315e+00
1.453000e+00	2.759065e+00
1.454000e+00	2.717500e+00
1.455000e+00	2.667136e+00
1.456000e+00	2.612752e+00
1.457000e+00	2.553362e+00
1.458000e+00	2.488566e+00
1.459000e+00	2.418964e+00
1.460000e+00	2.347094e+00
1.461000e+00	2.272501e+00
1.462000e+00	2.197961e+00
1.463000e+00	2.124329e+00
1.464000e+00	2.054525e+00
1.465000e+00	1.991635e+00
1.466000e+00	1.938060e+00
1.467000e+00	1.896853e+00
1.468000e+00	1.867712e+00
1.469000e+00	1.849703e+00
1.470000e+00	1.842752e+00
1.471000e+00	1.841823e+00
1.472000e+00	1.844025e+00
1.473000e+00	1.842535e+00
1.474000e+00	1.833959e+00
1.475000e+00	1.817386e+00
1.476000e+00	1.794925e+00
1.477000e+00	1.775715e+00
1.478000e+00	1.751689e+00
1.479000e+00	1.737843e+00
1.480000e+00	1.739907e+00
1.481000e+00	1.753037e+00
1.482000e+00	1.782931e+00
1.483000e+00	1.820634e+00
1.484000e+00	1.861643e+00
1.485000e+00	1.921323e+00
1.486000e+00	1.979077e+00
1.487000e+00	2.037025e+00
1.488000e+00	2.095215e+00
1.489000e+00	2.149786e+00
1.490000e+00	2.200649e+00
1.491000e+00	2.246510e+00
1.492000e+00	2.287173e+00
1.493000e+00	2.321314e+00
1.494000e+00	2.343766e+00
1.495000e+00	2.372190e+00
1.496000e+00	2.388856e+00
1.497000e+00	2.397382e+00
1.498000e+00	2.401824e+00
1.499000e+00	2.397272e+00
1.500000e+00	2.389240e+00


