"0 degree board impact on joint"

"Time      "	".JOINT_qianhou.Element_Force.Mag"
0.000000e+00	4.212966e+01
1.000000e-03	3.707866e+01
2.000000e-03	3.920289e+01
3.000000e-03	3.997518e+01
4.000000e-03	4.038331e+01
5.000000e-03	4.063903e+01
6.000000e-03	4.081515e+01
7.000000e-03	4.094428e+01
8.000000e-03	4.104266e+01
9.000000e-03	4.111932e+01
1.000000e-02	4.118016e+01
1.100000e-02	4.122864e+01
1.200000e-02	4.126717e+01
1.300000e-02	4.129916e+01
1.400000e-02	4.132657e+01
1.500000e-02	4.135037e+01
1.600000e-02	4.137111e+01
1.700000e-02	4.138923e+01
1.800000e-02	4.140556e+01
1.900000e-02	4.142067e+01
2.000000e-02	4.143494e+01
2.100000e-02	4.144841e+01
2.200000e-02	4.146119e+01
2.300000e-02	4.147342e+01
2.400000e-02	4.148512e+01
2.500000e-02	4.149638e+01
2.600000e-02	4.150712e+01
2.700000e-02	4.151731e+01
2.800000e-02	4.152695e+01
2.900000e-02	4.153612e+01
3.000000e-02	4.154493e+01
3.100000e-02	4.155341e+01
3.200000e-02	4.156160e+01
3.300000e-02	4.156949e+01
3.400000e-02	4.157708e+01
3.500000e-02	4.158437e+01
3.600000e-02	4.159135e+01
3.700000e-02	4.159811e+01
3.800000e-02	4.160462e+01
3.900000e-02	4.161097e+01
4.000000e-02	4.161702e+01
4.100000e-02	4.162290e+01
4.200000e-02	4.162829e+01
4.300000e-02	4.163364e+01
4.400000e-02	4.163852e+01
4.500000e-02	4.164324e+01
4.600000e-02	4.164776e+01
4.700000e-02	4.165223e+01
4.800000e-02	4.165663e+01
4.900000e-02	4.166084e+01
5.000000e-02	4.166489e+01
5.100000e-02	4.166890e+01
5.200000e-02	4.167290e+01
5.300000e-02	4.167694e+01
5.400000e-02	4.168105e+01
5.500000e-02	4.168520e+01
5.600000e-02	4.168937e+01
5.700000e-02	4.169351e+01
5.800000e-02	4.169768e+01
5.900000e-02	4.170187e+01
6.000000e-02	4.170612e+01
6.100000e-02	4.171038e+01
6.200000e-02	4.171463e+01
6.300000e-02	4.171879e+01
6.400000e-02	4.172284e+01
6.500000e-02	4.172677e+01
6.600000e-02	4.173061e+01
6.700000e-02	4.173438e+01
6.800000e-02	4.173809e+01
6.900000e-02	4.174172e+01
7.000000e-02	4.174525e+01
7.100000e-02	4.174866e+01
7.200000e-02	4.175196e+01
7.300000e-02	4.175519e+01
7.400000e-02	4.175834e+01
7.500000e-02	4.176141e+01
7.600000e-02	4.176438e+01
7.700000e-02	4.176721e+01
7.800000e-02	4.176990e+01
7.900000e-02	4.177246e+01
8.000000e-02	4.177491e+01
8.100000e-02	4.177729e+01
8.200000e-02	4.177961e+01
8.300000e-02	4.178185e+01
8.400000e-02	4.178400e+01
8.500000e-02	4.178608e+01
8.600000e-02	4.178810e+01
8.700000e-02	4.179010e+01
8.800000e-02	4.179212e+01
8.900000e-02	4.179415e+01
9.000000e-02	4.179622e+01
9.100000e-02	4.179831e+01
9.200000e-02	4.180044e+01
9.300000e-02	4.180265e+01
9.400000e-02	4.180495e+01
9.500000e-02	4.180736e+01
9.600000e-02	4.180986e+01
9.700000e-02	4.181241e+01
9.800000e-02	4.181498e+01
9.900000e-02	4.181756e+01
1.000000e-01	4.182013e+01
1.010000e-01	4.182267e+01
1.020000e-01	4.182514e+01
1.030000e-01	4.182752e+01
1.040000e-01	4.182975e+01
1.050000e-01	4.183182e+01
1.060000e-01	4.183372e+01
1.070000e-01	4.183547e+01
1.080000e-01	4.183708e+01
1.090000e-01	4.183856e+01
1.100000e-01	4.183992e+01
1.110000e-01	4.184119e+01
1.120000e-01	4.184240e+01
1.130000e-01	4.184360e+01
1.140000e-01	4.184482e+01
1.150000e-01	4.184608e+01
1.160000e-01	4.184738e+01
1.170000e-01	4.184871e+01
1.180000e-01	4.185004e+01
1.190000e-01	4.185138e+01
1.200000e-01	4.185271e+01
1.210000e-01	4.185402e+01
1.220000e-01	4.185530e+01
1.230000e-01	4.185654e+01
1.240000e-01	4.185775e+01
1.250000e-01	4.185894e+01
1.260000e-01	4.186015e+01
1.270000e-01	4.186139e+01
1.280000e-01	4.186270e+01
1.290000e-01	4.186406e+01
1.300000e-01	4.186548e+01
1.310000e-01	4.186694e+01
1.320000e-01	4.186842e+01
1.330000e-01	4.186991e+01
1.340000e-01	4.187137e+01
1.344257e-01	2.574620e+03
1.346759e-01	5.370241e+03
1.349283e-01	1.229738e+03
1.350000e-01	1.776260e+02
1.352520e-01	2.320042e+02
1.355056e-01	2.929254e+02
1.360000e-01	3.934870e+01
1.367407e-01	2.568637e+00
1.370000e-01	2.727099e+00
1.373668e-01	2.426787e+02
1.380000e-01	1.555093e-01
1.383741e-01	1.526256e-01
1.390000e-01	1.470806e-01
1.400000e-01	1.391878e-01
1.410000e-01	1.304908e-01
1.420000e-01	1.209090e-01
1.430000e-01	1.115922e-01
1.440000e-01	1.013055e-01
1.450000e-01	9.497272e-02
1.460000e-01	1.006483e+00
1.470000e-01	7.606272e+00
1.480000e-01	2.115531e+01
1.490000e-01	4.685757e+01
1.500000e-01	4.052665e+01
1.510000e-01	3.246287e+01
1.520000e-01	2.641244e+01
1.530000e-01	2.252675e+01
1.540000e-01	2.056038e+01
1.550000e-01	2.019894e+01
1.560000e-01	2.120924e+01
1.570000e-01	2.347048e+01
1.580000e-01	2.690563e+01
1.590000e-01	3.137217e+01
1.600000e-01	3.653698e+01
1.610000e-01	4.182663e+01
1.620000e-01	4.645334e+01
1.630000e-01	4.979767e+01
1.640000e-01	5.153479e+01
1.650000e-01	5.168800e+01
1.660000e-01	5.041757e+01
1.670000e-01	4.798035e+01
1.680000e-01	4.476479e+01
1.690000e-01	4.128623e+01
1.700000e-01	3.799298e+01
1.710000e-01	3.527182e+01
1.720000e-01	3.336463e+01
1.730000e-01	3.243503e+01
1.740000e-01	3.242360e+01
1.750000e-01	3.341196e+01
1.760000e-01	3.529031e+01
1.770000e-01	3.784806e+01
1.780000e-01	4.079136e+01
1.790000e-01	4.370981e+01
1.800000e-01	4.616605e+01
1.810000e-01	4.782066e+01
1.820000e-01	4.850703e+01
1.830000e-01	4.822014e+01
1.840000e-01	4.705907e+01
1.850000e-01	4.520185e+01
1.860000e-01	4.292300e+01
1.870000e-01	4.054754e+01
1.880000e-01	3.838911e+01
1.890000e-01	3.669873e+01
1.900000e-01	3.564538e+01
1.910000e-01	3.529800e+01
1.920000e-01	3.568629e+01
1.930000e-01	3.673107e+01
1.940000e-01	3.828698e+01
1.950000e-01	4.014007e+01
1.960000e-01	4.201738e+01
1.970000e-01	4.369287e+01
1.980000e-01	4.487516e+01
1.990000e-01	4.557627e+01
2.000000e-01	4.560250e+01
2.010000e-01	4.516544e+01
2.020000e-01	4.426222e+01
2.030000e-01	4.303555e+01
2.040000e-01	4.165067e+01
2.050000e-01	4.028970e+01
2.060000e-01	3.912319e+01
2.070000e-01	3.830676e+01
2.080000e-01	3.793575e+01
2.090000e-01	3.805329e+01
2.100000e-01	3.861342e+01
2.110000e-01	3.956740e+01
2.120000e-01	4.075848e+01
2.130000e-01	4.200369e+01
2.140000e-01	4.312085e+01
2.150000e-01	4.401199e+01
2.160000e-01	4.448599e+01
2.170000e-01	4.462621e+01
2.180000e-01	4.441055e+01
2.190000e-01	4.387237e+01
2.200000e-01	4.306968e+01
2.210000e-01	4.209178e+01
2.220000e-01	4.106053e+01
2.230000e-01	4.011268e+01
2.240000e-01	3.938006e+01
2.250000e-01	3.896112e+01
2.260000e-01	3.890485e+01
2.270000e-01	3.920355e+01
2.280000e-01	3.979346e+01
2.290000e-01	4.052843e+01
2.300000e-01	4.134259e+01
2.310000e-01	4.211992e+01
2.320000e-01	4.267259e+01
2.330000e-01	4.300901e+01
2.340000e-01	4.318026e+01
2.350000e-01	4.314721e+01
2.360000e-01	4.294226e+01
2.370000e-01	4.259175e+01
2.380000e-01	4.212995e+01
2.390000e-01	4.158768e+01
2.400000e-01	4.109157e+01
2.410000e-01	4.068227e+01
2.420000e-01	4.042638e+01
2.430000e-01	4.036414e+01
2.440000e-01	4.050226e+01
2.450000e-01	4.081115e+01
2.460000e-01	4.123170e+01
2.470000e-01	4.168879e+01
2.480000e-01	4.210994e+01
2.490000e-01	4.244164e+01
2.500000e-01	4.265760e+01
2.510000e-01	4.275506e+01
2.520000e-01	4.274350e+01
2.530000e-01	4.263368e+01
2.540000e-01	4.243439e+01
2.550000e-01	4.215772e+01
2.560000e-01	4.182735e+01
2.570000e-01	4.148274e+01
2.580000e-01	4.117492e+01
2.590000e-01	4.095475e+01
2.600000e-01	4.085729e+01
2.610000e-01	4.089091e+01
2.620000e-01	4.103403e+01
2.630000e-01	4.124119e+01
2.640000e-01	4.145773e+01
2.650000e-01	4.163769e+01
2.660000e-01	4.175789e+01
2.670000e-01	4.182273e+01
2.680000e-01	4.187500e+01
2.690000e-01	4.189747e+01
2.700000e-01	4.191214e+01
2.710000e-01	4.189290e+01
2.720000e-01	4.190020e+01
2.730000e-01	4.189217e+01
2.740000e-01	4.186912e+01
2.750000e-01	4.183689e+01
2.760000e-01	4.180894e+01
2.770000e-01	4.179665e+01
2.780000e-01	4.180395e+01
2.790000e-01	4.182336e+01
2.800000e-01	4.183965e+01
2.810000e-01	4.183673e+01
2.820000e-01	4.180634e+01
2.830000e-01	4.175285e+01
2.840000e-01	4.169259e+01
2.850000e-01	4.164742e+01
2.860000e-01	4.163594e+01
2.870000e-01	4.166632e+01
2.880000e-01	4.173358e+01
2.890000e-01	4.182211e+01
2.900000e-01	4.191195e+01
2.910000e-01	4.198600e+01
2.920000e-01	4.203465e+01
2.930000e-01	4.205599e+01
2.940000e-01	4.205233e+01
2.950000e-01	4.202497e+01
2.960000e-01	4.197147e+01
2.970000e-01	4.188725e+01
2.980000e-01	4.176966e+01
2.990000e-01	4.162338e+01
3.000000e-01	4.146348e+01
3.010000e-01	4.131459e+01
3.020000e-01	4.120721e+01
3.030000e-01	4.116826e+01
3.040000e-01	4.121354e+01
3.050000e-01	4.134439e+01
3.060000e-01	4.154719e+01
3.070000e-01	4.179621e+01
3.080000e-01	4.205854e+01
3.090000e-01	4.229955e+01
3.100000e-01	4.248768e+01
3.110000e-01	4.259780e+01
3.120000e-01	4.261354e+01
3.130000e-01	4.252910e+01
3.140000e-01	4.235103e+01
3.150000e-01	4.209910e+01


